0=bubble, 1=heap, 2=insertion, 3=merge, 4=quick, 5=selection
bestAlgorithmPrediction,bestAlgorithmReal
comp	move	total
1,1	5,5	4,4
1,1	5,5	4,4
1,1	5,5	4,4
1,1	5,5	4,4
1,1	5,5	1,4
1,1	5,5	4,4
1,1	5,5	4,4
1,1	5,5	4,4
1,1	5,5	4,4
1,1	5,5	4,4
1,1	5,5	4,4
1,1	5,5	4,4
1,1	5,5	4,4
1,1	5,5	4,4
1,1	5,5	4,4
1,1	5,5	4,4
1,1	5,5	4,4
1,1	5,5	4,4
1,1	5,5	4,4
1,1	5,5	4,4
1,1	5,5	4,4
1,1	5,5	4,4
1,1	5,5	4,4
1,1	5,5	4,4
1,1	5,5	4,4
1,1	5,5	4,4
1,1	5,5	4,4
1,1	5,5	4,4
1,1	5,5	4,4
1,1	5,5	1,4
1,1	5,5	4,4
1,1	5,5	4,4
1,1	5,5	4,4
1,1	5,5	1,4
1,1	5,5	4,1
1,1	5,5	4,4
1,1	5,5	4,4
1,1	5,5	4,4
1,1	5,5	4,4
1,1	5,5	4,4
1,1	5,5	4,4
1,1	5,5	4,4
1,1	5,5	4,4
1,1	5,5	4,4
1,1	5,5	4,4
1,1	5,5	4,4
1,1	5,5	4,4
1,1	5,5	4,4
1,1	5,5	1,4
1,1	5,5	4,4
1,1	5,5	4,4
1,1	5,5	4,4
1,1	5,5	4,4
1,1	5,5	1,4
1,1	5,5	4,4
1,1	5,5	4,4
1,1	5,5	4,4
1,1	5,5	4,4
1,1	5,5	4,4
1,1	5,5	4,4
1,1	5,5	4,4
1,1	5,5	4,4
1,1	5,5	4,4
1,1	5,5	4,4
1,1	5,5	4,4
1,1	5,5	4,4
1,1	5,5	4,4
1,1	5,5	4,4
1,1	5,5	4,4
1,1	5,5	4,4
1,1	5,5	4,4
1,1	5,5	4,4
1,1	5,5	4,4
1,1	5,5	4,4
1,1	5,5	4,4
1,1	5,5	4,4
1,1	5,5	4,4
1,1	5,5	4,4
1,1	5,5	4,4
1,1	5,5	4,4
1,1	5,5	4,4
1,1	5,5	4,4
1,1	5,5	4,4
1,1	5,5	4,4
1,1	5,5	4,4
1,1	5,5	4,4
1,1	5,5	4,4
1,1	5,5	4,4
1,1	5,5	4,4
1,1	5,5	4,4
1,1	5,5	4,4
1,1	5,5	4,4
1,1	5,5	4,4
1,1	5,5	4,4
1,1	5,5	4,4
1,1	5,5	4,4
1,1	5,5	4,4
1,1	5,5	4,4
1,1	5,5	4,4
1,1	5,5	4,4
1,1	5,5	1,1
1,1	5,5	4,4
1,1	5,5	1,1
1,1	5,5	1,1
1,1	5,5	1,1
1,1	5,5	1,1
2,2	5,5	1,4
1,1	5,5	4,4
1,1	5,5	1,1
1,1	5,5	1,1
2,2	5,5	2,2
1,1	5,5	1,1
2,2	5,5	4,4
1,1	5,5	4,4
1,1	5,5	4,4
1,1	5,5	1,4
1,1	5,5	4,4
1,1	5,5	1,1
1,1	5,5	1,4
1,1	5,5	1,1
1,1	5,5	1,1
2,2	5,5	2,2
2,2	5,5	2,2
1,1	5,5	1,4
1,1	5,5	1,1
1,1	5,5	1,1
1,1	5,5	1,1
1,1	5,5	1,4
2,2	5,5	4,4
1,1	5,5	4,4
2,2	5,5	2,2
4,1	5,5	4,4
1,1	5,5	4,4
2,2	5,5	1,4
1,1	5,5	4,4
1,1	5,5	4,4
1,1	5,5	4,4
4,1	5,5	4,4
1,1	5,5	1,1
1,1	5,5	1,4
1,1	5,5	1,4
1,1	5,5	1,1
1,1	5,5	1,1
1,1	5,5	4,4
1,1	5,5	1,1
2,2	5,5	2,2
2,2	5,5	4,4
1,1	5,5	1,1
2,2	5,5	4,4
1,1	5,5	1,1
1,1	5,5	1,1
1,1	5,5	4,4
2,2	5,5	4,4
1,1	5,5	4,4
1,1	5,5	1,1
1,1	5,5	4,4
1,1	5,5	4,4
1,1	5,5	1,4
1,1	5,5	1,1
1,1	5,5	1,1
1,1	5,5	1,1
1,1	5,5	4,4
1,1	5,5	4,4
1,1	5,5	4,4
1,1	5,5	1,1
1,1	5,5	4,4
1,1	5,5	4,4
1,1	5,5	1,4
1,1	5,5	1,1
1,1	5,5	1,4
1,1	5,5	4,4
1,1	5,5	1,1
1,1	5,5	1,1
1,1	5,5	4,4
1,1	5,5	1,1
1,1	5,5	4,4
1,1	5,5	1,4
1,1	5,5	4,4
1,1	5,5	1,1
1,1	5,5	1,1
2,2	5,5	4,4
1,1	5,5	4,4
1,1	5,5	1,4
1,4	5,5	4,4
1,1	5,5	1,1
2,2	5,5	2,2
1,1	5,5	1,1
2,2	5,5	2,2
1,1	5,5	1,1
1,1	5,5	4,4
1,1	5,5	4,4
4,1	5,5	4,4
2,2	5,5	4,4
1,1	5,5	1,1
1,1	5,5	4,4
2,2	5,5	2,2
1,1	5,5	1,1
1,1	5,5	4,4
2,2	5,5	2,2
1,1	5,5	4,4
2,2	5,5	2,2
1,1	5,5	1,1
1,1	5,5	1,1
1,1	5,5	1,1
1,1	5,5	4,4
1,1	5,5	1,1
1,1	5,5	1,1
1,1	5,5	1,1
1,1	5,5	1,1
1,1	5,5	4,4
1,1	5,5	1,1
1,1	5,5	1,1
1,1	5,5	1,4
1,1	5,5	4,4
1,1	5,5	4,4
1,1	5,5	4,4
1,1	5,5	4,4
1,1	5,5	4,4
1,1	5,5	1,1
1,1	5,5	1,4
1,1	5,5	1,4
1,1	5,5	4,4
1,1	5,5	4,4
1,1	5,5	4,4
1,1	5,5	1,1
1,1	5,5	1,1
1,1	5,5	1,4
2,2	5,5	2,4
1,1	5,5	1,1
2,2	5,5	4,4
1,1	5,5	4,4
1,1	5,5	1,1
1,1	5,5	1,1
1,4	5,5	4,4
1,1	5,5	4,4
1,1	5,5	1,1
1,1	5,5	4,4
1,1	5,5	1,1
2,2	5,5	1,4
1,1	5,5	4,4
1,1	5,5	1,1
1,1	5,5	1,1
1,1	5,5	1,1
1,1	5,5	4,4
1,1	5,5	1,4
1,1	5,5	1,1
1,1	5,5	1,1
2,2	5,5	4,4
4,1	5,5	4,4
1,1	5,5	1,1
1,1	5,5	1,1
1,1	5,5	4,4
1,1	5,5	4,4
1,1	5,5	1,1
1,4	5,5	4,4
1,1	5,5	4,4
1,1	5,5	4,4
1,1	5,5	4,4
1,1	5,5	4,4
1,1	5,5	4,4
1,1	5,5	1,4
1,1	5,5	1,4
1,1	5,5	4,4
1,1	5,5	1,4
1,1	5,5	1,1
1,1	5,5	1,1
1,1	5,5	4,1
1,1	5,5	4,4
1,1	5,5	4,4
1,1	5,5	1,4
1,1	5,5	1,1
1,1	5,5	4,4
1,1	5,5	4,4
1,1	5,5	1,1
1,1	5,5	4,4
1,1	5,5	1,1
1,1	5,5	4,4
1,1	5,5	4,4
1,1	5,5	4,4
1,1	5,5	4,4
1,1	5,5	4,4
1,1	5,5	1,4
1,1	5,5	1,4
1,1	5,5	1,1
1,1	5,5	4,4
2,2	4,5	2,4
1,1	5,5	4,4
1,1	5,5	1,1
1,1	5,5	4,1
1,1	5,5	4,4
1,1	5,5	4,4
1,4	5,5	4,4
1,1	5,5	4,4
1,1	5,5	1,4
1,1	5,5	1,1
1,1	5,5	1,4
1,1	5,5	1,4
1,1	5,5	4,4
1,1	5,5	1,4
2,2	5,5	1,1
1,1	5,5	1,4
1,1	5,5	1,4
1,1	5,5	1,1
1,1	5,5	4,4
1,1	5,5	1,1
1,1	5,5	1,1
1,1	5,5	4,4
1,1	5,5	1,1
1,1	5,5	4,4
1,1	5,5	4,4
1,1	5,5	4,4
1,1	5,5	1,4
1,1	5,5	4,4
2,1	5,5	4,4
1,1	5,5	4,4
1,1	5,5	1,1
1,1	5,5	4,4
1,1	5,5	1,1
1,1	5,5	1,4
1,1	5,5	1,1
1,1	5,5	1,1
1,1	5,5	1,1
1,1	5,5	4,4
1,1	5,5	1,1
1,1	5,5	4,4
1,1	5,5	4,4
1,1	5,5	1,4
1,1	5,5	4,4
1,1	5,5	1,1
1,1	5,5	1,4
1,1	5,5	1,4
1,1	5,5	1,4
1,1	5,5	1,4
1,1	5,5	1,1
1,4	5,5	4,4
1,1	5,5	1,4
1,1	5,5	4,4
1,1	5,5	4,4
1,1	5,5	4,4
1,1	5,5	4,4
1,1	5,5	4,4
1,1	5,5	4,4
1,1	5,5	1,4
1,1	5,5	4,4
1,1	5,5	1,1
1,1	5,5	4,1
1,1	5,5	1,1
1,1	5,5	4,4
1,1	5,5	4,4
1,1	5,5	4,4
1,1	5,5	4,4
1,1	5,5	4,4
1,1	5,5	4,4
1,1	5,5	4,4
1,1	5,5	1,1
1,4	5,5	4,4
1,1	5,5	4,4
1,1	5,5	1,4
1,1	5,5	4,4
1,1	5,5	4,1
1,1	5,5	1,4
4,1	5,5	4,4
1,1	5,5	4,4
1,1	5,5	4,4
1,1	5,5	1,4
1,1	5,5	1,1
1,1	5,5	1,1
1,1	5,5	4,4
1,1	5,5	4,4
1,1	5,5	1,4
1,1	5,5	1,4
1,1	5,5	4,4
1,1	5,5	1,1
1,1	5,5	4,4
1,1	5,5	1,1
1,1	5,5	4,4
1,1	5,5	1,4
1,1	5,5	1,4
1,1	5,5	4,4
1,1	5,5	4,4
1,1	5,5	4,4
1,1	5,5	1,1
1,1	5,5	1,1
1,1	5,5	1,1
1,1	5,5	1,1
1,1	5,5	1,1
1,1	5,5	4,4
1,1	5,5	1,1
1,1	5,5	1,4
1,1	5,5	4,4
1,1	5,5	1,4
1,1	5,5	4,4
1,1	5,5	4,4
1,1	5,5	1,1
2,2	5,5	4,4
1,1	5,5	1,1
1,1	5,5	4,4
1,1	5,5	1,1
1,1	5,5	1,4
1,1	5,5	1,1
1,1	5,5	1,1
1,1	5,5	4,4
1,1	5,5	4,4
1,1	5,5	4,4
1,1	5,5	1,1
1,1	5,5	4,4
1,1	5,5	1,1
1,1	5,5	4,4
1,1	5,5	4,4
1,1	5,5	4,4
1,1	5,5	1,4
1,1	5,5	1,1
1,1	5,5	4,4
1,1	5,5	1,1
1,1	5,5	4,4
1,4	5,5	4,4
2,2	5,5	1,1
1,1	5,5	4,4
1,1	5,5	1,1
1,1	5,5	1,4
1,1	5,5	1,4
1,1	5,5	1,4
1,1	5,5	1,1
1,1	5,5	1,4
1,1	5,5	4,4
1,1	5,5	1,4
1,1	5,5	1,4
1,1	5,5	1,4
1,1	5,5	1,1
1,1	5,5	1,1
1,1	5,5	4,4
1,4	5,5	4,4
1,2	5,5	1,1
1,1	5,5	1,4
1,1	5,5	4,4
1,1	5,5	4,4
1,1	5,5	1,4
1,1	5,5	1,1
1,1	5,5	1,1
1,1	5,5	1,1
1,1	5,5	4,4
1,1	5,5	1,1
1,1	5,5	1,1
1,1	5,5	4,4
1,1	5,5	4,4
1,1	5,5	1,4
1,1	5,5	4,1
1,1	5,5	4,4
1,1	5,5	1,1
1,1	5,5	4,4
1,1	5,5	4,4
1,1	5,5	1,4
1,1	5,5	4,4
1,1	5,5	4,4
1,1	5,5	1,4
1,1	5,5	1,4
1,1	5,5	1,4
1,2	5,5	1,2
1,1	5,5	4,4
4,4	5,5	4,4
1,1	5,5	4,4
1,1	5,5	1,1
1,1	5,5	4,4
1,1	5,5	4,4
1,1	5,5	1,1
1,1	5,5	1,4
1,1	5,5	1,1
1,1	5,5	1,1
1,1	5,5	1,4
1,1	5,5	1,4
1,1	5,5	4,4
1,1	5,5	1,1
1,1	5,5	4,4
1,1	5,5	4,4
1,1	5,5	1,1
1,1	5,5	4,4
1,1	5,5	4,4
1,1	5,5	4,4
1,1	5,5	1,4
1,1	5,5	4,4
1,1	5,5	4,4
1,1	5,5	1,4
1,4	5,5	4,4
1,1	5,5	1,4
4,1	5,5	4,4
1,1	5,5	4,4
1,1	5,5	1,1
1,1	5,5	4,4
1,1	5,5	4,4
1,1	5,5	4,4
1,1	5,5	4,4
1,1	5,5	1,4
1,1	5,5	1,4
1,1	5,5	1,1
1,1	5,5	1,1
2,2	5,5	4,4
1,1	5,5	1,1
1,1	5,5	4,4
1,1	5,5	4,4
1,1	5,5	4,4
