0.31722	-0.91958	0.31722	-0.09212	-0.96018	-0.99
0.26268	-0.91932	0.26268	-0.09304	-0.95992	-0.99
0.26706	-0.91922	0.26706	-0.09278	-0.96142	-0.99
0.29482	-0.91906	0.29482	-0.09296	-0.96038	-0.99
0.2637	-0.91918	0.2637	-0.0926	-0.95966	-0.99
0.26158	-0.91962	0.26158	-0.09298	-0.96048	-0.99
0.25054	-0.9193	0.25054	-0.09262	-0.95948	-0.99
0.24038	-0.9195	0.24038	-0.09306	-0.96144	-0.99
0.2232	-0.91944	0.2232	-0.09352	-0.95938	-0.99
0.2531	-0.91862	0.2531	-0.09326	-0.95958	-0.99
0.21918	-0.91958	0.21918	-0.09262	-0.9605	-0.99
0.2314	-0.91892	0.2314	-0.0932	-0.96156	-0.99
0.26106	-0.91906	0.26106	-0.0921	-0.9601	-0.99
0.22424	-0.91908	0.22424	-0.09304	-0.96112	-0.99
0.21176	-0.91904	0.21176	-0.09372	-0.96104	-0.99
0.28312	-0.91908	0.28312	-0.09332	-0.95996	-0.99
0.25124	-0.91908	0.25124	-0.09396	-0.96	-0.99
0.23114	-0.9189	0.23114	-0.09314	-0.95968	-0.99
0.29996	-0.9192	0.29996	-0.09304	-0.96122	-0.99
0.23198	-0.91922	0.23198	-0.09358	-0.96	-0.99
0.25708	-0.91944	0.25708	-0.09344	-0.96002	-0.99
0.2506	-0.91916	0.2506	-0.09256	-0.96034	-0.99
0.20956	-0.91932	0.20956	-0.09296	-0.9602	-0.99
0.2943	-0.91954	0.2943	-0.09302	-0.9596	-0.99
0.27594	-0.91922	0.27594	-0.09288	-0.96028	-0.99
0.19554	-0.9195	0.19554	-0.09266	-0.96054	-0.99
0.24108	-0.91892	0.24108	-0.09304	-0.96124	-0.99
0.23716	-0.91936	0.23716	-0.0928	-0.9601	-0.99
0.25388	-0.91888	0.25388	-0.09282	-0.96036	-0.99
0.23502	-0.9187	0.23502	-0.09326	-0.9593	-0.99
0.20908	-0.91904	0.20908	-0.09372	-0.96008	-0.99
0.26156	-0.919	0.26156	-0.09336	-0.95986	-0.99
0.21814	-0.91918	0.21814	-0.09256	-0.96008	-0.99
0.26636	-0.91972	0.26636	-0.09378	-0.96134	-0.99
0.29502	-0.91982	0.29502	-0.093	-0.95956	-0.99
0.23424	-0.91944	0.23424	-0.09324	-0.96052	-0.99
0.26962	-0.91942	0.26962	-0.09338	-0.96128	-0.99
0.237	-0.91968	0.237	-0.09362	-0.96012	-0.99
0.28048	-0.91936	0.28048	-0.09256	-0.96074	-0.99
0.24668	-0.91928	0.24668	-0.09294	-0.96074	-0.99
0.19906	-0.91898	0.19906	-0.09336	-0.96104	-0.99
0.22554	-0.91914	0.22554	-0.09364	-0.96144	-0.99
0.18422	-0.91938	0.18422	-0.09348	-0.9603	-0.99
0.24088	-0.9196	0.24088	-0.0933	-0.96054	-0.99
0.21374	-0.91934	0.21374	-0.09356	-0.96086	-0.99
0.2371	-0.91986	0.2371	-0.0929	-0.96076	-0.99
0.25836	-0.91948	0.25836	-0.09318	-0.96066	-0.99
0.28612	-0.9192	0.28612	-0.09416	-0.95902	-0.99
0.28608	-0.91892	0.28608	-0.0927	-0.95856	-0.99
0.29072	-0.91944	0.29072	-0.09386	-0.9597	-0.99
0.30286	-0.91962	0.30286	-0.0935	-0.96168	-0.99
0.20514	-0.9189	0.20514	-0.09314	-0.95938	-0.99
0.19218	-0.91902	0.19218	-0.09268	-0.95926	-0.99
0.2517	-0.91906	0.2517	-0.09328	-0.9599	-0.99
0.21138	-0.91886	0.21138	-0.093	-0.96026	-0.99
0.25446	-0.91942	0.25446	-0.09388	-0.96042	-0.99
0.2554	-0.91924	0.2554	-0.0924	-0.9594	-0.99
0.26654	-0.91922	0.26654	-0.09316	-0.95996	-0.99
0.2641	-0.91894	0.2641	-0.09306	-0.9599	-0.99
0.21298	-0.91878	0.21298	-0.09338	-0.95908	-0.99
0.26344	-0.91984	0.26344	-0.0924	-0.9596	-0.99
0.29764	-0.9194	0.29764	-0.09324	-0.96082	-0.99
0.18948	-0.91944	0.18948	-0.09316	-0.95954	-0.99
0.27672	-0.9196	0.27672	-0.0923	-0.96012	-0.99
0.18544	-0.91908	0.18544	-0.09356	-0.96032	-0.99
0.22642	-0.91894	0.22642	-0.09278	-0.95966	-0.99
0.2516	-0.91928	0.2516	-0.0939	-0.95954	-0.99
0.20546	-0.91898	0.20546	-0.09346	-0.96128	-0.99
0.25744	-0.9188	0.25744	-0.09282	-0.9599	-0.99
0.20716	-0.91888	0.20716	-0.09314	-0.95968	-0.99
0.24584	-0.91932	0.24584	-0.0931	-0.9608	-0.99
0.20148	-0.91952	0.20148	-0.09324	-0.96002	-0.99
0.23334	-0.91902	0.23334	-0.09282	-0.96098	-0.99
0.1621	-0.91882	0.1621	-0.09288	-0.96094	-0.99
0.213	-0.9188	0.213	-0.09276	-0.96096	-0.99
0.23382	-0.91878	0.23382	-0.09298	-0.96162	-0.99
0.21234	-0.9195	0.21234	-0.09312	-0.96106	-0.99
0.25558	-0.91954	0.25558	-0.09304	-0.95988	-0.99
0.17122	-0.91874	0.17122	-0.09306	-0.96038	-0.99
0.32926	-0.91946	0.32926	-0.09306	-0.9606	-0.99
0.22338	-0.91918	0.22338	-0.0932	-0.96016	-0.99
0.2707	-0.9193	0.2707	-0.0931	-0.95988	-0.99
0.1991	-0.91894	0.1991	-0.09318	-0.96028	-0.99
0.2678	-0.91936	0.2678	-0.09286	-0.95966	-0.99
0.2252	-0.91904	0.2252	-0.0934	-0.95958	-0.99
0.24964	-0.91928	0.24964	-0.0931	-0.95938	-0.99
0.25108	-0.91884	0.25108	-0.0933	-0.96032	-0.99
0.23518	-0.9191	0.23518	-0.0928	-0.96004	-0.99
0.21182	-0.91882	0.21182	-0.0932	-0.9599	-0.99
0.23986	-0.91918	0.23986	-0.09298	-0.9593	-0.99
0.25872	-0.91964	0.25872	-0.0932	-0.96006	-0.99
0.27162	-0.91946	0.27162	-0.0935	-0.95966	-0.99
0.21848	-0.91912	0.21848	-0.09282	-0.95988	-0.99
0.16564	-0.91848	0.16564	-0.09332	-0.95982	-0.99
0.24812	-0.9194	0.24812	-0.09382	-0.95978	-0.99
0.31426	-0.9201	0.31426	-0.09316	-0.96012	-0.99
0.24006	-0.91854	0.24006	-0.0937	-0.9596	-0.99
0.23544	-0.91868	0.23544	-0.09308	-0.96112	-0.99
0.25264	-0.92004	0.25264	-0.09286	-0.95912	-0.99
0.20362	-0.91914	0.20362	-0.09198	-0.96038	-0.99
0.23996	-0.91868	0.23996	-0.0932	-0.9602	-0.99
0.24166	-0.9191	0.24166	-0.0929	-0.96054	-0.99
0.2925	-0.91922	0.2925	-0.0924	-0.96046	-0.99
0.28244	-0.91916	0.28244	-0.09234	-0.96064	-0.99
0.25366	-0.9189	0.25366	-0.0931	-0.9609	-0.99
0.32776	-0.91904	0.32776	-0.09314	-0.95986	-0.99
0.20866	-0.91954	0.20866	-0.0933	-0.96076	-0.99
0.2952	-0.9188	0.2952	-0.0929	-0.96004	-0.99
0.29342	-0.91878	0.29342	-0.09304	-0.95962	-0.99
0.22858	-0.91878	0.22858	-0.09312	-0.9597	-0.99
0.2538	-0.91924	0.2538	-0.0935	-0.96002	-0.99
0.23986	-0.91958	0.23986	-0.09342	-0.96006	-0.99
0.25662	-0.92006	0.25662	-0.09336	-0.95998	-0.99
0.31982	-0.91946	0.31982	-0.09284	-0.9597	-0.99
0.22366	-0.91866	0.22366	-0.09268	-0.95908	-0.99
0.25276	-0.91924	0.25276	-0.09266	-0.95936	-0.99
0.18152	-0.91852	0.18152	-0.0925	-0.96096	-0.99
0.24514	-0.91914	0.24514	-0.0931	-0.95988	-0.99
0.27386	-0.91886	0.27386	-0.0927	-0.9607	-0.99
0.34942	-0.91978	0.34942	-0.09326	-0.96162	-0.99
0.33538	-0.91962	0.33538	-0.09298	-0.95996	-0.99
0.22846	-0.91898	0.22846	-0.09418	-0.95884	-0.99
0.21034	-0.91866	0.21034	-0.09288	-0.9607	-0.99
0.22522	-0.91934	0.22522	-0.09348	-0.9599	-0.99
0.27528	-0.91872	0.27528	-0.0932	-0.95962	-0.99
0.29342	-0.91902	0.29342	-0.093	-0.9603	-0.99
0.27198	-0.91894	0.27198	-0.09378	-0.96086	-0.99
0.24332	-0.91948	0.24332	-0.09318	-0.9601	-0.99
0.2467	-0.91882	0.2467	-0.0928	-0.95952	-0.99
0.21186	-0.91914	0.21186	-0.0928	-0.95978	-0.99
0.16816	-0.9188	0.16816	-0.09318	-0.96246	-0.99
0.24134	-0.91914	0.24134	-0.09276	-0.96028	-0.99
0.30454	-0.91914	0.30454	-0.0928	-0.96052	-0.99
0.2135	-0.91806	0.2135	-0.09304	-0.9599	-0.99
0.26712	-0.9192	0.26712	-0.09326	-0.96028	-0.99
0.28234	-0.91886	0.28234	-0.0932	-0.96094	-0.99
0.24786	-0.91918	0.24786	-0.09302	-0.9597	-0.99
0.25094	-0.91898	0.25094	-0.09306	-0.96078	-0.99
0.20056	-0.9192	0.20056	-0.09304	-0.96058	-0.99
0.26134	-0.91902	0.26134	-0.09274	-0.95974	-0.99
0.23656	-0.9194	0.23656	-0.09284	-0.95978	-0.99
0.2699	-0.91926	0.2699	-0.09314	-0.9609	-0.99
0.22914	-0.9191	0.22914	-0.09322	-0.96118	-0.99
0.2405	-0.9191	0.2405	-0.09348	-0.96036	-0.99
0.30358	-0.91938	0.30358	-0.09296	-0.95974	-0.99
0.22136	-0.91892	0.22136	-0.09356	-0.96108	-0.99
0.27028	-0.91928	0.27028	-0.09342	-0.9613	-0.99
0.28216	-0.91952	0.28216	-0.09328	-0.95958	-0.99
0.22086	-0.91858	0.22086	-0.09304	-0.96014	-0.99
0.21884	-0.91892	0.21884	-0.09348	-0.9613	-0.99
0.24348	-0.91936	0.24348	-0.09368	-0.95908	-0.99
0.22022	-0.9193	0.22022	-0.09334	-0.96148	-0.99
0.33758	-0.91938	0.33758	-0.09296	-0.96084	-0.99
0.28464	-0.91992	0.28464	-0.09266	-0.95902	-0.99
0.22424	-0.9198	0.22424	-0.09222	-0.96002	-0.99
0.23322	-0.91902	0.23322	-0.09238	-0.96084	-0.99
0.22234	-0.91906	0.22234	-0.09314	-0.96096	-0.99
0.24764	-0.91836	0.24764	-0.0932	-0.96036	-0.99
0.18366	-0.91954	0.18366	-0.093	-0.96144	-0.99
0.27904	-0.91912	0.27904	-0.09378	-0.9608	-0.99
0.25898	-0.91942	0.25898	-0.09356	-0.95918	-0.99
0.25434	-0.9189	0.25434	-0.09266	-0.95984	-0.99
0.21038	-0.91894	0.21038	-0.09336	-0.9621	-0.99
0.22688	-0.91944	0.22688	-0.09262	-0.96122	-0.99
0.20656	-0.9188	0.20656	-0.09368	-0.9602	-0.99
0.23216	-0.91844	0.23216	-0.0931	-0.95928	-0.99
0.22614	-0.91854	0.22614	-0.09284	-0.9604	-0.99
0.29404	-0.91956	0.29404	-0.09314	-0.95926	-0.99
0.25156	-0.91876	0.25156	-0.09256	-0.9601	-0.99
0.20334	-0.91834	0.20334	-0.09248	-0.95924	-0.99
0.25538	-0.91918	0.25538	-0.09286	-0.9595	-0.99
0.27664	-0.91856	0.27664	-0.09306	-0.96006	-0.99
0.3211	-0.91902	0.3211	-0.09278	-0.96036	-0.99
0.2682	-0.91932	0.2682	-0.09364	-0.95956	-0.99
0.2985	-0.91926	0.2985	-0.09286	-0.96036	-0.99
0.19688	-0.9192	0.19688	-0.09282	-0.96066	-0.99
0.31042	-0.91954	0.31042	-0.0929	-0.96064	-0.99
0.28974	-0.91898	0.28974	-0.09342	-0.9593	-0.99
0.31592	-0.91988	0.31592	-0.09398	-0.9596	-0.99
0.25284	-0.91936	0.25284	-0.09324	-0.96092	-0.99
0.27908	-0.91892	0.27908	-0.09318	-0.96078	-0.99
0.21682	-0.91902	0.21682	-0.0927	-0.96104	-0.99
0.20058	-0.9189	0.20058	-0.09336	-0.9587	-0.99
0.2085	-0.91886	0.2085	-0.09358	-0.9601	-0.99
0.23918	-0.91894	0.23918	-0.09276	-0.95994	-0.99
0.24596	-0.9192	0.24596	-0.0941	-0.96046	-0.99
0.27244	-0.9198	0.27244	-0.09324	-0.9599	-0.99
0.26178	-0.91922	0.26178	-0.09302	-0.95962	-0.99
0.28148	-0.91952	0.28148	-0.093	-0.95874	-0.99
0.20616	-0.91916	0.20616	-0.09292	-0.95986	-0.99
0.25526	-0.9191	0.25526	-0.09292	-0.96018	-0.99
0.18458	-0.91898	0.18458	-0.09276	-0.96194	-0.99
0.26068	-0.91916	0.26068	-0.0935	-0.95988	-0.99
0.25826	-0.91914	0.25826	-0.0934	-0.9618	-0.99
0.28456	-0.91904	0.28456	-0.09352	-0.95904	-0.99
0.27426	-0.91938	0.27426	-0.0926	-0.95976	-0.99
0.2891	-0.9191	0.2891	-0.09346	-0.95856	-0.99
0.24478	-0.91914	0.24478	-0.09366	-0.9596	-0.99
0.23066	-0.91858	0.23066	-0.09244	-0.96144	-0.99
0.233	-0.91904	0.233	-0.0939	-0.95942	-0.99
0.24234	-0.91926	0.24234	-0.09368	-0.961	-0.99
0.22152	-0.91932	0.22152	-0.0926	-0.9614	-0.99
0.1718	-0.91904	0.1718	-0.09292	-0.96122	-0.99
0.20772	-0.91908	0.20772	-0.0932	-0.95936	-0.99
0.22938	-0.91846	0.22938	-0.09278	-0.96018	-0.99
0.263	-0.91876	0.263	-0.09312	-0.96006	-0.99
0.2477	-0.9191	0.2477	-0.0929	-0.95986	-0.99
0.20918	-0.91946	0.20918	-0.09362	-0.96086	-0.99
0.2521	-0.9189	0.2521	-0.09252	-0.95962	-0.99
0.28064	-0.9192	0.28064	-0.09268	-0.96128	-0.99
0.23434	-0.91946	0.23434	-0.0925	-0.96082	-0.99
0.26074	-0.91906	0.26074	-0.09256	-0.96026	-0.99
0.2801	-0.91914	0.2801	-0.0928	-0.95986	-0.99
0.27928	-0.919	0.27928	-0.09278	-0.96036	-0.99
0.25446	-0.91914	0.25446	-0.093	-0.95968	-0.99
0.25558	-0.91926	0.25558	-0.09376	-0.96068	-0.99
0.27242	-0.91934	0.27242	-0.09392	-0.96048	-0.99
0.2278	-0.91944	0.2278	-0.0928	-0.95866	-0.99
0.28088	-0.91932	0.28088	-0.09284	-0.95964	-0.99
0.20486	-0.91898	0.20486	-0.09296	-0.96074	-0.99
0.26006	-0.91898	0.26006	-0.09266	-0.96042	-0.99
0.27012	-0.9194	0.27012	-0.09236	-0.9591	-0.99
0.23728	-0.91948	0.23728	-0.09302	-0.96142	-0.99
0.17402	-0.91842	0.17402	-0.09292	-0.96198	-0.99
0.2528	-0.91884	0.2528	-0.0927	-0.96076	-0.99
0.21398	-0.91878	0.21398	-0.09336	-0.96086	-0.99
0.25112	-0.91948	0.25112	-0.09276	-0.96028	-0.99
0.27878	-0.91902	0.27878	-0.0935	-0.96094	-0.99
0.21694	-0.91866	0.21694	-0.0929	-0.96054	-0.99
0.25472	-0.91936	0.25472	-0.09366	-0.95972	-0.99
0.24476	-0.91876	0.24476	-0.09264	-0.96082	-0.99
0.22256	-0.91924	0.22256	-0.09244	-0.96036	-0.99
0.2131	-0.91882	0.2131	-0.09328	-0.96078	-0.99
0.23668	-0.91884	0.23668	-0.09292	-0.96172	-0.99
0.31994	-0.91938	0.31994	-0.0932	-0.96342	-0.99
0.2614	-0.91948	0.2614	-0.09236	-0.96076	-0.99
0.28816	-0.919	0.28816	-0.09256	-0.96062	-0.99
0.22662	-0.9195	0.22662	-0.0931	-0.95952	-0.99
0.30212	-0.91908	0.30212	-0.09316	-0.9609	-0.99
0.2015	-0.91838	0.2015	-0.09266	-0.95984	-0.99
0.28192	-0.91936	0.28192	-0.0927	-0.96018	-0.99
0.21296	-0.91876	0.21296	-0.09308	-0.95884	-0.99
0.18338	-0.91914	0.18338	-0.09344	-0.9597	-0.99
0.2224	-0.91868	0.2224	-0.09264	-0.96066	-0.99
0.22198	-0.9191	0.22198	-0.0938	-0.9614	-0.99
0.23216	-0.91908	0.23216	-0.0933	-0.96054	-0.99
0.2646	-0.9196	0.2646	-0.09348	-0.95894	-0.99
0.20048	-0.91912	0.20048	-0.0929	-0.95996	-0.99
0.29596	-0.91932	0.29596	-0.09304	-0.9606	-0.99
0.19124	-0.91872	0.19124	-0.09278	-0.96142	-0.99
0.25264	-0.91924	0.25264	-0.09338	-0.96058	-0.99
0.26046	-0.91882	0.26046	-0.09306	-0.95996	-0.99
0.2509	-0.9191	0.2509	-0.09324	-0.96152	-0.99
0.29856	-0.91876	0.29856	-0.09374	-0.96008	-0.99
0.27618	-0.91906	0.27618	-0.09376	-0.96092	-0.99
0.28444	-0.91912	0.28444	-0.09376	-0.96044	-0.99
0.31826	-0.91922	0.31826	-0.09276	-0.95954	-0.99
0.27448	-0.91952	0.27448	-0.09266	-0.95984	-0.99
0.28936	-0.919	0.28936	-0.09262	-0.96092	-0.99
0.25162	-0.91926	0.25162	-0.0928	-0.95982	-0.99
0.2906	-0.91904	0.2906	-0.09248	-0.95918	-0.99
0.226	-0.91932	0.226	-0.09236	-0.95954	-0.99
0.28248	-0.91908	0.28248	-0.09286	-0.9603	-0.99
0.2587	-0.91954	0.2587	-0.09322	-0.9602	-0.99
0.17208	-0.91892	0.17208	-0.09262	-0.96028	-0.99
0.21922	-0.91938	0.21922	-0.09384	-0.96044	-0.99
0.18492	-0.91916	0.18492	-0.0923	-0.96086	-0.99
0.19538	-0.91978	0.19538	-0.09364	-0.95996	-0.99
0.25292	-0.91888	0.25292	-0.09318	-0.96004	-0.99
0.23998	-0.91906	0.23998	-0.09234	-0.95978	-0.99
0.17676	-0.91892	0.17676	-0.09314	-0.96078	-0.99
0.17314	-0.91918	0.17314	-0.09292	-0.95986	-0.99
0.27606	-0.91886	0.27606	-0.09296	-0.9613	-0.99
0.1999	-0.9195	0.1999	-0.09304	-0.96172	-0.99
0.23952	-0.91916	0.23952	-0.09314	-0.95988	-0.99
0.2299	-0.91886	0.2299	-0.09308	-0.96036	-0.99
0.28616	-0.91872	0.28616	-0.09252	-0.9595	-0.99
0.2168	-0.91884	0.2168	-0.0929	-0.96	-0.99
0.23188	-0.9196	0.23188	-0.09264	-0.96056	-0.99
0.16304	-0.91932	0.16304	-0.09262	-0.96002	-0.99
0.21744	-0.91908	0.21744	-0.09306	-0.9602	-0.99
0.22648	-0.91892	0.22648	-0.09342	-0.9608	-0.99
0.19956	-0.91924	0.19956	-0.0934	-0.96046	-0.99
0.2872	-0.91964	0.2872	-0.0926	-0.96128	-0.99
0.23602	-0.9193	0.23602	-0.09308	-0.95944	-0.99
0.26586	-0.91918	0.26586	-0.09262	-0.95964	-0.99
0.33764	-0.91996	0.33764	-0.09274	-0.9614	-0.99
0.12704	-0.91836	0.12704	-0.09348	-0.9612	-0.99
0.22654	-0.9187	0.22654	-0.09238	-0.96116	-0.99
0.23832	-0.91892	0.23832	-0.09276	-0.9605	-0.99
0.27266	-0.91894	0.27266	-0.0931	-0.9587	-0.99
0.1955	-0.91898	0.1955	-0.09268	-0.95974	-0.99
0.24478	-0.91946	0.24478	-0.0928	-0.9613	-0.99
0.19626	-0.91894	0.19626	-0.09322	-0.96054	-0.99
0.1961	-0.91922	0.1961	-0.09352	-0.96098	-0.99
0.24184	-0.91908	0.24184	-0.09302	-0.95828	-0.99
0.2813	-0.91938	0.2813	-0.09274	-0.96052	-0.99
0.21918	-0.91894	0.21918	-0.09274	-0.96116	-0.99
0.21904	-0.91884	0.21904	-0.09324	-0.9598	-0.99
0.2341	-0.91954	0.2341	-0.09318	-0.96002	-0.99
1.2141	-0.92454	1.2141	-0.10034	-0.96314	-0.99
1.26798	-0.92478	1.26798	-0.10182	-0.9635	-0.99
1.23682	-0.92438	1.23682	-0.10064	-0.96416	-0.99
0.18642	-0.91842	0.18642	-0.09322	-0.95908	-0.99
-0.782	-0.91636	-0.782	-0.10112	-0.96932	-0.99
0.9042	-0.92272	0.9042	-0.09448	-0.95972	-0.99
-0.60028	-0.91704	-0.60028	-0.09648	-0.96656	-0.99
1.20366	-0.92426	1.20366	-0.09914	-0.96198	-0.99
-0.73694	-0.91666	-0.73694	-0.09892	-0.9691	-0.99
-0.2342	-0.91744	-0.2342	-0.09378	-0.96172	-0.99
-0.77806	-0.9163	-0.77806	-0.10056	-0.97052	-0.99
-0.90332	-0.91592	-0.90332	-0.10616	-0.97522	-0.99
1.2492	-0.92432	1.2492	-0.10136	-0.96196	-0.99
1.26516	-0.9248	1.26516	-0.10154	-0.96294	-0.99
1.19692	-0.92412	1.19692	-0.1006	-0.96262	-0.99
1.25238	-0.92502	1.25238	-0.10148	-0.96452	-0.99
1.35788	-0.92556	1.35788	-0.1058	-0.96746	-0.99
1.36158	-0.92582	1.36158	-0.1062	-0.96648	-0.99
-0.29612	-0.9172	-0.29612	-0.09256	-0.96256	-0.99
-0.92428	-0.91564	-0.92428	-0.10796	-0.97674	-0.99
-0.86514	-0.91642	-0.86514	-0.10326	-0.97284	-0.99
1.18506	-0.92346	1.18506	-0.10102	-0.96156	-0.99
0.80436	-0.92212	0.80436	-0.09512	-0.96024	-0.99
0.55098	-0.92074	0.55098	-0.09294	-0.95934	-0.99
0.97832	-0.92276	0.97832	-0.09624	-0.96034	-0.99
1.23912	-0.92432	1.23912	-0.10036	-0.9636	-0.99
1.46098	-0.92626	1.46098	-0.11604	-0.97462	-0.99
0.51108	-0.91972	0.51108	-0.09352	-0.95936	-0.99
1.06656	-0.92336	1.06656	-0.09746	-0.9614	-0.99
1.2559	-0.92454	1.2559	-0.10048	-0.96334	-0.99
-0.3918	-0.91704	-0.3918	-0.0945	-0.96358	-0.99
0.75098	-0.92146	0.75098	-0.0943	-0.96016	-0.99
-0.8822	-0.91624	-0.8822	-0.10374	-0.97344	-0.99
1.13468	-0.92308	1.13468	-0.09756	-0.96262	-0.99
-0.62322	-0.9167	-0.62322	-0.09642	-0.96594	-0.99
1.34332	-0.925	1.34332	-0.10606	-0.9662	-0.99
-0.48876	-0.91668	-0.48876	-0.0958	-0.9658	-0.99
1.1455	-0.92354	1.1455	-0.09888	-0.9628	-0.99
1.2643	-0.9245	1.2643	-0.10176	-0.96464	-0.99
1.17132	-0.92384	1.17132	-0.09914	-0.96238	-0.99
-0.7	-0.91624	-0.7	-0.09894	-0.96854	-0.99
-0.24098	-0.91778	-0.24098	-0.09508	-0.96224	-0.99
0.96884	-0.92284	0.96884	-0.09588	-0.96122	-0.99
0.993	-0.923	0.993	-0.09518	-0.96004	-0.99
-0.68166	-0.91694	-0.68166	-0.09736	-0.96706	-0.99
0.5667	-0.92054	0.5667	-0.0941	-0.9602	-0.99
1.26344	-0.92444	1.26344	-0.1005	-0.96296	-0.99
1.26984	-0.92464	1.26984	-0.10224	-0.96454	-0.99
-0.86674	-0.91598	-0.86674	-0.1054	-0.97302	-0.99
-0.61782	-0.91626	-0.61782	-0.09676	-0.96596	-0.99
1.30748	-0.92492	1.30748	-0.10378	-0.96394	-0.99
1.17072	-0.92372	1.17072	-0.09984	-0.96372	-0.99
-0.8664	-0.91616	-0.8664	-0.10426	-0.97194	-0.99
0.60632	-0.921	0.60632	-0.09378	-0.95946	-0.99
1.27948	-0.92496	1.27948	-0.10158	-0.96482	-0.99
-0.51642	-0.91722	-0.51642	-0.0954	-0.96524	-0.99
1.24538	-0.92466	1.24538	-0.10008	-0.96484	-0.99
-0.85568	-0.91624	-0.85568	-0.10366	-0.97284	-0.99
-0.8633	-0.9163	-0.8633	-0.10466	-0.9723	-0.99
-0.66818	-0.91694	-0.66818	-0.0974	-0.9675	-0.99
0.7933	-0.92198	0.7933	-0.09454	-0.96034	-0.99
1.02294	-0.9231	1.02294	-0.09616	-0.96164	-0.99
-0.32834	-0.9173	-0.32834	-0.09398	-0.9632	-0.99
0.41292	-0.91912	0.41292	-0.0935	-0.9588	-0.99
-0.80176	-0.91656	-0.80176	-0.10176	-0.9689	-0.99
1.19138	-0.9243	1.19138	-0.10026	-0.9637	-0.99
-0.5327	-0.91686	-0.5327	-0.09548	-0.96518	-0.99
1.02074	-0.92306	1.02074	-0.09672	-0.9612	-0.99
-0.63172	-0.91672	-0.63172	-0.09582	-0.96614	-0.99
-0.48052	-0.9172	-0.48052	-0.09538	-0.9656	-0.99
-0.59874	-0.91658	-0.59874	-0.09722	-0.96508	-0.99
0.85562	-0.92238	0.85562	-0.09416	-0.9599	-0.99
1.04668	-0.92284	1.04668	-0.0962	-0.96008	-0.99
0.52304	-0.9202	0.52304	-0.0935	-0.95892	-0.99
0.70332	-0.92116	0.70332	-0.0947	-0.95984	-0.99
-0.54738	-0.91666	-0.54738	-0.09618	-0.96524	-0.99
1.2778	-0.92488	1.2778	-0.10188	-0.96526	-0.99
-0.5482	-0.91676	-0.5482	-0.09578	-0.96566	-0.99
1.35728	-0.9256	1.35728	-0.10708	-0.96716	-0.99
-0.85986	-0.91622	-0.85986	-0.10296	-0.97212	-0.99
0.78472	-0.92156	0.78472	-0.09422	-0.9604	-0.99
1.2153	-0.92446	1.2153	-0.0999	-0.96318	-0.99
1.27334	-0.92494	1.27334	-0.1022	-0.96516	-0.99
-0.6224	-0.91708	-0.6224	-0.09618	-0.96594	-0.99
1.23296	-0.92404	1.23296	-0.10206	-0.96312	-0.99
1.07044	-0.92312	1.07044	-0.09832	-0.96106	-0.99
-0.77952	-0.91628	-0.77952	-0.10046	-0.97048	-0.99
0.27726	-0.91882	0.27726	-0.09318	-0.96046	-0.99
-0.4822	-0.91668	-0.4822	-0.09678	-0.96486	-0.99
0.72716	-0.92164	0.72716	-0.0942	-0.95918	-0.99
1.08796	-0.9238	1.08796	-0.09816	-0.96106	-0.99
-0.76388	-0.91624	-0.76388	-0.10054	-0.96898	-0.99
-0.75996	-0.91632	-0.75996	-0.09904	-0.9695	-0.99
-0.14396	-0.91784	-0.14396	-0.09418	-0.96296	-0.99
0.9249	-0.92266	0.9249	-0.09584	-0.95974	-0.99
-0.15094	-0.91794	-0.15094	-0.0929	-0.9621	-0.99
1.4531	-0.92646	1.4531	-0.1142	-0.97394	-0.99
1.30678	-0.92514	1.30678	-0.1031	-0.96408	-0.99
-0.88564	-0.91584	-0.88564	-0.1065	-0.97314	-0.99
1.28394	-0.9249	1.28394	-0.10268	-0.96512	-0.99
-0.64144	-0.91664	-0.64144	-0.09868	-0.96714	-0.99
-0.92104	-0.9158	-0.92104	-0.1072	-0.97628	-0.99
1.0571	-0.92282	1.0571	-0.09676	-0.95988	-0.99
-0.98222	-0.9137	-0.98222	-0.11486	-0.98416	-0.99
1.29246	-0.92466	1.29246	-0.10336	-0.96558	-0.99
-0.66276	-0.91664	-0.66276	-0.09778	-0.96716	-0.99
1.25152	-0.9246	1.25152	-0.1008	-0.9631	-0.99
0.27574	-0.91902	0.27574	-0.09254	-0.9597	-0.99
-0.84708	-0.9162	-0.84708	-0.10304	-0.97088	-0.99
-0.69004	-0.91696	-0.69004	-0.09894	-0.96716	-0.99
-0.7777	-0.91678	-0.7777	-0.10104	-0.96966	-0.99
-0.72762	-0.91702	-0.72762	-0.09986	-0.96816	-0.99
1.25488	-0.92464	1.25488	-0.10218	-0.96348	-0.99
1.07788	-0.92312	1.07788	-0.0973	-0.96128	-0.99
1.41256	-0.9258	1.41256	-0.10966	-0.9706	-0.99
0.70358	-0.92098	0.70358	-0.09388	-0.95916	-0.99
-0.24258	-0.91778	-0.24258	-0.09424	-0.96312	-0.99
-0.7227	-0.91658	-0.7227	-0.0987	-0.9686	-0.99
0.93196	-0.92292	0.93196	-0.09562	-0.96042	-0.99
-0.5872	-0.91676	-0.5872	-0.09588	-0.96502	-0.99
0.64814	-0.9207	0.64814	-0.094	-0.9589	-0.99
1.2929	-0.9251	1.2929	-0.10248	-0.9649	-0.99
1.4064	-0.9256	1.4064	-0.10858	-0.96958	-0.99
1.45696	-0.92624	1.45696	-0.11592	-0.97486	-0.99
1.27052	-0.92448	1.27052	-0.10158	-0.9642	-0.99
-0.80986	-0.91634	-0.80986	-0.10262	-0.97064	-0.99
1.05712	-0.92376	1.05712	-0.09662	-0.9594	-0.99
0.97518	-0.92322	0.97518	-0.09602	-0.96224	-0.99
-0.42662	-0.91674	-0.42662	-0.09368	-0.96384	-0.99
0.98168	-0.92276	0.98168	-0.09572	-0.95986	-0.99
-0.80492	-0.9164	-0.80492	-0.1015	-0.9704	-0.99
-0.07902	-0.91814	-0.07902	-0.0933	-0.962	-0.99
-0.64566	-0.91678	-0.64566	-0.09712	-0.96786	-0.99
1.32292	-0.92536	1.32292	-0.10454	-0.96602	-0.99
-0.6289	-0.91686	-0.6289	-0.0965	-0.96708	-0.99
1.07052	-0.92336	1.07052	-0.09888	-0.96184	-0.99
-0.31214	-0.91802	-0.31214	-0.09374	-0.96392	-0.99
-0.87988	-0.91628	-0.87988	-0.10514	-0.97356	-0.99
-0.83932	-0.91676	-0.83932	-0.10304	-0.971	-0.99
-0.35554	-0.91698	-0.35554	-0.09376	-0.96326	-0.99
-0.70578	-0.91646	-0.70578	-0.09816	-0.96802	-0.99
0.06068	-0.91796	0.06068	-0.09296	-0.95984	-0.99
-0.70792	-0.91664	-0.70792	-0.0986	-0.9684	-0.99
1.24894	-0.92502	1.24894	-0.10208	-0.96196	-0.99
1.4076	-0.92632	1.4076	-0.10872	-0.96956	-0.99
1.25684	-0.9246	1.25684	-0.10188	-0.9633	-0.99
-0.69254	-0.91682	-0.69254	-0.09818	-0.96712	-0.99
0.97538	-0.9229	0.97538	-0.09544	-0.95974	-0.99
-0.22384	-0.91764	-0.22384	-0.09372	-0.96268	-0.99
1.20396	-0.9246	1.20396	-0.1013	-0.96376	-0.99
-0.89638	-0.91642	-0.89638	-0.1059	-0.97354	-0.99
1.18438	-0.92394	1.18438	-0.09954	-0.9637	-0.99
0.61284	-0.92088	0.61284	-0.09368	-0.95864	-0.99
-0.65124	-0.91648	-0.65124	-0.09838	-0.96758	-0.99
-0.6895	-0.9167	-0.6895	-0.09778	-0.96766	-0.99
0.24854	-0.91922	0.24854	-0.0929	-0.96048	-0.99
0.76664	-0.92148	0.76664	-0.0936	-0.95974	-0.99
-0.86312	-0.91624	-0.86312	-0.10444	-0.97312	-0.99
-0.78262	-0.91694	-0.78262	-0.10048	-0.97024	-0.99
-0.66086	-0.9169	-0.66086	-0.09766	-0.96732	-0.99
-0.90214	-0.91566	-0.90214	-0.10712	-0.97432	-0.99
-0.35212	-0.91744	-0.35212	-0.09518	-0.96318	-0.99
1.21536	-0.92428	1.21536	-0.10048	-0.96396	-0.99
-0.7722	-0.91632	-0.7722	-0.10034	-0.96914	-0.99
-0.91068	-0.91616	-0.91068	-0.10634	-0.97584	-0.99
1.08322	-0.92362	1.08322	-0.0971	-0.96236	-0.99
1.25142	-0.92438	1.25142	-0.10102	-0.96398	-0.99
-0.1914	-0.91748	-0.1914	-0.09394	-0.96286	-0.99
-0.90456	-0.91584	-0.90456	-0.10652	-0.97434	-0.99
-0.5888	-0.91676	-0.5888	-0.09668	-0.96648	-0.99
1.46404	-0.92624	1.46404	-0.1164	-0.97564	-0.99
-0.73802	-0.91666	-0.73802	-0.10018	-0.96852	-0.99
-0.80488	-0.91624	-0.80488	-0.10038	-0.97034	-0.99
-0.70404	-0.91636	-0.70404	-0.09852	-0.96732	-0.99
1.32938	-0.92502	1.32938	-0.10404	-0.96708	-0.99
1.35926	-0.92506	1.35926	-0.10582	-0.96592	-0.99
0.0186	-0.91824	0.0186	-0.09278	-0.9608	-0.99
-0.6129	-0.9167	-0.6129	-0.09704	-0.96524	-0.99
-0.79742	-0.91614	-0.79742	-0.10156	-0.97094	-0.99
-0.24006	-0.91766	-0.24006	-0.0938	-0.96204	-0.99
-0.21802	-0.91802	-0.21802	-0.09402	-0.96222	-0.99
-0.5168	-0.91724	-0.5168	-0.09532	-0.96596	-0.99
0.45934	-0.91966	0.45934	-0.09366	-0.95944	-0.99
1.2527	-0.92442	1.2527	-0.1013	-0.96348	-0.99
0.42394	-0.91938	0.42394	-0.09368	-0.95856	-0.99
-0.71342	-0.91686	-0.71342	-0.0989	-0.96764	-0.99
-0.4878	-0.91712	-0.4878	-0.09352	-0.96434	-0.99
-0.8371	-0.91642	-0.8371	-0.10276	-0.97082	-0.99
-0.77326	-0.91634	-0.77326	-0.09916	-0.96966	-0.99
-0.7917	-0.91638	-0.7917	-0.09992	-0.96966	-0.99
-0.73864	-0.91656	-0.73864	-0.0996	-0.96918	-0.99
1.2246	-0.92412	1.2246	-0.10054	-0.96334	-0.99
-0.15456	-0.91788	-0.15456	-0.0929	-0.96238	-0.99
1.3233	-0.92498	1.3233	-0.1038	-0.96542	-0.99
1.18208	-0.9242	1.18208	-0.09944	-0.96268	-0.99
1.19658	-0.9243	1.19658	-0.09904	-0.96156	-0.99
1.3787	-0.92566	1.3787	-0.10686	-0.96784	-0.99
1.23958	-0.92422	1.23958	-0.1017	-0.96432	-0.99
1.28066	-0.92434	1.28066	-0.10328	-0.966	-0.99
-0.86318	-0.91642	-0.86318	-0.10282	-0.973	-0.99
1.37788	-0.92584	1.37788	-0.10668	-0.9683	-0.99
1.45464	-0.9262	1.45464	-0.1143	-0.97408	-0.99
1.33164	-0.92544	1.33164	-0.10438	-0.96574	-0.99
0.35842	-0.91938	0.35842	-0.0926	-0.95972	-0.99
-0.43418	-0.91702	-0.43418	-0.09404	-0.96312	-0.99
-0.34094	-0.91706	-0.34094	-0.09364	-0.96348	-0.99
-0.63318	-0.9169	-0.63318	-0.09804	-0.96632	-0.99
0.49518	-0.9201	0.49518	-0.09362	-0.95796	-0.99
-0.82244	-0.91664	-0.82244	-0.10082	-0.97102	-0.99
0.66124	-0.92076	0.66124	-0.09396	-0.95916	-0.99
-0.87578	-0.91586	-0.87578	-0.10528	-0.9731	-0.99
1.16512	-0.9238	1.16512	-0.09854	-0.96348	-0.99
1.11524	-0.92388	1.11524	-0.0982	-0.96126	-0.99
0.4427	-0.9199	0.4427	-0.09262	-0.95906	-0.99
1.06414	-0.9237	1.06414	-0.09782	-0.96076	-0.99
0.73416	-0.92156	0.73416	-0.09418	-0.96002	-0.99
0.90414	-0.9225	0.90414	-0.09532	-0.9592	-0.99
-0.88818	-0.91602	-0.88818	-0.1041	-0.9744	-0.99
0.41882	-0.91978	0.41882	-0.0934	-0.9603	-0.99
0.97122	-0.92274	0.97122	-0.09518	-0.9597	-0.99
0.70436	-0.92172	0.70436	-0.09358	-0.95998	-0.99
1.2947	-0.92486	1.2947	-0.10364	-0.96628	-0.99
-0.63032	-0.91636	-0.63032	-0.09732	-0.96702	-0.99
-0.81926	-0.91634	-0.81926	-0.10244	-0.97102	-0.99
1.34968	-0.9256	1.34968	-0.10444	-0.96798	-0.99
-0.72402	-0.91646	-0.72402	-0.09756	-0.96802	-0.99
0.5626	-0.921	0.5626	-0.09384	-0.9603	-0.99
-0.6949	-0.91686	-0.6949	-0.09882	-0.96776	-0.99
-0.61114	-0.91698	-0.61114	-0.09574	-0.96688	-0.99
-0.8428	-0.91648	-0.8428	-0.10266	-0.97168	-0.99
-0.88696	-0.91588	-0.88696	-0.10574	-0.9746	-0.99
-0.19568	-0.918	-0.19568	-0.09406	-0.96204	-0.99
0.44582	-0.91938	0.44582	-0.09258	-0.95988	-0.99
0.83544	-0.922	0.83544	-0.09476	-0.95758	-0.99
0.36636	-0.9192	0.36636	-0.09404	-0.95976	-0.99
1.25692	-0.92492	1.25692	-0.10266	-0.96378	-0.99
1.15436	-0.92448	1.15436	-0.0989	-0.96196	-0.99
1.24716	-0.92412	1.24716	-0.10096	-0.96306	-0.99
-0.57738	-0.91666	-0.57738	-0.0975	-0.96634	-0.99
-0.84302	-0.9161	-0.84302	-0.10282	-0.9713	-0.99
-0.79358	-0.91642	-0.79358	-0.10054	-0.9703	-0.99
-0.70782	-0.91666	-0.70782	-0.09758	-0.96842	-0.99
1.11296	-0.9242	1.11296	-0.09864	-0.96148	-0.99
-0.68906	-0.91686	-0.68906	-0.09866	-0.96764	-0.99
1.2986	-0.92492	1.2986	-0.10378	-0.9654	-0.99
-0.0985	-0.91762	-0.0985	-0.09356	-0.96198	-0.99
1.22486	-0.92458	1.22486	-0.1006	-0.96444	-0.99
-0.18906	-0.9173	-0.18906	-0.0936	-0.96232	-0.99
0.17902	-0.9189	0.17902	-0.09298	-0.96062	-0.99
-0.51902	-0.91738	-0.51902	-0.09384	-0.96516	-0.99
1.15772	-0.92416	1.15772	-0.0999	-0.96088	-0.99
-0.5566	-0.91696	-0.5566	-0.0945	-0.96588	-0.99
1.25334	-0.9245	1.25334	-0.10158	-0.96462	-0.99
-0.65396	-0.91656	-0.65396	-0.09858	-0.96666	-0.99
-0.85422	-0.91602	-0.85422	-0.10428	-0.97208	-0.99
1.34008	-0.9252	1.34008	-0.10466	-0.96518	-0.99
1.26258	-0.92458	1.26258	-0.10054	-0.96406	-0.99
-0.89432	-0.9164	-0.89432	-0.10594	-0.97446	-0.99
-0.83786	-0.91598	-0.83786	-0.10218	-0.97006	-0.99
1.35526	-0.92518	1.35526	-0.10632	-0.96702	-0.99
-0.79776	-0.9162	-0.79776	-0.10158	-0.96962	-0.99
-0.67128	-0.91672	-0.67128	-0.09806	-0.96744	-0.99
1.2087	-0.92434	1.2087	-0.1004	-0.96274	-0.99
0.01072	-0.91816	0.01072	-0.09362	-0.96086	-0.99
-0.18944	-0.9174	-0.18944	-0.09382	-0.96242	-0.99
1.35706	-0.92518	1.35706	-0.1052	-0.96708	-0.99
1.15386	-0.92414	1.15386	-0.09984	-0.96236	-0.99
-0.80528	-0.91644	-0.80528	-0.10076	-0.97062	-0.99
1.40304	-0.92584	1.40304	-0.10904	-0.96988	-0.99
-0.59118	-0.91714	-0.59118	-0.0971	-0.9655	-0.99
1.38166	-0.92538	1.38166	-0.10692	-0.9684	-0.99
-0.40786	-0.91694	-0.40786	-0.09384	-0.96418	-0.99
0.87788	-0.92264	0.87788	-0.0956	-0.95924	-0.99
-0.7617	-0.91654	-0.7617	-0.09968	-0.9689	-0.99
0.94526	-0.92226	0.94526	-0.09544	-0.9603	-0.99
0.13042	-0.91806	0.13042	-0.09368	-0.96034	-0.99
0.68796	-0.92136	0.68796	-0.09398	-0.95958	-0.99
1.31114	-0.92526	1.31114	-0.1035	-0.9655	-0.99
1.07702	-0.9237	1.07702	-0.09614	-0.95992	-0.99
0.72986	-0.92094	0.72986	-0.09416	-0.96158	-0.99
1.19728	-0.92424	1.19728	-0.10072	-0.96338	-0.99
-0.768	-0.91672	-0.768	-0.1005	-0.96946	-0.99
-0.75778	-0.9165	-0.75778	-0.10032	-0.96816	-0.99
-0.64706	-0.91682	-0.64706	-0.09756	-0.96562	-0.99
-0.31806	-0.91738	-0.31806	-0.09458	-0.96336	-0.99
1.06476	-0.92308	1.06476	-0.095	-0.96148	-0.99
-0.54366	-0.9165	-0.54366	-0.09486	-0.96518	-0.99
-0.77	-0.91596	-0.77	-0.09992	-0.97012	-0.99
1.31176	-0.92536	1.31176	-0.1033	-0.96514	-0.99
-0.59468	-0.91672	-0.59468	-0.09608	-0.96668	-0.99
-0.67606	-0.91646	-0.67606	-0.09902	-0.9678	-0.99
-0.70002	-0.91666	-0.70002	-0.09826	-0.96786	-0.99
1.00216	-0.9226	1.00216	-0.09594	-0.96014	-0.99
0.95354	-0.92262	0.95354	-0.09686	-0.9597	-0.99
0.61238	-0.92066	0.61238	-0.09424	-0.95932	-0.99
1.29824	-0.92452	1.29824	-0.10348	-0.96542	-0.99
1.31028	-0.92532	1.31028	-0.10342	-0.96622	-0.99
1.18588	-0.92412	1.18588	-0.09828	-0.96218	-0.99
1.36688	-0.9256	1.36688	-0.10714	-0.96742	-0.99
-0.59106	-0.9169	-0.59106	-0.09654	-0.96598	-0.99
0.1207	-0.91894	0.1207	-0.0935	-0.95936	-0.99
-0.67464	-0.91648	-0.67464	-0.09922	-0.96766	-0.99
-0.79016	-0.91648	-0.79016	-0.0999	-0.9702	-0.99
-0.63554	-0.91682	-0.63554	-0.09762	-0.96646	-0.99
-0.02278	-0.91818	-0.02278	-0.09308	-0.962	-0.99
-0.76726	-0.91706	-0.76726	-0.0999	-0.96982	-0.99
-0.81574	-0.91666	-0.81574	-0.10166	-0.97086	-0.99
1.39262	-0.92562	1.39262	-0.10792	-0.96826	-0.99
-0.29448	-0.91724	-0.29448	-0.09376	-0.96276	-0.99
-0.20304	-0.91736	-0.20304	-0.09348	-0.96162	-0.99
1.2161	-0.92446	1.2161	-0.1001	-0.96176	-0.99
1.12496	-0.92344	1.12496	-0.09894	-0.96108	-0.99
1.22088	-0.92512	1.22088	-0.10058	-0.96406	-0.99
1.21302	-0.92446	1.21302	-0.10054	-0.96438	-0.99
1.2222	-0.92444	1.2222	-0.101	-0.96394	-0.99
-0.6031	-0.91682	-0.6031	-0.096	-0.96658	-0.99
-0.7374	-0.91636	-0.7374	-0.0996	-0.96872	-0.99
-0.65266	-0.9171	-0.65266	-0.09832	-0.9677	-0.99
1.36982	-0.92574	1.36982	-0.10668	-0.9675	-0.99
-0.58314	-0.91658	-0.58314	-0.09628	-0.96616	-0.99
0.5142	-0.92024	0.5142	-0.09282	-0.9596	-0.99
-0.74314	-0.91666	-0.74314	-0.09964	-0.96892	-0.99
1.30906	-0.92522	1.30906	-0.10414	-0.96652	-0.99
1.18182	-0.92406	1.18182	-0.09872	-0.96198	-0.99
1.2584	-0.92464	1.2584	-0.10004	-0.96482	-0.99
1.30902	-0.92478	1.30902	-0.10254	-0.96504	-0.99
-0.44428	-0.91664	-0.44428	-0.09492	-0.9646	-0.99
-0.81464	-0.917	-0.81464	-0.10118	-0.97098	-0.99
0.36802	-0.91898	0.36802	-0.09304	-0.9587	-0.99
1.24262	-0.92418	1.24262	-0.09956	-0.9627	-0.99
1.22194	-0.92442	1.22194	-0.10218	-0.96312	-0.99
0.66006	-0.92122	0.66006	-0.09372	-0.95952	-0.99
1.12702	-0.92354	1.12702	-0.09972	-0.96102	-0.99
1.01816	-0.92344	1.01816	-0.09632	-0.95882	-0.99
0.8286	-0.92168	0.8286	-0.09498	-0.95858	-0.99
1.38038	-0.92566	1.38038	-0.1069	-0.96786	-0.99
-0.9532	-0.91476	-0.9532	-0.11034	-0.9794	-0.99
-0.87338	-0.91598	-0.87338	-0.10506	-0.97316	-0.99
1.209	-0.92412	1.209	-0.09974	-0.96302	-0.99
-0.87462	-0.91618	-0.87462	-0.10408	-0.97312	-0.99
-0.70484	-0.91652	-0.70484	-0.09834	-0.96812	-0.99
1.24436	-0.92436	1.24436	-0.101	-0.96246	-0.99
-0.84298	-0.91678	-0.84298	-0.1031	-0.97226	-0.99
-0.7184	-0.91636	-0.7184	-0.09876	-0.96798	-0.99
1.29112	-0.92528	1.29112	-0.10268	-0.9652	-0.99
0.87518	-0.92234	0.87518	-0.09544	-0.9599	-0.99
1.25524	-0.9248	1.25524	-0.1013	-0.96382	-0.99
-0.7016	-0.9168	-0.7016	-0.0978	-0.968	-0.99
0.9271	-0.92226	0.9271	-0.0954	-0.95964	-0.99
1.35664	-0.92516	1.35664	-0.1053	-0.96724	-0.99
0.02912	-0.91824	0.02912	-0.09274	-0.96082	-0.99
1.35532	-0.92556	1.35532	-0.10524	-0.96664	-0.99
-0.06948	-0.91812	-0.06948	-0.0924	-0.96156	-0.99
-0.68646	-0.91658	-0.68646	-0.0988	-0.96658	-0.99
1.27944	-0.92448	1.27944	-0.10154	-0.96508	-0.99
0.48766	-0.91982	0.48766	-0.09386	-0.95996	-0.99
-0.68416	-0.9168	-0.68416	-0.09872	-0.9681	-0.99
-0.3307	-0.91754	-0.3307	-0.09328	-0.96316	-0.99
1.29068	-0.92504	1.29068	-0.1021	-0.9648	-0.99
-0.8983	-0.91578	-0.8983	-0.10646	-0.9741	-0.99
0.59658	-0.92094	0.59658	-0.09304	-0.95978	-0.99
1.06812	-0.92316	1.06812	-0.09784	-0.96132	-0.99
1.03414	-0.92294	1.03414	-0.09738	-0.96084	-0.99
-0.47526	-0.91734	-0.47526	-0.09474	-0.96464	-0.99
-0.6553	-0.91646	-0.6553	-0.09564	-0.96688	-0.99
-0.15244	-0.9178	-0.15244	-0.09384	-0.9619	-0.99
1.03184	-0.92324	1.03184	-0.0969	-0.96216	-0.99
-0.66652	-0.91648	-0.66652	-0.09754	-0.96742	-0.99
-0.3864	-0.917	-0.3864	-0.0929	-0.96444	-0.99
-0.93658	-0.91522	-0.93658	-0.10804	-0.978	-0.99
1.32686	-0.92542	1.32686	-0.10484	-0.96484	-0.99
-0.93684	-0.91572	-0.93684	-0.10888	-0.97768	-0.99
1.24524	-0.92472	1.24524	-0.10084	-0.96312	-0.99
-0.91622	-0.9163	-0.91622	-0.10692	-0.97542	-0.99
-0.54084	-0.91692	-0.54084	-0.0951	-0.96496	-0.99
0.40296	-0.91916	0.40296	-0.09306	-0.95944	-0.99
-0.933	-0.91544	-0.933	-0.10862	-0.9774	-0.99
0.889	-0.92264	0.889	-0.09478	-0.95942	-0.99
1.3921	-0.9259	1.3921	-0.10886	-0.9692	-0.99
1.31674	-0.92522	1.31674	-0.10452	-0.96576	-0.99
-0.7462	-0.91656	-0.7462	-0.10044	-0.9691	-0.99
1.38378	-0.9251	1.38378	-0.10788	-0.96838	-0.99
0.34454	-0.91934	0.34454	-0.09302	-0.96096	-0.99
0.16012	-0.91884	0.16012	-0.09284	-0.96076	-0.99
-0.7052	-0.91684	-0.7052	-0.09832	-0.9674	-0.99
-0.07038	-0.9179	-0.07038	-0.09416	-0.96002	-0.99
-0.90268	-0.916	-0.90268	-0.10682	-0.97384	-0.99
1.25312	-0.925	1.25312	-0.10072	-0.96302	-0.99
-0.5307	-0.91678	-0.5307	-0.095	-0.96528	-0.99
1.46472	-0.92624	1.46472	-0.1166	-0.97566	-0.99
-0.55292	-0.91664	-0.55292	-0.0954	-0.96564	-0.99
-0.92634	-0.91558	-0.92634	-0.10852	-0.97622	-0.99
-0.70282	-0.9165	-0.70282	-0.0978	-0.96816	-0.99
-0.92392	-0.91592	-0.92392	-0.10882	-0.97694	-0.99
-0.66188	-0.91656	-0.66188	-0.09844	-0.9691	-0.99
1.27202	-0.92478	1.27202	-0.10216	-0.96534	-0.99
1.3276	-0.92496	1.3276	-0.10462	-0.96556	-0.99
-0.2861	-0.91726	-0.2861	-0.09426	-0.96288	-0.99
1.32918	-0.9249	1.32918	-0.10406	-0.96612	-0.99
1.281	-0.9252	1.281	-0.1022	-0.96464	-0.99
1.36028	-0.92536	1.36028	-0.10588	-0.96768	-0.99
-0.59346	-0.91686	-0.59346	-0.09476	-0.96632	-0.99
-0.52026	-0.91702	-0.52026	-0.09624	-0.96504	-0.99
-0.0797	-0.91774	-0.0797	-0.09316	-0.96138	-0.99
-0.7424	-0.91684	-0.7424	-0.1006	-0.96892	-0.99
-0.54648	-0.91744	-0.54648	-0.09498	-0.96584	-0.99
1.1899	-0.92458	1.1899	-0.09876	-0.96292	-0.99
1.32874	-0.92522	1.32874	-0.10442	-0.96602	-0.99
1.34228	-0.92512	1.34228	-0.10546	-0.9664	-0.99
1.34674	-0.92566	1.34674	-0.10476	-0.96584	-0.99
-0.5459	-0.91658	-0.5459	-0.09534	-0.96558	-0.99
-0.92008	-0.91596	-0.92008	-0.10726	-0.97624	-0.99
-0.2416	-0.91764	-0.2416	-0.09386	-0.96236	-0.99
1.05314	-0.92342	1.05314	-0.09618	-0.96134	-0.99
0.23218	-0.91826	0.23218	-0.09276	-0.95942	-0.99
-0.33064	-0.91792	-0.33064	-0.09358	-0.96268	-0.99
1.28246	-0.92438	1.28246	-0.1028	-0.9643	-0.99
1.38674	-0.92562	1.38674	-0.10852	-0.96792	-0.99
1.22652	-0.92468	1.22652	-0.10084	-0.96242	-0.99
-0.7656	-0.9166	-0.7656	-0.10026	-0.96912	-0.99
1.29484	-0.92488	1.29484	-0.10306	-0.96532	-0.99
1.03052	-0.923	1.03052	-0.097	-0.95946	-0.99
-0.87306	-0.91626	-0.87306	-0.10534	-0.97296	-0.99
1.09972	-0.924	1.09972	-0.0982	-0.96086	-0.99
-0.5458	-0.91652	-0.5458	-0.09636	-0.96532	-0.99
1.44904	-0.92624	1.44904	-0.11334	-0.9733	-0.99
-0.67412	-0.91648	-0.67412	-0.09808	-0.96658	-0.99
1.05644	-0.92384	1.05644	-0.09762	-0.96148	-0.99
1.3232	-0.9256	1.3232	-0.10504	-0.96556	-0.99
-0.3722	-0.91752	-0.3722	-0.09342	-0.96334	-0.99
-0.7178	-0.9166	-0.7178	-0.09934	-0.96882	-0.99
-0.8269	-0.91698	-0.8269	-0.10198	-0.97154	-0.99
-0.66142	-0.91678	-0.66142	-0.09668	-0.9668	-0.99
-0.48224	-0.91728	-0.48224	-0.09618	-0.96452	-0.99
1.0506	-0.9236	1.0506	-0.09736	-0.96134	-0.99
1.32672	-0.9254	1.32672	-0.10432	-0.96678	-0.99
-0.22148	-0.91792	-0.22148	-0.09354	-0.9627	-0.99
1.17748	-0.92424	1.17748	-0.09948	-0.9622	-0.99
1.1875	-0.92386	1.1875	-0.10024	-0.96378	-0.99
-0.74662	-0.91658	-0.74662	-0.09972	-0.96922	-0.99
0.59714	-0.9211	0.59714	-0.09372	-0.95914	-0.99
1.2606	-0.92436	1.2606	-0.1021	-0.96564	-0.99
1.40736	-0.9262	1.40736	-0.10908	-0.96912	-0.99
-0.73388	-0.91632	-0.73388	-0.09934	-0.96886	-0.99
1.34946	-0.92522	1.34946	-0.10518	-0.96604	-0.99
-0.4595	-0.9169	-0.4595	-0.09226	-0.96504	-0.99
-0.82422	-0.91614	-0.82422	-0.10122	-0.97098	-0.99
1.3644	-0.92556	1.3644	-0.1067	-0.96804	-0.99
0.70662	-0.9213	0.70662	-0.09354	-0.95944	-0.99
-0.57282	-0.9167	-0.57282	-0.09632	-0.9652	-0.99
0.18086	-0.91802	0.18086	-0.09492	-0.96294	-0.99
0.22818	-0.91906	0.22818	-0.09298	-0.95962	-0.99
0.55504	-0.92172	0.55504	-0.09548	-0.95744	-0.99
-0.68348	-0.91672	-0.68348	-0.0989	-0.96904	-0.99
0.3121	-0.91926	0.3121	-0.09326	-0.95922	-0.99
0.23322	-0.91894	0.23322	-0.09352	-0.96196	-0.99
-0.5134	-0.91708	-0.5134	-0.09506	-0.96464	-0.99
-0.30956	-0.91712	-0.30956	-0.09474	-0.96236	-0.99
0.82352	-0.92112	0.82352	-0.09552	-0.96066	-0.99
0.19008	-0.91928	0.19008	-0.09396	-0.96016	-0.99
0.56546	-0.92018	0.56546	-0.09378	-0.95826	-0.99
-0.54684	-0.9174	-0.54684	-0.1019	-0.9668	-0.99
-0.84944	-0.91496	-0.84944	-0.11094	-0.97822	-0.99
0.56054	-0.92322	0.56054	-0.097	-0.9592	-0.99
-0.75468	-0.91628	-0.75468	-0.10018	-0.96902	-0.99
0.9614	-0.92404	0.9614	-0.09656	-0.95866	-0.99
1.11574	-0.92234	1.11574	-0.10064	-0.95924	-0.99
0.21574	-0.91994	0.21574	-0.0927	-0.96028	-0.99
1.04558	-0.9241	1.04558	-0.09802	-0.9614	-0.99
0.31186	-0.9193	0.31186	-0.0935	-0.95986	-0.99
0.02382	-0.91934	0.02382	-0.09364	-0.96136	-0.99
-0.65414	-0.91706	-0.65414	-0.09956	-0.96868	-0.99
0.27856	-0.91904	0.27856	-0.0932	-0.9592	-0.99
-0.6488	-0.9162	-0.6488	-0.09808	-0.96802	-0.99
-0.37636	-0.91704	-0.37636	-0.09304	-0.9644	-0.99
0.30682	-0.91986	0.30682	-0.09284	-0.9603	-0.99
-0.66774	-0.91678	-0.66774	-0.09906	-0.96828	-0.99
0.84284	-0.92092	0.84284	-0.09512	-0.95918	-0.99
-0.09596	-0.91752	-0.09596	-0.09452	-0.96144	-0.99
0.1107	-0.9185	0.1107	-0.09304	-0.96056	-0.99
0.30814	-0.92018	0.30814	-0.09302	-0.96016	-0.99
0.51404	-0.91892	0.51404	-0.09446	-0.959	-0.99
0.49604	-0.91908	0.49604	-0.09418	-0.9586	-0.99
-0.61214	-0.91718	-0.61214	-0.09958	-0.96706	-0.99
-0.4936	-0.91724	-0.4936	-0.09514	-0.96648	-0.99
0.88354	-0.92182	0.88354	-0.0951	-0.96066	-0.99
0.77364	-0.92092	0.77364	-0.09414	-0.95968	-0.99
0.85904	-0.92532	0.85904	-0.10012	-0.95956	-0.99
-0.35898	-0.91694	-0.35898	-0.09378	-0.96496	-0.99
0.41976	-0.9202	0.41976	-0.09318	-0.95876	-0.99
1.11444	-0.92256	1.11444	-0.09818	-0.9589	-0.99
-0.39306	-0.9171	-0.39306	-0.09554	-0.96466	-0.99
0.07634	-0.92166	0.07634	-0.1	-0.96144	-0.99
1.1324	-0.92304	1.1324	-0.09824	-0.96014	-0.99
-0.66966	-0.91662	-0.66966	-0.09796	-0.96764	-0.99
-0.14274	-0.91826	-0.14274	-0.0926	-0.96236	-0.99
-0.12434	-0.9177	-0.12434	-0.09422	-0.9624	-0.99
1.03266	-0.92198	1.03266	-0.09524	-0.96142	-0.99
0.29056	-0.91968	0.29056	-0.09298	-0.95942	-0.99
-0.16316	-0.919	-0.16316	-0.09524	-0.96304	-0.99
-0.44132	-0.91692	-0.44132	-0.09434	-0.96484	-0.99
0.73988	-0.92032	0.73988	-0.09372	-0.9589	-0.99
0.65582	-0.92398	0.65582	-0.0974	-0.95828	-0.99
-0.68038	-0.91658	-0.68038	-0.09894	-0.96814	-0.99
-0.3326	-0.91688	-0.3326	-0.09488	-0.9649	-0.99
0.27608	-0.91948	0.27608	-0.09278	-0.96068	-0.99
0.5882	-0.92096	0.5882	-0.0933	-0.96	-0.99
-0.6926	-0.91648	-0.6926	-0.10048	-0.96856	-0.99
0.31272	-0.92104	0.31272	-0.09434	-0.96112	-0.99
-0.51108	-0.91748	-0.51108	-0.09774	-0.9654	-0.99
-0.65608	-0.9168	-0.65608	-0.10088	-0.96836	-0.99
0.36252	-0.91872	0.36252	-0.09518	-0.96156	-0.99
0.83186	-0.92262	0.83186	-0.09492	-0.96066	-0.99
-0.73504	-0.91636	-0.73504	-0.10102	-0.96928	-0.99
0.8649	-0.92122	0.8649	-0.09402	-0.95844	-0.99
0.24518	-0.9195	0.24518	-0.09318	-0.96194	-0.99
0.67966	-0.92114	0.67966	-0.09442	-0.96038	-0.99
0.0755	-0.91742	0.0755	-0.09366	-0.962	-0.99
0.35798	-0.91954	0.35798	-0.0937	-0.9603	-0.99
-0.6382	-0.91652	-0.6382	-0.09944	-0.96946	-0.99
-0.48518	-0.91714	-0.48518	-0.09634	-0.9646	-0.99
-0.8543	-0.91638	-0.8543	-0.10472	-0.9728	-0.99
1.1162	-0.92532	1.1162	-0.10134	-0.96026	-0.99
1.2859	-0.92538	1.2859	-0.10496	-0.9633	-0.99
0.76492	-0.92296	0.76492	-0.09484	-0.95786	-0.99
1.07084	-0.92544	1.07084	-0.0996	-0.96144	-0.99
-0.02568	-0.91876	-0.02568	-0.09284	-0.9622	-0.99
-0.77314	-0.91602	-0.77314	-0.10104	-0.97166	-0.99
0.50032	-0.92016	0.50032	-0.09414	-0.9601	-0.99
1.00848	-0.92232	1.00848	-0.09578	-0.9609	-0.99
0.05488	-0.91932	0.05488	-0.09236	-0.96136	-0.99
1.0689	-0.92206	1.0689	-0.0997	-0.9595	-0.99
-0.38192	-0.91764	-0.38192	-0.0955	-0.96432	-0.99
-0.31948	-0.91736	-0.31948	-0.09322	-0.96406	-0.99
1.09496	-0.92508	1.09496	-0.1016	-0.95866	-0.99
-0.63336	-0.9168	-0.63336	-0.09588	-0.96658	-0.99
0.42586	-0.92178	0.42586	-0.09436	-0.9604	-0.99
-0.15834	-0.91754	-0.15834	-0.09566	-0.96356	-0.99
0.91482	-0.92354	0.91482	-0.09778	-0.95926	-0.99
-0.51808	-0.91652	-0.51808	-0.09618	-0.96586	-0.99
0.92006	-0.92118	0.92006	-0.0979	-0.95956	-0.99
0.71896	-0.92044	0.71896	-0.09462	-0.96056	-0.99
0.46338	-0.9233	0.46338	-0.09522	-0.9595	-0.99
1.30948	-0.9258	1.30948	-0.10478	-0.96298	-0.99
0.15896	-0.91884	0.15896	-0.0928	-0.96032	-0.99
0.5341	-0.9219	0.5341	-0.09484	-0.95928	-0.99
-0.12744	-0.91796	-0.12744	-0.0937	-0.9614	-0.99
1.06984	-0.92192	1.06984	-0.0982	-0.96008	-0.99
0.9283	-0.92346	0.9283	-0.0971	-0.95926	-0.99
-0.82078	-0.91598	-0.82078	-0.10384	-0.97256	-0.99
-0.51132	-0.91676	-0.51132	-0.09584	-0.96534	-0.99
1.031	-0.92216	1.031	-0.09724	-0.95798	-0.99
-0.51632	-0.9166	-0.51632	-0.09762	-0.96714	-0.99
0.89456	-0.92376	0.89456	-0.09822	-0.95766	-0.99
-0.74378	-0.91658	-0.74378	-0.1013	-0.96956	-0.99
-0.15546	-0.91838	-0.15546	-0.09452	-0.9619	-0.99
-0.66314	-0.91646	-0.66314	-0.09706	-0.96844	-0.99
-0.46194	-0.91714	-0.46194	-0.0976	-0.96748	-0.99
-0.3978	-0.9176	-0.3978	-0.09584	-0.96426	-0.99
0.0296	-0.91764	0.0296	-0.09404	-0.96242	-0.99
0.50494	-0.91902	0.50494	-0.09848	-0.96088	-0.99
0.00852	-0.9192	0.00852	-0.09322	-0.96154	-0.99
-0.51002	-0.91682	-0.51002	-0.09712	-0.96606	-0.99
1.13346	-0.92594	1.13346	-0.10262	-0.95844	-0.99
-0.19978	-0.91834	-0.19978	-0.0956	-0.9632	-0.99
0.57036	-0.92272	0.57036	-0.09462	-0.95948	-0.99
-0.62144	-0.91672	-0.62144	-0.099	-0.967	-0.99
-0.50528	-0.91748	-0.50528	-0.09896	-0.96698	-0.99
0.0656	-0.91896	0.0656	-0.09284	-0.95994	-0.99
-0.18774	-0.91766	-0.18774	-0.09458	-0.96384	-0.99
0.2498	-0.919	0.2498	-0.09362	-0.95992	-0.99
-0.43378	-0.91642	-0.43378	-0.09688	-0.96652	-0.99
0.7796	-0.92304	0.7796	-0.095	-0.95898	-0.99
0.4637	-0.92042	0.4637	-0.09336	-0.95942	-0.99
-0.56014	-0.91646	-0.56014	-0.10232	-0.97014	-0.99
0.7956	-0.92256	0.7956	-0.0947	-0.95906	-0.99
0.9159	-0.92498	0.9159	-0.09944	-0.96062	-0.99
1.04234	-0.92234	1.04234	-0.09722	-0.95992	-0.99
-0.88218	-0.91562	-0.88218	-0.1068	-0.97502	-0.99
-0.53286	-0.91698	-0.53286	-0.0973	-0.96652	-0.99
0.67538	-0.91934	0.67538	-0.09584	-0.95936	-0.99
0.53614	-0.91914	0.53614	-0.09304	-0.95936	-0.99
-0.37476	-0.91772	-0.37476	-0.09816	-0.96472	-0.99
-0.32654	-0.91738	-0.32654	-0.09594	-0.96274	-0.99
-0.44508	-0.9178	-0.44508	-0.09898	-0.9646	-0.99
0.35898	-0.9199	0.35898	-0.0935	-0.95946	-0.99
-0.23472	-0.91756	-0.23472	-0.0942	-0.96344	-0.99
0.15068	-0.91904	0.15068	-0.09274	-0.95972	-0.99
-0.40818	-0.91722	-0.40818	-0.09436	-0.96404	-0.99
0.74406	-0.92286	0.74406	-0.09664	-0.95892	-0.99
0.62796	-0.92176	0.62796	-0.09412	-0.96064	-0.99
1.0628	-0.92404	1.0628	-0.0992	-0.95904	-0.99
0.13952	-0.91828	0.13952	-0.0934	-0.95954	-0.99
-0.0246	-0.91804	-0.0246	-0.0928	-0.96018	-0.99
-0.3897	-0.9167	-0.3897	-0.09358	-0.96472	-0.99
1.30084	-0.92404	1.30084	-0.10528	-0.96374	-0.99
0.06828	-0.91808	0.06828	-0.09294	-0.96146	-0.99
-0.70472	-0.91612	-0.70472	-0.10192	-0.97128	-0.99
0.88122	-0.9241	0.88122	-0.097	-0.95884	-0.99
-0.63558	-0.91678	-0.63558	-0.0989	-0.96776	-0.99
-0.21324	-0.91748	-0.21324	-0.09316	-0.96364	-0.99
-0.66722	-0.91646	-0.66722	-0.0999	-0.96832	-0.99
1.15356	-0.92524	1.15356	-0.09948	-0.9614	-0.99
0.2757	-0.91906	0.2757	-0.09304	-0.9595	-0.99
-0.20446	-0.9179	-0.20446	-0.0942	-0.9634	-0.99
1.08972	-0.9224	1.08972	-0.09794	-0.9587	-0.99
-0.11324	-0.9176	-0.11324	-0.0931	-0.96242	-0.99
-0.40716	-0.91716	-0.40716	-0.09696	-0.96356	-0.99
1.14528	-0.92316	1.14528	-0.09846	-0.96054	-0.99
-0.55286	-0.91742	-0.55286	-0.09714	-0.96592	-0.99
1.04802	-0.92402	1.04802	-0.09922	-0.96196	-0.99
0.34806	-0.91994	0.34806	-0.09316	-0.96052	-0.99
0.63418	-0.92342	0.63418	-0.09566	-0.9595	-0.99
1.06068	-0.9242	1.06068	-0.09918	-0.95944	-0.99
1.05874	-0.92442	1.05874	-0.09936	-0.95974	-0.99
-0.8329	-0.91594	-0.8329	-0.10448	-0.97332	-0.99
-0.05922	-0.91918	-0.05922	-0.09406	-0.96176	-0.99
0.1542	-0.91792	0.1542	-0.09354	-0.96188	-0.99
0.95472	-0.9222	0.95472	-0.09578	-0.9602	-0.99
0.38742	-0.91954	0.38742	-0.0937	-0.96012	-0.99
0.27408	-0.91916	0.27408	-0.09306	-0.95938	-0.99
1.20136	-0.92296	1.20136	-0.10036	-0.9605	-0.99
-0.38658	-0.9175	-0.38658	-0.09672	-0.96582	-0.99
-0.01682	-0.91838	-0.01682	-0.09296	-0.96082	-0.99
0.52646	-0.91946	0.52646	-0.0942	-0.9595	-0.99
1.02874	-0.92222	1.02874	-0.0967	-0.95912	-0.99
0.83706	-0.9207	0.83706	-0.09834	-0.95744	-0.99
-0.31994	-0.91686	-0.31994	-0.09402	-0.96348	-0.99
1.18408	-0.9232	1.18408	-0.09998	-0.96112	-0.99
0.59322	-0.9203	0.59322	-0.09358	-0.95934	-0.99
-0.45246	-0.91678	-0.45246	-0.0946	-0.96402	-0.99
0.64964	-0.92008	0.64964	-0.09354	-0.9588	-0.99
-0.21302	-0.91806	-0.21302	-0.09432	-0.96256	-0.99
-0.56172	-0.9168	-0.56172	-0.10232	-0.9695	-0.99
-0.31438	-0.91742	-0.31438	-0.09774	-0.96414	-0.99
-0.87984	-0.9154	-0.87984	-0.10722	-0.97512	-0.99
1.18592	-0.92348	1.18592	-0.09948	-0.96114	-0.99
1.18558	-0.92282	1.18558	-0.10022	-0.9606	-0.99
0.7439	-0.92402	0.7439	-0.09678	-0.9593	-0.99
-0.1421	-0.91822	-0.1421	-0.09388	-0.96182	-0.99
0.29172	-0.9202	0.29172	-0.09358	-0.96008	-0.99
-0.77956	-0.9166	-0.77956	-0.10104	-0.97	-0.99
-0.05892	-0.91784	-0.05892	-0.09238	-0.9615	-0.99
-0.48876	-0.9172	-0.48876	-0.09854	-0.9659	-0.99
1.09328	-0.92268	1.09328	-0.09802	-0.96186	-0.99
1.111	-0.92244	1.111	-0.09688	-0.96014	-0.99
0.15368	-0.91932	0.15368	-0.09304	-0.96218	-0.99
1.01474	-0.92238	1.01474	-0.09644	-0.96036	-0.99
-0.12508	-0.9186	-0.12508	-0.09526	-0.9617	-0.99
-0.48478	-0.91678	-0.48478	-0.09444	-0.9645	-0.99
-0.22534	-0.91722	-0.22534	-0.09312	-0.96272	-0.99
-0.41122	-0.9175	-0.41122	-0.09462	-0.9646	-0.99
-0.17818	-0.91742	-0.17818	-0.09388	-0.96166	-0.99
0.1226	-0.92216	0.1226	-0.09892	-0.96184	-0.99
0.33576	-0.91996	0.33576	-0.09336	-0.9602	-0.99
-0.0996	-0.91772	-0.0996	-0.09454	-0.96146	-0.99
0.16246	-0.91874	0.16246	-0.09282	-0.96044	-0.99
0.20804	-0.91884	0.20804	-0.10122	-0.96126	-0.99
0.34656	-0.9198	0.34656	-0.09334	-0.95944	-0.99
1.31808	-0.92372	1.31808	-0.10568	-0.96426	-0.99
0.11976	-0.919	0.11976	-0.09376	-0.96098	-0.99
-0.34556	-0.91712	-0.34556	-0.09448	-0.96394	-0.99
1.18778	-0.92338	1.18778	-0.10162	-0.96194	-0.99
1.23334	-0.9231	1.23334	-0.10364	-0.96152	-0.99
-0.60766	-0.9171	-0.60766	-0.09896	-0.96722	-0.99
0.34278	-0.92002	0.34278	-0.0934	-0.9603	-0.99
-0.52368	-0.9168	-0.52368	-0.09478	-0.9646	-0.99
-0.1062	-0.91724	-0.1062	-0.09514	-0.96352	-0.99
-0.7572	-0.9162	-0.7572	-0.10552	-0.97348	-0.99
0.44976	-0.9196	0.44976	-0.09438	-0.96072	-0.99
0.37588	-0.91956	0.37588	-0.09338	-0.96028	-0.99
0.22492	-0.91836	0.22492	-0.09374	-0.9606	-0.99
-0.33478	-0.91774	-0.33478	-0.09768	-0.9652	-0.99
0.4687	-0.92454	0.4687	-0.0985	-0.96042	-0.99
-0.60262	-0.91666	-0.60262	-0.09816	-0.9675	-0.99
-0.5958	-0.91672	-0.5958	-0.10014	-0.96734	-0.99
0.33492	-0.91848	0.33492	-0.09484	-0.96038	-0.99
0.34964	-0.91916	0.34964	-0.09366	-0.96034	-0.99
0.0477	-0.91758	0.0477	-0.09382	-0.96112	-0.99
0.93394	-0.92382	0.93394	-0.09814	-0.96062	-0.99
0.82306	-0.92074	0.82306	-0.09556	-0.95996	-0.99
0.32964	-0.92284	0.32964	-0.09572	-0.96074	-0.99
0.64442	-0.9197	0.64442	-0.0956	-0.96044	-0.99
0.37828	-0.92036	0.37828	-0.09362	-0.959	-0.99
-0.60578	-0.91674	-0.60578	-0.09912	-0.96576	-0.99
0.88068	-0.9214	0.88068	-0.0957	-0.95824	-0.99
0.0185	-0.91898	0.0185	-0.09324	-0.961	-0.99
0.1102	-0.9186	0.1102	-0.0928	-0.96042	-0.99
-0.57868	-0.91712	-0.57868	-0.0988	-0.9675	-0.99
0.66854	-0.92018	0.66854	-0.09456	-0.95928	-0.99
0.51034	-0.92438	0.51034	-0.09842	-0.96034	-0.99
-0.46654	-0.91838	-0.46654	-0.09982	-0.96722	-0.99
-0.1899	-0.9179	-0.1899	-0.09362	-0.96234	-0.99
0.47394	-0.9189	0.47394	-0.0936	-0.96056	-0.99
0.03868	-0.91768	0.03868	-0.09418	-0.9611	-0.99
0.73024	-0.92044	0.73024	-0.09468	-0.9596	-0.99
0.08622	-0.91882	0.08622	-0.09296	-0.96074	-0.99
-0.47696	-0.91736	-0.47696	-0.09376	-0.96426	-0.99
-0.526	-0.91652	-0.526	-0.10162	-0.96882	-0.99
1.05146	-0.92214	1.05146	-0.09626	-0.95972	-0.99
1.13282	-0.92242	1.13282	-0.09828	-0.96024	-0.99
0.9505	-0.92134	0.9505	-0.0945	-0.9585	-0.99
0.2151	-0.91894	0.2151	-0.09282	-0.9604	-0.99
0.8646	-0.92372	0.8646	-0.09552	-0.95926	-0.99
0.29614	-0.91906	0.29614	-0.0927	-0.95906	-0.99
0.09594	-0.92026	0.09594	-0.09432	-0.96098	-0.99
0.66592	-0.9224	0.66592	-0.09472	-0.9595	-0.99
0.33478	-0.92142	0.33478	-0.09284	-0.96024	-0.99
-0.7684	-0.91624	-0.7684	-0.10248	-0.97064	-0.99
-0.00688	-0.91868	-0.00688	-0.09426	-0.96178	-0.99
-0.33388	-0.91712	-0.33388	-0.09428	-0.96396	-0.99
0.75108	-0.9204	0.75108	-0.0948	-0.9582	-0.99
1.1417	-0.92274	1.1417	-0.0993	-0.9605	-0.99
-0.17548	-0.91792	-0.17548	-0.09414	-0.9625	-0.99
1.06938	-0.92478	1.06938	-0.09864	-0.9592	-0.99
0.87558	-0.92402	0.87558	-0.0982	-0.95992	-0.99
-0.80576	-0.91668	-0.80576	-0.1027	-0.971	-0.99
0.73688	-0.9234	0.73688	-0.09578	-0.95932	-0.99
-0.56438	-0.91746	-0.56438	-0.09832	-0.96704	-0.99
-0.04556	-0.91804	-0.04556	-0.09292	-0.96138	-0.99
0.97192	-0.92576	0.97192	-0.10014	-0.95836	-0.99
-0.52228	-0.917	-0.52228	-0.0964	-0.96542	-0.99
1.02246	-0.92234	1.02246	-0.09438	-0.96144	-0.99
0.16942	-0.91894	0.16942	-0.09366	-0.96038	-0.99
0.10432	-0.91784	0.10432	-0.09354	-0.9612	-0.99
-0.01714	-0.91762	-0.01714	-0.09328	-0.96024	-0.99
-0.4689	-0.91734	-0.4689	-0.09586	-0.96458	-0.99
-0.57832	-0.91728	-0.57832	-0.09822	-0.96706	-0.99
-0.75428	-0.91584	-0.75428	-0.10378	-0.97204	-0.99
0.20994	-0.92046	0.20994	-0.09538	-0.96028	-0.99
-0.45934	-0.91758	-0.45934	-0.09962	-0.96566	-0.99
1.1842	-0.9268	1.1842	-0.10846	-0.96188	-0.99
-0.71298	-0.9167	-0.71298	-0.10058	-0.96878	-0.99
0.38602	-0.91986	0.38602	-0.09202	-0.9598	-0.99
0.68382	-0.92166	0.68382	-0.09472	-0.95896	-0.99
0.83038	-0.92282	0.83038	-0.0954	-0.96038	-0.99
0.84014	-0.92358	0.84014	-0.0955	-0.96004	-0.99
0.91944	-0.925	0.91944	-0.09884	-0.95888	-0.99
0.79104	-0.92132	0.79104	-0.09542	-0.95846	-0.99
0.96594	-0.92446	0.96594	-0.09876	-0.95852	-0.99
-0.35686	-0.9175	-0.35686	-0.09516	-0.9645	-0.99
0.18876	-0.91912	0.18876	-0.09286	-0.96008	-0.99
-0.6399	-0.91662	-0.6399	-0.09572	-0.96776	-0.99
1.08424	-0.92204	1.08424	-0.10276	-0.95684	-0.99
1.2114	-0.92384	1.2114	-0.10142	-0.96286	-0.99
-0.47694	-0.91662	-0.47694	-0.09522	-0.96342	-0.99
0.02212	-0.9186	0.02212	-0.0939	-0.96144	-0.99
0.27638	-0.92066	0.27638	-0.09444	-0.96044	-0.99
0.78118	-0.92098	0.78118	-0.0947	-0.95984	-0.99
0.4188	-0.92012	0.4188	-0.09338	-0.95966	-0.99
-0.0067	-0.91898	-0.0067	-0.0943	-0.96122	-0.99
0.41846	-0.92094	0.41846	-0.09374	-0.96	-0.99
-0.35696	-0.9174	-0.35696	-0.09692	-0.96408	-0.99
0.99214	-0.92198	0.99214	-0.09462	-0.95944	-0.99
1.19786	-0.9233	1.19786	-0.09874	-0.96144	-0.99
1.15626	-0.92514	1.15626	-0.10082	-0.96144	-0.99
0.29648	-0.91868	0.29648	-0.09292	-0.96132	-0.99
0.15538	-0.91834	0.15538	-0.09294	-0.95918	-0.99
-0.49568	-0.9168	-0.49568	-0.09332	-0.96532	-0.99
-0.72784	-0.9166	-0.72784	-0.09932	-0.969	-0.99
0.5743	-0.92422	0.5743	-0.09834	-0.96036	-0.99
0.79996	-0.92468	0.79996	-0.09768	-0.9585	-0.99
-0.42582	-0.91766	-0.42582	-0.09696	-0.96548	-0.99
-0.13938	-0.91878	-0.13938	-0.09394	-0.96368	-0.99
0.73474	-0.9203	0.73474	-0.09378	-0.95826	-0.99
0.28986	-0.9195	0.28986	-0.09258	-0.96092	-0.99
-0.58974	-0.91694	-0.58974	-0.09524	-0.96652	-0.99
-0.01464	-0.91816	-0.01464	-0.0935	-0.9625	-0.99
-0.02672	-0.91884	-0.02672	-0.09328	-0.96044	-0.99
-0.5491	-0.91726	-0.5491	-0.09462	-0.9657	-0.99
0.47216	-0.91972	0.47216	-0.0941	-0.95998	-0.99
-0.08354	-0.91798	-0.08354	-0.09314	-0.96296	-0.99
0.34314	-0.91934	0.34314	-0.09338	-0.95948	-0.99
0.96784	-0.92468	0.96784	-0.10004	-0.9599	-0.99
0.71134	-0.92082	0.71134	-0.09442	-0.9595	-0.99
-0.38858	-0.91738	-0.38858	-0.09476	-0.96496	-0.99
-0.70938	-0.91646	-0.70938	-0.10038	-0.9687	-0.99
0.35676	-0.91916	0.35676	-0.09364	-0.96068	-0.99
0.05324	-0.91792	0.05324	-0.09352	-0.9607	-0.99
-0.57646	-0.9171	-0.57646	-0.09564	-0.96638	-0.99
0.37576	-0.91964	0.37576	-0.09316	-0.95924	-0.99
-0.37556	-0.91772	-0.37556	-0.09736	-0.96406	-0.99
-0.09098	-0.91894	-0.09098	-0.09528	-0.96314	-0.99
1.00056	-0.922	1.00056	-0.0966	-0.96064	-0.99
-0.1965	-0.91822	-0.1965	-0.0933	-0.9628	-0.99
0.95342	-0.9215	0.95342	-0.09578	-0.95804	-0.99
-0.12624	-0.91724	-0.12624	-0.09384	-0.96292	-0.99
0.1335	-0.9195	0.1335	-0.0933	-0.96018	-0.99
0.97646	-0.92366	0.97646	-0.09796	-0.95816	-0.99
1.06464	-0.92224	1.06464	-0.10582	-0.96208	-0.99
0.1587	-0.9177	0.1587	-0.0967	-0.9601	-0.99
0.31758	-0.92106	0.31758	-0.09414	-0.96018	-0.99
0.6032	-0.9202	0.6032	-0.0937	-0.96052	-0.99
1.2034	-0.92324	1.2034	-0.10084	-0.96024	-0.99
-0.67074	-0.91698	-0.67074	-0.09876	-0.96728	-0.99
-0.62646	-0.91718	-0.62646	-0.09962	-0.96742	-0.99
-0.17392	-0.91856	-0.17392	-0.0947	-0.96342	-0.99
-0.14616	-0.91736	-0.14616	-0.09304	-0.96124	-0.99
-0.38562	-0.9181	-0.38562	-0.09682	-0.96436	-0.99
-0.17238	-0.91758	-0.17238	-0.09512	-0.96416	-0.99
-0.63052	-0.91692	-0.63052	-0.09932	-0.96672	-0.99
1.26236	-0.92352	1.26236	-0.1028	-0.96216	-0.99
0.09014	-0.91818	0.09014	-0.09386	-0.96084	-0.99
0.49014	-0.92118	0.49014	-0.09444	-0.9594	-0.99
-0.43266	-0.91742	-0.43266	-0.0971	-0.96366	-0.99
0.2527	-0.92326	0.2527	-0.09842	-0.9599	-0.99
1.1792	-0.92276	1.1792	-0.10068	-0.96048	-0.99
0.00634	-0.91878	0.00634	-0.09244	-0.96068	-0.99
1.23132	-0.923	1.23132	-0.10338	-0.96096	-0.99
-0.12108	-0.91764	-0.12108	-0.0932	-0.96216	-0.99
0.9353	-0.92122	0.9353	-0.0979	-0.95914	-0.99
-0.52536	-0.91636	-0.52536	-0.09592	-0.96534	-0.99
-0.24856	-0.918	-0.24856	-0.09572	-0.96496	-0.99
-0.8207	-0.91626	-0.8207	-0.10268	-0.97098	-0.99
0.99024	-0.9244	0.99024	-0.09814	-0.95964	-0.99
-0.43316	-0.91684	-0.43316	-0.09592	-0.96598	-0.99
0.8246	-0.9214	0.8246	-0.09432	-0.96116	-0.99
0.12836	-0.9182	0.12836	-0.09266	-0.9599	-0.99
-0.74174	-0.91654	-0.74174	-0.1002	-0.96858	-0.99
1.1832	-0.92368	1.1832	-0.09884	-0.96188	-0.99
1.0778	-0.92276	1.0778	-0.09632	-0.96044	-0.99
-0.39488	-0.91812	-0.39488	-0.09884	-0.96622	-0.99
0.96056	-0.92408	0.96056	-0.09796	-0.9591	-0.99
-0.03694	-0.9179	-0.03694	-0.09324	-0.96102	-0.99
1.08788	-0.9224	1.08788	-0.09828	-0.9598	-0.99
-0.21254	-0.91762	-0.21254	-0.09318	-0.96424	-0.99
-0.70242	-0.91666	-0.70242	-0.1007	-0.96866	-0.99
0.6351	-0.9195	0.6351	-0.0967	-0.96072	-0.99
-0.62756	-0.91684	-0.62756	-0.09532	-0.9672	-0.99
0.58614	-0.91962	0.58614	-0.09436	-0.96054	-0.99
-0.33268	-0.91684	-0.33268	-0.09514	-0.96484	-0.99
0.23086	-0.91934	0.23086	-0.09316	-0.95958	-0.99
0.39666	-0.91902	0.39666	-0.09354	-0.96104	-0.99
0.89922	-0.92146	0.89922	-0.0945	-0.96066	-0.99
1.02554	-0.92494	1.02554	-0.09878	-0.9587	-0.99
-0.15582	-0.91822	-0.15582	-0.09436	-0.96212	-0.99
1.02454	-0.9239	1.02454	-0.09736	-0.959	-0.99
-0.68514	-0.91614	-0.68514	-0.10088	-0.96812	-0.99
-0.6325	-0.91682	-0.6325	-0.10088	-0.9682	-0.99
0.84226	-0.92394	0.84226	-0.09744	-0.95778	-0.99
1.19936	-0.92492	1.19936	-0.10186	-0.96094	-0.99
0.75934	-0.92426	0.75934	-0.09708	-0.95948	-0.99
0.69136	-0.92092	0.69136	-0.09378	-0.95894	-0.99
0.69802	-0.92054	0.69802	-0.09344	-0.95842	-0.99
0.3266	-0.91928	0.3266	-0.09304	-0.95996	-0.99
-0.74108	-0.9166	-0.74108	-0.10122	-0.96824	-0.99
-0.53942	-0.91634	-0.53942	-0.09658	-0.96666	-0.99
0.61016	-0.92132	0.61016	-0.09336	-0.95972	-0.99
-0.72968	-0.91592	-0.72968	-0.09778	-0.9702	-0.99
0.70344	-0.9218	0.70344	-0.09452	-0.95942	-0.99
1.15402	-0.92322	1.15402	-0.09986	-0.96142	-0.99
0.21912	-0.91924	0.21912	-0.09284	-0.95968	-0.99
0.8906	-0.92412	0.8906	-0.09812	-0.95964	-0.99
-0.234	-0.91796	-0.234	-0.09386	-0.96296	-0.99
0.62738	-0.92018	0.62738	-0.09426	-0.95966	-0.99
-0.04036	-0.91792	-0.04036	-0.0932	-0.96182	-0.99
-0.51036	-0.9164	-0.51036	-0.10166	-0.96778	-0.99
1.1254	-0.92296	1.1254	-0.09786	-0.96178	-0.99
-0.5977	-0.91742	-0.5977	-0.09862	-0.966	-0.99
0.84126	-0.92354	0.84126	-0.0971	-0.95932	-0.99
1.21386	-0.92374	1.21386	-0.1075	-0.95972	-0.99
0.91544	-0.92164	0.91544	-0.09576	-0.95898	-0.99
0.78104	-0.92068	0.78104	-0.09396	-0.96004	-0.99
0.97222	-0.92526	0.97222	-0.10018	-0.95986	-0.99
0.29284	-0.92268	0.29284	-0.09712	-0.96034	-0.99
0.59584	-0.92036	0.59584	-0.09422	-0.95954	-0.99
1.069	-0.92264	1.069	-0.09862	-0.9599	-0.99
0.23106	-0.92042	0.23106	-0.09438	-0.96144	-0.99
0.55296	-0.92196	0.55296	-0.09552	-0.95932	-0.99
-0.22372	-0.91788	-0.22372	-0.09308	-0.96344	-0.99
1.12626	-0.92522	1.12626	-0.10054	-0.96082	-0.99
0.78998	-0.9207	0.78998	-0.09508	-0.95862	-0.99
0.50228	-0.92264	0.50228	-0.09594	-0.9589	-0.99
0.76324	-0.92	0.76324	-0.09432	-0.95886	-0.99
0.39804	-0.91888	0.39804	-0.09348	-0.96	-0.99
0.91034	-0.92142	0.91034	-0.09488	-0.96078	-0.99
-0.11472	-0.91788	-0.11472	-0.09396	-0.96378	-0.99
0.57506	-0.92366	0.57506	-0.09654	-0.9595	-0.99
0.04834	-0.9183	0.04834	-0.09668	-0.96272	-0.99
-0.70148	-0.91672	-0.70148	-0.09858	-0.96804	-0.99
0.93884	-0.92184	0.93884	-0.09502	-0.96002	-0.99
0.50312	-0.9218	0.50312	-0.09498	-0.95814	-0.99
-0.35396	-0.9178	-0.35396	-0.09486	-0.96296	-0.99
1.18084	-0.926	1.18084	-0.10212	-0.96076	-0.99
-0.33976	-0.91776	-0.33976	-0.09542	-0.96414	-0.99
-0.55824	-0.9166	-0.55824	-0.09582	-0.967	-0.99
0.25542	-0.91914	0.25542	-0.09268	-0.96002	-0.99
-0.2474	-0.91756	-0.2474	-0.09392	-0.96338	-0.99
-0.2183	-0.91742	-0.2183	-0.09348	-0.96252	-0.99
-0.50778	-0.91718	-0.50778	-0.09642	-0.96584	-0.99
1.1781	-0.92518	1.1781	-0.10102	-0.96154	-0.99
-0.29962	-0.91746	-0.29962	-0.09574	-0.9646	-0.99
1.00554	-0.92162	1.00554	-0.09502	-0.95852	-0.99
0.26866	-0.91942	0.26866	-0.09282	-0.95912	-0.99
0.6432	-0.92148	0.6432	-0.09444	-0.95946	-0.99
0.44568	-0.9194	0.44568	-0.09322	-0.95844	-0.99
1.34434	-0.9245	1.34434	-0.10782	-0.96604	-0.99
-0.69048	-0.91684	-0.69048	-0.09934	-0.96846	-0.99
-0.38714	-0.91698	-0.38714	-0.09604	-0.96472	-0.99
1.27498	-0.92398	1.27498	-0.10368	-0.9633	-0.99
-0.56328	-0.91652	-0.56328	-0.09824	-0.96874	-0.99
0.21916	-0.91912	0.21916	-0.09288	-0.9607	-0.99
1.33898	-0.92466	1.33898	-0.10678	-0.96482	-0.99
0.1159	-0.91842	0.1159	-0.09296	-0.96114	-0.99
1.18796	-0.92508	1.18796	-0.1014	-0.96208	-0.99
0.06586	-0.91822	0.06586	-0.09328	-0.96198	-0.99
0.79268	-0.92048	0.79268	-0.09646	-0.95878	-0.99
1.07232	-0.92476	1.07232	-0.09834	-0.95944	-0.99
-0.74762	-0.91622	-0.74762	-0.10152	-0.97038	-0.99
0.3808	-0.92188	0.3808	-0.09512	-0.95986	-0.99
-0.50292	-0.9174	-0.50292	-0.09706	-0.96486	-0.99
0.0901	-0.91934	0.0901	-0.09346	-0.96166	-0.99
-0.55222	-0.9169	-0.55222	-0.0969	-0.96612	-0.99
1.22714	-0.92526	1.22714	-0.1032	-0.9615	-0.99
0.2353	-0.91882	0.2353	-0.09304	-0.96096	-0.99
1.16766	-0.92494	1.16766	-0.10136	-0.96152	-0.99
-0.63964	-0.917	-0.63964	-0.09856	-0.96734	-0.99
-0.09042	-0.91754	-0.09042	-0.0937	-0.96254	-0.99
0.57776	-0.9198	0.57776	-0.094	-0.95998	-0.99
0.16696	-0.92152	0.16696	-0.09658	-0.9624	-0.99
-0.332	-0.91748	-0.332	-0.0959	-0.96368	-0.99
0.20272	-0.91784	0.20272	-0.09642	-0.96274	-0.99
-0.5673	-0.91698	-0.5673	-0.09856	-0.96664	-0.99
-0.5008	-0.91736	-0.5008	-0.0976	-0.96692	-0.99
-0.81896	-0.91596	-0.81896	-0.10476	-0.97278	-0.99
-0.77174	-0.91626	-0.77174	-0.103	-0.9705	-0.99
0.69486	-0.92294	0.69486	-0.09532	-0.95932	-0.99
-0.05644	-0.9174	-0.05644	-0.09418	-0.96316	-0.99
0.78492	-0.92084	0.78492	-0.09524	-0.95852	-0.99
0.85446	-0.92146	0.85446	-0.09372	-0.95958	-0.99
-0.64822	-0.91662	-0.64822	-0.09824	-0.96628	-0.99
1.03362	-0.92254	1.03362	-0.09644	-0.96088	-0.99
0.51018	-0.9217	0.51018	-0.09448	-0.95976	-0.99
1.2635	-0.92422	1.2635	-0.10336	-0.96226	-0.99
-0.38886	-0.91758	-0.38886	-0.09506	-0.96398	-0.99
0.15816	-0.9198	0.15816	-0.09342	-0.95964	-0.99
0.01106	-0.91786	0.01106	-0.09306	-0.96044	-0.99
1.1071	-0.92278	1.1071	-0.09786	-0.9609	-0.99
-0.7569	-0.91626	-0.7569	-0.1022	-0.97094	-0.99
-0.80904	-0.91584	-0.80904	-0.10648	-0.97486	-0.99
-0.58734	-0.9169	-0.58734	-0.10042	-0.96804	-0.99
-0.38894	-0.91702	-0.38894	-0.09386	-0.96436	-0.99
-0.59424	-0.91672	-0.59424	-0.0984	-0.96592	-0.99
0.0583	-0.91762	0.0583	-0.0967	-0.96346	-0.99
-0.43544	-0.91816	-0.43544	-0.09558	-0.96484	-0.99
-0.57772	-0.91648	-0.57772	-0.09818	-0.96772	-0.99
0.86052	-0.92304	0.86052	-0.09578	-0.95722	-0.99
0.6523	-0.92046	0.6523	-0.09378	-0.9592	-0.99
0.66128	-0.92272	0.66128	-0.09508	-0.95914	-0.99
0.4945	-0.91994	0.4945	-0.09348	-0.95896	-0.99
-0.6477	-0.91674	-0.6477	-0.101	-0.9682	-0.99
0.2795	-0.9193	0.2795	-0.0929	-0.96116	-0.99
1.05366	-0.92502	1.05366	-0.09944	-0.95764	-0.99
-0.59294	-0.91674	-0.59294	-0.09906	-0.96804	-0.99
-0.0618	-0.92064	-0.0618	-0.09956	-0.9635	-0.99
-0.3972	-0.91732	-0.3972	-0.0942	-0.96356	-0.99
-0.19834	-0.9177	-0.19834	-0.09384	-0.96232	-0.99
0.171	-0.919	0.171	-0.093	-0.96152	-0.99
1.13998	-0.92506	1.13998	-0.0997	-0.95864	-0.99
0.82134	-0.92334	0.82134	-0.09558	-0.95898	-0.99
-0.5176	-0.91632	-0.5176	-0.0966	-0.96684	-0.99
0.37992	-0.91968	0.37992	-0.09368	-0.95994	-0.99
0.3434	-0.92004	0.3434	-0.09326	-0.96004	-0.99
0.68816	-0.92068	0.68816	-0.09304	-0.95758	-0.99
0.41146	-0.92066	0.41146	-0.09306	-0.95976	-0.99
0.43672	-0.92012	0.43672	-0.09324	-0.95998	-0.99
0.53448	-0.92028	0.53448	-0.09352	-0.95924	-0.99
-0.24156	-0.91824	-0.24156	-0.09448	-0.96322	-0.99
-0.04442	-0.9181	-0.04442	-0.09294	-0.96058	-0.99
0.75792	-0.9242	0.75792	-0.09826	-0.95938	-0.99
0.14998	-0.92062	0.14998	-0.09568	-0.9607	-0.99
0.32936	-0.922	0.32936	-0.09514	-0.95986	-0.99
-0.2261	-0.91766	-0.2261	-0.09556	-0.96234	-0.99
-0.58162	-0.91718	-0.58162	-0.0971	-0.9674	-0.99
1.2084	-0.92324	1.2084	-0.10302	-0.96088	-0.99
-0.54634	-0.91662	-0.54634	-0.09884	-0.96584	-0.99
0.9771	-0.92414	0.9771	-0.09784	-0.96142	-0.99
1.19124	-0.92584	1.19124	-0.10266	-0.96008	-0.99
0.1839	-0.91922	0.1839	-0.0935	-0.9605	-0.99
0.94184	-0.92432	0.94184	-0.09802	-0.96072	-0.99
0.83702	-0.92462	0.83702	-0.10018	-0.95894	-0.99
-0.71926	-0.91598	-0.71926	-0.10302	-0.97018	-0.99
0.4874	-0.91908	0.4874	-0.09372	-0.9591	-0.99
-0.41138	-0.91766	-0.41138	-0.0959	-0.9636	-0.99
1.2564	-0.9238	1.2564	-0.10364	-0.9621	-0.99
-0.5934	-0.91676	-0.5934	-0.09552	-0.96712	-0.99
-0.28194	-0.91726	-0.28194	-0.09336	-0.96308	-0.99
0.66332	-0.9196	0.66332	-0.09722	-0.95744	-0.99
-0.45496	-0.91764	-0.45496	-0.0972	-0.96452	-0.99
1.14382	-0.9233	1.14382	-0.09792	-0.96192	-0.99
1.23106	-0.92358	1.23106	-0.1013	-0.9636	-0.99
-0.32028	-0.91744	-0.32028	-0.09926	-0.96638	-0.99
0.90264	-0.92176	0.90264	-0.09414	-0.9591	-0.99
0.09438	-0.91814	0.09438	-0.09594	-0.962	-0.99
0.3878	-0.92024	0.3878	-0.09282	-0.95938	-0.99
1.32482	-0.92646	1.32482	-0.11138	-0.96694	-0.99
-0.53046	-0.9171	-0.53046	-0.0977	-0.96592	-0.99
0.22816	-0.9188	0.22816	-0.0928	-0.95988	-0.99
1.18864	-0.92504	1.18864	-0.10168	-0.96024	-0.99
0.33402	-0.92254	0.33402	-0.09536	-0.96098	-0.99
-0.15844	-0.9184	-0.15844	-0.0937	-0.96338	-0.99
0.0131	-0.91786	0.0131	-0.09378	-0.96108	-0.99
1.13906	-0.92458	1.13906	-0.09944	-0.9626	-0.99
-0.48968	-0.91708	-0.48968	-0.10038	-0.96656	-0.99
0.35252	-0.9196	0.35252	-0.09442	-0.9603	-0.99
0.24908	-0.91872	0.24908	-0.09384	-0.96056	-0.99
-0.32676	-0.9174	-0.32676	-0.09314	-0.96294	-0.99
0.0744	-0.91836	0.0744	-0.09386	-0.95984	-0.99
-0.15446	-0.9177	-0.15446	-0.09484	-0.9619	-0.99
1.09096	-0.92236	1.09096	-0.09912	-0.96006	-0.99
0.80086	-0.92282	0.80086	-0.0953	-0.9594	-0.99
0.9707	-0.92438	0.9707	-0.09746	-0.95914	-0.99
0.83516	-0.92404	0.83516	-0.09766	-0.95914	-0.99
0.94932	-0.9218	0.94932	-0.09514	-0.95958	-0.99
0.5418	-0.92296	0.5418	-0.09508	-0.95836	-0.99
0.72794	-0.9205	0.72794	-0.09406	-0.95984	-0.99
-0.04656	-0.91904	-0.04656	-0.09456	-0.96194	-0.99
-0.51068	-0.91668	-0.51068	-0.09796	-0.96528	-0.99
-0.93056	-0.91448	-0.93056	-0.1126	-0.98068	-0.99
0.87242	-0.9241	0.87242	-0.0974	-0.96132	-0.99
-0.56384	-0.91644	-0.56384	-0.09612	-0.96616	-0.99
-0.51534	-0.91702	-0.51534	-0.0954	-0.96476	-0.99
-0.52314	-0.91682	-0.52314	-0.09768	-0.96812	-0.99
1.02766	-0.92198	1.02766	-0.09562	-0.95972	-0.99
-0.22758	-0.9189	-0.22758	-0.0995	-0.96452	-0.99
0.2351	-0.91914	0.2351	-0.09372	-0.95906	-0.99
-0.2321	-0.91794	-0.2321	-0.09494	-0.96274	-0.99
1.07224	-0.92492	1.07224	-0.0994	-0.96016	-0.99
1.05266	-0.92194	1.05266	-0.09824	-0.95914	-0.99
0.14316	-0.9192	0.14316	-0.09356	-0.96114	-0.99
1.1277	-0.92242	1.1277	-0.1016	-0.96	-0.99
-0.0836	-0.91824	-0.0836	-0.09318	-0.96184	-0.99
1.246	-0.92336	1.246	-0.1028	-0.96212	-0.99
0.91052	-0.92104	0.91052	-0.09586	-0.95852	-0.99
0.2372	-0.91896	0.2372	-0.09338	-0.95946	-0.99
0.5025	-0.9209	0.5025	-0.09326	-0.95858	-0.99
0.99046	-0.92386	0.99046	-0.09794	-0.96108	-0.99
0.96148	-0.92196	0.96148	-0.09562	-0.96026	-0.99
-0.62658	-0.91718	-0.62658	-0.09762	-0.96722	-0.99
1.11674	-0.92626	1.11674	-0.10634	-0.95816	-0.99
0.30366	-0.91918	0.30366	-0.09294	-0.96062	-0.99
-0.47254	-0.91706	-0.47254	-0.0946	-0.96532	-0.99
-0.69936	-0.91636	-0.69936	-0.10114	-0.96938	-0.99
0.22908	-0.9188	0.22908	-0.09314	-0.96074	-0.99
1.1754	-0.92568	1.1754	-0.10384	-0.95884	-0.99
0.2479	-0.92298	0.2479	-0.09846	-0.96036	-0.99
-0.63078	-0.91666	-0.63078	-0.0972	-0.96732	-0.99
-0.5376	-0.91728	-0.5376	-0.09718	-0.96556	-0.99
0.85644	-0.92068	0.85644	-0.09416	-0.9588	-0.99
-0.21438	-0.91738	-0.21438	-0.09418	-0.9629	-0.99
0.4739	-0.91926	0.4739	-0.09886	-0.96036	-0.99
-0.68448	-0.91708	-0.68448	-0.09832	-0.96812	-0.99
0.28104	-0.9188	0.28104	-0.09272	-0.96036	-0.99
-0.5089	-0.91642	-0.5089	-0.10032	-0.96848	-0.99
-0.72466	-0.91686	-0.72466	-0.09952	-0.96866	-0.99
0.63516	-0.92084	0.63516	-0.09332	-0.95862	-0.99
0.33114	-0.92346	0.33114	-0.10084	-0.96006	-0.99
0.0359	-0.91774	0.0359	-0.09292	-0.96174	-0.99
-0.19834	-0.9181	-0.19834	-0.09404	-0.96202	-0.99
-0.39238	-0.91822	-0.39238	-0.10236	-0.96784	-0.99
-0.55438	-0.91714	-0.55438	-0.0962	-0.96612	-0.99
0.93106	-0.92198	0.93106	-0.0954	-0.96206	-0.99
1.19826	-0.92286	1.19826	-0.10244	-0.9604	-0.99
0.9735	-0.92354	0.9735	-0.09774	-0.96004	-0.99
0.36496	-0.9198	0.36496	-0.09378	-0.95986	-0.99
1.21364	-0.92336	1.21364	-0.10142	-0.96018	-0.99
1.23854	-0.92562	1.23854	-0.10266	-0.96268	-0.99
-0.26322	-0.91722	-0.26322	-0.09804	-0.96554	-0.99
-0.58004	-0.91712	-0.58004	-0.0937	-0.96672	-0.99
0.23432	-0.91972	0.23432	-0.09292	-0.95982	-0.99
1.12284	-0.92484	1.12284	-0.1003	-0.95936	-0.99
1.11606	-0.92246	1.11606	-0.09954	-0.9594	-0.99
-0.0787	-0.91926	-0.0787	-0.09324	-0.96258	-0.99
-0.5076	-0.91732	-0.5076	-0.095	-0.96538	-0.99
0.08958	-0.9185	0.08958	-0.09354	-0.96038	-0.99
-0.25328	-0.9168	-0.25328	-0.09544	-0.96388	-0.99
0.74634	-0.92098	0.74634	-0.0943	-0.9604	-0.99
1.19946	-0.92606	1.19946	-0.1025	-0.9615	-0.99
-0.53504	-0.91712	-0.53504	-0.09694	-0.96482	-0.99
0.9176	-0.92092	0.9176	-0.09624	-0.95786	-0.99
-0.36304	-0.91816	-0.36304	-0.09756	-0.96442	-0.99
0.80148	-0.91996	0.80148	-0.09604	-0.95724	-0.99
-0.61464	-0.91668	-0.61464	-0.09844	-0.96686	-0.99
-0.57876	-0.91712	-0.57876	-0.095	-0.9656	-0.99
-0.26054	-0.91834	-0.26054	-0.09618	-0.96352	-0.99
0.88934	-0.92402	0.88934	-0.09726	-0.95888	-0.99
0.20102	-0.91934	0.20102	-0.09384	-0.95998	-0.99
-0.28312	-0.917	-0.28312	-0.09364	-0.9645	-0.99
1.06902	-0.92538	1.06902	-0.10048	-0.95852	-0.99
-0.31886	-0.91894	-0.31886	-0.09998	-0.9651	-0.99
-0.11098	-0.91894	-0.11098	-0.09486	-0.9632	-0.99
-0.54446	-0.91714	-0.54446	-0.09948	-0.96754	-0.99
0.58652	-0.92228	0.58652	-0.09428	-0.96076	-0.99
0.05108	-0.9192	0.05108	-0.09292	-0.96186	-0.99
-0.16878	-0.91882	-0.16878	-0.09506	-0.96168	-0.99
1.00776	-0.92292	1.00776	-0.09544	-0.96056	-0.99
0.64604	-0.92308	0.64604	-0.09602	-0.95898	-0.99
-0.58484	-0.91668	-0.58484	-0.09842	-0.96732	-0.99
-0.71692	-0.91644	-0.71692	-0.09984	-0.96872	-0.99
1.02672	-0.92664	1.02672	-0.1055	-0.95908	-0.99
1.14012	-0.923	1.14012	-0.09948	-0.96134	-0.99
-0.28026	-0.91738	-0.28026	-0.09644	-0.96498	-0.99
-0.3326	-0.91744	-0.3326	-0.09554	-0.9636	-0.99
0.06722	-0.91798	0.06722	-0.09352	-0.9602	-0.99
-0.32882	-0.91814	-0.32882	-0.09958	-0.96464	-0.99
1.01124	-0.92392	1.01124	-0.09716	-0.96182	-0.99
0.06484	-0.91852	0.06484	-0.0927	-0.96088	-0.99
1.159	-0.92644	1.159	-0.1058	-0.95938	-0.99
-0.4292	-0.9172	-0.4292	-0.09536	-0.96408	-0.99
0.43296	-0.91844	0.43296	-0.09364	-0.961	-0.99
0.49638	-0.92426	0.49638	-0.09912	-0.95926	-0.99
-0.72088	-0.91632	-0.72088	-0.09908	-0.9688	-0.99
0.1412	-0.91872	0.1412	-0.09372	-0.96024	-0.99
0.96564	-0.92136	0.96564	-0.09562	-0.95978	-0.99
0.95364	-0.92216	0.95364	-0.09566	-0.9596	-0.99
-0.33196	-0.9174	-0.33196	-0.09446	-0.9637	-0.99
1.3055	-0.92394	1.3055	-0.104	-0.96498	-0.99
-0.47168	-0.9176	-0.47168	-0.099	-0.96592	-0.99
-0.59772	-0.91664	-0.59772	-0.09892	-0.96698	-0.99
-0.13036	-0.919	-0.13036	-0.09656	-0.9632	-0.99
0.81806	-0.92354	0.81806	-0.09644	-0.96024	-0.99
0.6015	-0.92102	0.6015	-0.0943	-0.96088	-0.99
1.38248	-0.92652	1.38248	-0.11046	-0.96664	-0.99
-0.57094	-0.91686	-0.57094	-0.09716	-0.96694	-0.99
0.01724	-0.91816	0.01724	-0.0996	-0.96208	-0.99
1.08428	-0.92504	1.08428	-0.10226	-0.95928	-0.99
-0.06148	-0.91868	-0.06148	-0.09482	-0.96236	-0.99
0.48748	-0.9246	0.48748	-0.10008	-0.95892	-0.99
0.57828	-0.92024	0.57828	-0.09358	-0.96032	-0.99
0.28118	-0.91926	0.28118	-0.09354	-0.9599	-0.99
0.55368	-0.9218	0.55368	-0.09398	-0.9591	-0.99
-0.40002	-0.91754	-0.40002	-0.09632	-0.9646	-0.99
0.69888	-0.922	0.69888	-0.09504	-0.96008	-0.99
-0.11796	-0.91752	-0.11796	-0.09428	-0.96434	-0.99
-0.35008	-0.91804	-0.35008	-0.09498	-0.96442	-0.99
-0.12814	-0.91714	-0.12814	-0.09462	-0.96434	-0.99
1.32494	-0.92562	1.32494	-0.107	-0.96468	-0.99
1.2547	-0.9237	1.2547	-0.10244	-0.96406	-0.99
0.85424	-0.92128	0.85424	-0.09544	-0.95858	-0.99
1.14678	-0.9261	1.14678	-0.10242	-0.95978	-0.99
0.5853	-0.92042	0.5853	-0.0935	-0.96036	-0.99
1.19056	-0.92328	1.19056	-0.09986	-0.96042	-0.99
0.46934	-0.92098	0.46934	-0.09414	-0.9601	-0.99
0.84954	-0.92026	0.84954	-0.0975	-0.95756	-0.99
0.24166	-0.9181	0.24166	-0.095	-0.96328	-0.99
-0.61692	-0.91688	-0.61692	-0.09652	-0.96678	-0.99
-0.61532	-0.91692	-0.61532	-0.09812	-0.96722	-0.99
1.15302	-0.92326	1.15302	-0.10982	-0.9608	-0.99
-0.65578	-0.91678	-0.65578	-0.09936	-0.96712	-0.99
0.64474	-0.92202	0.64474	-0.09436	-0.95866	-0.99
-0.49736	-0.91704	-0.49736	-0.09608	-0.96562	-0.99
0.27072	-0.91916	0.27072	-0.09288	-0.95932	-0.99
0.38648	-0.91896	0.38648	-0.09376	-0.9599	-0.99
0.24024	-0.91828	0.24024	-0.09344	-0.9605	-0.99
-0.60822	-0.91674	-0.60822	-0.09606	-0.96686	-0.99
0.64466	-0.92014	0.64466	-0.09426	-0.95916	-0.99
0.21886	-0.9187	0.21886	-0.09262	-0.95962	-0.99
0.42738	-0.9207	0.42738	-0.09414	-0.95978	-0.99
0.75962	-0.92242	0.75962	-0.09546	-0.9596	-0.99
-0.81742	-0.91642	-0.81742	-0.10172	-0.97262	-0.99
0.90736	-0.9232	0.90736	-0.09686	-0.9579	-0.99
1.0494	-0.92604	1.0494	-0.10246	-0.95824	-0.99
-0.12962	-0.91862	-0.12962	-0.09488	-0.96234	-0.99
1.217	-0.92564	1.217	-0.10354	-0.9607	-0.99
0.52304	-0.92024	0.52304	-0.0946	-0.9598	-0.99
-0.54044	-0.91664	-0.54044	-0.09604	-0.96722	-0.99
-0.75342	-0.91682	-0.75342	-0.10276	-0.96968	-0.99
0.7221	-0.9215	0.7221	-0.09496	-0.96004	-0.99
0.4516	-0.9208	0.4516	-0.0931	-0.95936	-0.99
-0.47202	-0.91746	-0.47202	-0.09742	-0.965	-0.99
0.52746	-0.9211	0.52746	-0.0944	-0.95874	-0.99
-0.20716	-0.91748	-0.20716	-0.09356	-0.96274	-0.99
0.48268	-0.92044	0.48268	-0.09272	-0.95942	-0.99
-0.58574	-0.91706	-0.58574	-0.09756	-0.9663	-0.99
-0.05982	-0.91842	-0.05982	-0.0935	-0.96122	-0.99
1.1225	-0.9229	1.1225	-0.09792	-0.96064	-0.99
0.31404	-0.9218	0.31404	-0.09454	-0.96092	-0.99
0.9657	-0.92198	0.9657	-0.0963	-0.95984	-0.99
0.06426	-0.9187	0.06426	-0.09332	-0.96124	-0.99
-0.63822	-0.91642	-0.63822	-0.09534	-0.967	-0.99
0.53442	-0.91894	0.53442	-0.09368	-0.96002	-0.99
-0.3435	-0.91718	-0.3435	-0.09474	-0.96468	-0.99
-0.46998	-0.91742	-0.46998	-0.09638	-0.96438	-0.99
0.91	-0.92188	0.91	-0.09518	-0.95972	-0.99
-0.59816	-0.91648	-0.59816	-0.09762	-0.96948	-0.99
0.7954	-0.92396	0.7954	-0.09672	-0.95994	-0.99
-0.29806	-0.91786	-0.29806	-0.09434	-0.96362	-0.99
0.93502	-0.92142	0.93502	-0.09596	-0.95982	-0.99
1.19158	-0.92514	1.19158	-0.1014	-0.96162	-0.99
0.42168	-0.92076	0.42168	-0.09396	-0.96076	-0.99
0.27276	-0.91884	0.27276	-0.09394	-0.95988	-0.99
-0.62978	-0.91654	-0.62978	-0.09854	-0.96778	-0.99
-0.34764	-0.91752	-0.34764	-0.0946	-0.96452	-0.99
0.51314	-0.9197	0.51314	-0.0971	-0.96038	-0.99
-0.23974	-0.91746	-0.23974	-0.09482	-0.96286	-0.99
-0.21112	-0.9172	-0.21112	-0.09372	-0.96218	-0.99
0.4946	-0.9212	0.4946	-0.09318	-0.95926	-0.99
-0.65286	-0.9167	-0.65286	-0.0999	-0.96852	-0.99
0.6347	-0.92022	0.6347	-0.09272	-0.95974	-0.99
-0.3714	-0.91836	-0.3714	-0.09982	-0.96608	-0.99
