124750	12444	66361	124876	13840	124750
124750	12457	63634	124784	13675	124750
124750	12476	63853	124810	13632	124750
124750	12496	65241	124792	13424	124750
124750	12472	63685	124828	13841	124750
124750	12430	63579	124790	13497	124750
124750	12478	63027	124826	13770	124750
124750	12452	62519	124782	13765	124750
124750	12439	61660	124736	13629	124750
124750	12524	63155	124762	13586	124750
124750	12438	61459	124826	13444	124750
124750	12491	62070	124768	14072	124750
124750	12482	63553	124878	13411	124750
124750	12471	61712	124784	14456	124750
124750	12491	61088	124716	14005	124750
124750	12483	64656	124756	13451	124750
124750	12499	63062	124692	13600	124750
124750	12504	62057	124774	13351	124750
124750	12469	65498	124784	13607	124750
124750	12486	62099	124730	13951	124750
124750	12447	63354	124744	13921	124750
124750	12487	63030	124832	14047	124750
124750	12457	60978	124792	13636	124750
124750	12452	65215	124786	13862	124750
124750	12466	64297	124800	13392	124750
124750	12438	60277	124822	13530	124750
124750	12487	62554	124784	13810	124750
124750	12447	62358	124808	13733	124750
124750	12515	63194	124806	13947	124750
124750	12518	62251	124762	13716	124750
124750	12479	60954	124716	13568	124750
124750	12503	63578	124752	13629	124750
124750	12460	61407	124832	13746	124750
124750	12427	63818	124710	13538	124750
124750	12426	65251	124788	13614	124750
124750	12467	62212	124764	13726	124750
124750	12462	63981	124750	13931	124750
124750	12433	62350	124726	14480	124750
124750	12469	64524	124832	13481	124750
124750	12455	62834	124794	13822	124750
124750	12486	60453	124752	13561	124750
124750	12504	61777	124724	14046	124750
124750	12454	59711	124740	13594	124750
124750	12419	62544	124758	13384	124750
124750	12452	61187	124732	13467	124750
124750	12418	62355	124798	13391	124750
124750	12449	63418	124770	13635	124750
124750	12461	64806	124672	13591	124750
124750	12511	64804	124818	13622	124750
124750	12463	65036	124702	13672	124750
124750	12438	65643	124738	14283	124750
124750	12508	60757	124774	13410	124750
124750	12490	60109	124820	14306	124750
124750	12486	63085	124760	13668	124750
124750	12496	61069	124788	13890	124750
124750	12444	63223	124700	13592	124750
124750	12485	63270	124848	13895	124750
124750	12484	63827	124772	13564	124750
124750	12514	63705	124782	13708	124750
124750	12514	61149	124750	13979	124750
124750	12405	63672	124848	13603	124750
124750	12465	65382	124764	13631	124750
124750	12437	59974	124772	13660	124750
124750	12437	64336	124858	13647	124750
124750	12469	59772	124732	13718	124750
124750	12518	61821	124810	13599	124750
124750	12465	63080	124698	13540	124750
124750	12500	60773	124742	13697	124750
124750	12533	63372	124806	13717	124750
124750	12493	60858	124774	14190	124750
124750	12445	62792	124778	13458	124750
124750	12455	60574	124764	13668	124750
124750	12492	62167	124806	13595	124750
124750	12508	58605	124800	13666	124750
124750	12503	61150	124812	13370	124750
124750	12518	62191	124790	13468	124750
124750	12440	61117	124776	14048	124750
124750	12440	63279	124784	13336	124750
124750	12508	59061	124782	13369	124750
124750	12448	66963	124782	13725	124750
124750	12474	61669	124768	13607	124750
124750	12478	64035	124778	13793	124750
124750	12518	60455	124770	13726	124750
124750	12461	63890	124802	13578	124750
124750	12493	61760	124748	13610	124750
124750	12461	62982	124778	13884	124750
124750	12525	63054	124758	13812	124750
124750	12486	62259	124808	13580	124750
124750	12502	61091	124768	13412	124750
124750	12480	62493	124790	14086	124750
124750	12427	63436	124768	13846	124750
124750	12450	64081	124738	13530	124750
124750	12481	61424	124806	14056	124750
124750	12533	58782	124756	13844	124750
124750	12439	62906	124706	13741	124750
124750	12376	66213	124772	13747	124750
124750	12540	62503	124718	13595	124750
124750	12521	62272	124780	13589	124750
124750	12385	63132	124802	14026	124750
124750	12498	60681	124890	13883	124750
124750	12515	62498	124768	13490	124750
124750	12486	62583	124798	14002	124750
124750	12466	65125	124848	13923	124750
124750	12505	64622	124854	13853	124750
124750	12504	63183	124778	13483	124750
124750	12501	66888	124774	13676	124750
124750	12434	60933	124758	13754	124750
124750	12527	65260	124798	13726	124750
124750	12532	65171	124784	13639	124750
124750	12530	61929	124776	13651	124750
124750	12455	63190	124738	13610	124750
124750	12430	62493	124746	13470	124750
124750	12390	63331	124752	13879	124750
124750	12452	66491	124804	14075	124750
124750	12530	61683	124820	13421	124750
124750	12477	63138	124822	13747	124750
124750	12543	59576	124838	14339	124750
124750	12462	62757	124778	13724	124750
124750	12518	64193	124818	13754	124750
124750	12442	67971	124762	14310	124750
124750	12450	67269	124790	14218	124750
124750	12500	61923	124670	13935	124750
124750	12510	61017	124800	13990	124750
124750	12470	61761	124740	13379	124750
124750	12533	64264	124768	13779	124750
124750	12492	65171	124788	14276	124750
124750	12498	64099	124710	13783	124750
124750	12439	62666	124770	13920	124750
124750	12508	62835	124808	14007	124750
124750	12478	61093	124808	13537	124750
124750	12515	58908	124770	14226	124750
124750	12506	62567	124812	13854	124750
124750	12490	65727	124808	13666	124750
124750	12570	61175	124784	13377	124750
124750	12479	63856	124762	13659	124750
124750	12534	64617	124768	14002	124750
124750	12460	62893	124786	13898	124750
124750	12468	63047	124782	14003	124750
124750	12469	60528	124784	13451	124750
124750	12482	63567	124814	13497	124750
124750	12453	62328	124804	13631	124750
124750	12454	63995	124774	13896	124750
124750	12486	61957	124766	13421	124750
124750	12504	62525	124740	13856	124750
124750	12470	65679	124792	14354	124750
124750	12511	61568	124732	13432	124750
124750	12475	64014	124746	14426	124750
124750	12455	64608	124760	13533	124750
124750	12524	61543	124784	13723	124750
124750	12499	61442	124740	13597	124750
124750	12445	62674	124720	13893	124750
124750	12458	61511	124754	14089	124750
124750	12456	67379	124792	14085	124750
124750	12409	64732	124822	13846	124750
124750	12431	61712	124866	13696	124750
124750	12486	62161	124850	13540	124750
124750	12478	61617	124774	14251	124750
124750	12539	62882	124768	13794	124750
124750	12416	59683	124788	13510	124750
124750	12487	64452	124710	14259	124750
124750	12450	63449	124732	13887	124750
124750	12504	63217	124822	13463	124750
124750	12498	61019	124752	15330	124750
124750	12439	61844	124826	13968	124750
124750	12519	60828	124720	13488	124750
124750	12561	62108	124778	13644	124750
124750	12530	61807	124804	14117	124750
124750	12455	65202	124774	13738	124750
124750	12529	63078	124832	13855	124750
124750	12566	60667	124840	13754	124750
124750	12466	63269	124802	13386	124750
124750	12553	64332	124782	13697	124750
124750	12498	66555	124810	13989	124750
124750	12473	63910	124724	13673	124750
124750	12456	65425	124802	14190	124750
124750	12469	60344	124806	13823	124750
124750	12432	66021	124798	14211	124750
124750	12492	64987	124746	13586	124750
124750	12405	66296	124690	14363	124750
124750	12473	63142	124764	14199	124750
124750	12523	64454	124770	13917	124750
124750	12492	61341	124818	14051	124750
124750	12516	60529	124752	13550	124750
124750	12490	60925	124730	14220	124750
124750	12494	62459	124812	13913	124750
124750	12483	62798	124678	13913	124750
124750	12403	64122	124764	13724	124750
124750	12474	63589	124786	13560	124750
124750	12449	64574	124788	13831	124750
124750	12487	60808	124796	13762	124750
124750	12494	63263	124796	13529	124750
124750	12486	59729	124812	14041	124750
124750	12487	63534	124738	13806	124750
124750	12476	63413	124748	13460	124750
124750	12479	64728	124736	13640	124750
124750	12438	64213	124828	13903	124750
124750	12500	64955	124742	13801	124750
124750	12488	62739	124722	14039	124750
124750	12562	62033	124844	14243	124750
124750	12479	62150	124698	13470	124750
124750	12490	62617	124720	13548	124750
124750	12465	61576	124828	13994	124750
124750	12477	59090	124796	13790	124750
124750	12479	60886	124768	13792	124750
124750	12542	61969	124810	13483	124750
124750	12521	63650	124776	13606	124750
124750	12478	62885	124798	13333	124750
124750	12442	60959	124726	13750	124750
124750	12508	63105	124836	13525	124750
124750	12473	64532	124820	13882	124750
124750	12448	62217	124838	13841	124750
124750	12484	63537	124832	13847	124750
124750	12478	64505	124808	13854	124750
124750	12509	64464	124810	13673	124750
124750	12472	63223	124788	13581	124750
124750	12478	63279	124712	13614	124750
124750	12452	64121	124696	13462	124750
124750	12435	61890	124808	14278	124750
124750	12465	64544	124804	13786	124750
124750	12504	60743	124792	14329	124750
124750	12512	63503	124822	13534	124750
124750	12461	64006	124852	13867	124750
124750	12437	62364	124786	13908	124750
124750	12546	59201	124796	14101	124750
124750	12513	63140	124818	14481	124750
124750	12526	61199	124752	13480	124750
124750	12437	63056	124812	13619	124750
124750	12472	64439	124738	13716	124750
124750	12540	61347	124798	13606	124750
124750	12445	63236	124722	13424	124750
124750	12505	62738	124824	13840	124750
124750	12469	61628	124844	13584	124750
124750	12522	61155	124760	13810	124750
124750	12523	62334	124796	14117	124750
124750	12462	66497	124768	13959	124750
124750	12459	63570	124852	13810	124750
124750	12493	64908	124832	13591	124750
124750	12434	61831	124778	13548	124750
124750	12475	65606	124772	14144	124750
124750	12556	60575	124822	13624	124750
124750	12489	64596	124818	13871	124750
124750	12501	61148	124780	13685	124750
124750	12482	59669	124744	13717	124750
124750	12511	61620	124824	13834	124750
124750	12474	61599	124708	14205	124750
124750	12471	62108	124758	13983	124750
124750	12429	63730	124740	13966	124750
124750	12479	60524	124798	13841	124750
124750	12467	65298	124784	13805	124750
124750	12527	60062	124810	13823	124750
124750	12463	63132	124750	14053	124750
124750	12510	63523	124782	13444	124750
124750	12494	63045	124764	13689	124750
124750	12549	65428	124714	13895	124750
124750	12496	64309	124712	13231	124750
124750	12485	64722	124712	14290	124750
124750	12490	66413	124812	13746	124750
124750	12447	64224	124822	13866	124750
124750	12491	64968	124826	13796	124750
124750	12462	63081	124808	13463	124750
124750	12491	65030	124840	13901	124750
124750	12463	61800	124852	14120	124750
124750	12487	64624	124802	13792	124750
124750	12432	63435	124766	13527	124750
124750	12489	59104	124826	13568	124750
124750	12444	61461	124704	13673	124750
124750	12457	59746	124858	13451	124750
124750	12396	60269	124724	13571	124750
124750	12507	63146	124770	13494	124750
124750	12486	62499	124854	14289	124750
124750	12479	59338	124774	13509	124750
124750	12466	59157	124796	13796	124750
124750	12526	64303	124792	13556	124750
124750	12464	60495	124784	14428	124750
124750	12479	62476	124774	14062	124750
124750	12508	61995	124780	13752	124750
124750	12539	64808	124836	13662	124750
124750	12521	61340	124798	14337	124750
124750	12435	62094	124824	14150	124750
124750	12489	58652	124826	13733	124750
124750	12487	61372	124782	13764	124750
124750	12517	61824	124746	13635	124750
124750	12465	60478	124748	13579	124750
124750	12447	64860	124828	14583	124750
124750	12464	62301	124780	13764	124750
124750	12480	63793	124826	13830	124750
124750	12415	67382	124814	14349	124750
124750	12559	56852	124740	13953	124750
124750	12514	61827	124850	14089	124750
124750	12499	62416	124812	13614	124750
124750	12504	64133	124778	13575	124750
124750	12460	60275	124820	13777	124750
124750	12456	62739	124808	14002	124750
124750	12488	60313	124766	13687	124750
124750	12466	60305	124736	14486	124750
124750	12463	62592	124786	13737	124750
124750	12472	64565	124814	13947	124750
124750	12496	61459	124814	13979	124750
124750	12517	61452	124764	13725	124750
124750	12440	62205	124770	13623	124750
124750	11946	111205	124054	14347	124750
124750	11902	113899	123906	14279	124750
124750	11970	112341	124024	14633	124750
124750	12554	59821	124766	13745	124750
124750	12687	11400	123976	13583	124750
124750	12139	95710	124640	13718	124750
124750	12627	20486	124440	13621	124750
124750	11990	110683	124174	14513	124750
124750	12646	13653	124196	12809	124750
124750	12605	38790	124710	13341	124750
124750	12690	11597	124032	12998	124750
124750	12733	5334	123472	14415	124750
124750	11959	112960	123952	14400	124750
124750	11903	113758	123934	14925	124750
124750	11973	110346	124028	15115	124750
124750	11868	113119	123940	14762	124750
124750	11817	118394	123508	15239	124750
124750	11774	118579	123468	16606	124750
124750	12633	35694	124832	13192	124750
124750	12759	4286	123292	17541	124750
124750	12656	7243	123762	15805	124750
124750	12094	109753	123986	14472	124750
124750	12189	90718	124576	13979	124750
124750	12328	78049	124794	13737	124750
124750	12149	99416	124464	14067	124750
124750	11969	112456	124052	14420	124750
124750	11714	123549	122484	27080	124750
124750	12437	76054	124736	14061	124750
124750	12085	103828	124342	13907	124750
124750	11938	113295	124040	14290	124750
124750	12635	30910	124638	13665	124750
124750	12284	88049	124658	14798	124750
124750	12683	6390	123714	14762	124750
124750	12107	107234	124332	14880	124750
124750	12632	19339	124446	13013	124750
124750	11871	117666	123482	16191	124750
124750	12665	26062	124508	14099	124750
124750	12090	107775	124200	13686	124750
124750	11958	113715	123912	15186	124750
124750	12035	109066	124174	14966	124750
124750	12693	15500	124194	13819	124750
124750	12590	38451	124580	13126	124750
124750	12163	98942	124500	14130	124750
124750	12129	100150	124570	14381	124750
124750	12618	16417	124352	12492	124750
124750	12352	78835	124678	14112	124750
124750	11949	113672	124038	14922	124750
124750	11937	113992	123864	15110	124750
124750	12728	7163	123548	14223	124750
124750	12694	19609	124412	13100	124750
124750	11903	115874	123710	15629	124750
124750	12041	109036	124104	14524	124750
124750	12693	7180	123662	14508	124750
124750	12323	80816	124710	13813	124750
124750	11879	114474	123930	15586	124750
124750	12612	24679	124548	13010	124750
124750	11908	112769	124080	15281	124750
124750	12693	7716	123722	14284	124750
124750	12690	7335	123622	14522	124750
124750	12632	17091	124348	12662	124750
124750	12212	90165	124634	14550	124750
124750	12116	101647	124472	14773	124750
124750	12604	34083	124690	13937	124750
124750	12473	71146	124738	14037	124750
124750	12655	10412	123912	15588	124750
124750	11962	110069	124062	15452	124750
124750	12644	23865	124540	13410	124750
124750	12128	101537	124416	14141	124750
124750	12651	18914	124506	13844	124750
124750	12613	26474	124550	13040	124750
124750	12660	20563	124366	13334	124750
124750	12188	93281	124672	14297	124750
124750	12135	102834	124468	14327	124750
124750	12367	76652	124738	13920	124750
124750	12333	85666	124618	14267	124750
124750	12670	23131	124470	12706	124750
124750	11905	114390	123900	15459	124750
124750	12639	23090	124510	12701	124750
124750	11793	118364	123380	16300	124750
124750	12710	7507	123792	16160	124750
124750	12269	89736	124666	13839	124750
124750	11956	111265	124098	14982	124750
124750	11892	114167	123868	15050	124750
124750	12601	19380	124470	12462	124750
124750	11987	112148	123882	14363	124750
124750	12141	104022	124256	14219	124750
124750	12665	11524	124042	14885	124750
124750	12526	64363	124770	13914	124750
124750	12653	26390	124410	13239	124750
124750	12251	86858	124668	13736	124750
124750	12067	104898	124272	14382	124750
124750	12675	12306	124034	12880	124750
124750	12675	12502	124184	13574	124750
124750	12569	43302	124670	13746	124750
124750	12124	96745	124504	13889	124750
124750	12566	42953	124798	13238	124750
124750	11670	123155	122668	27094	124750
124750	11866	115839	123778	16199	124750
124750	12735	6218	123438	15463	124750
124750	11890	114697	123820	15927	124750
124750	12647	18428	124220	13065	124750
124750	12755	4448	123368	23197	124750
124750	12160	103355	124412	14566	124750
124750	13056	1389	122602	43241	124750
124750	11910	115123	123752	15786	124750
124750	12659	17362	124310	12871	124750
124750	11935	113076	124008	14167	124750
124750	12488	64287	124834	13632	124750
124750	12699	8146	123784	13264	124750
124750	12623	15998	124194	12830	124750
124750	12628	11615	123984	13124	124750
124750	12630	14119	124102	13642	124750
124750	11927	113244	123870	14120	124750
124750	12125	104394	124358	14110	124750
124750	11771	121128	123122	19600	124750
124750	12314	85679	124700	14043	124750
124750	12574	38371	124664	13420	124750
124750	12654	14365	124218	14296	124750
124750	12143	97098	124526	14153	124750
124750	12639	21140	124500	13280	124750
124750	12332	82907	124688	14268	124750
124750	11866	115145	123840	16142	124750
124750	11803	120820	123230	19999	124750
124750	11725	123348	122496	25480	124750
124750	11941	114026	123930	16695	124750
124750	12676	10007	123826	14593	124750
124750	12051	103356	124426	14591	124750
124750	12090	99259	124486	14847	124750
124750	12650	29169	124720	13363	124750
124750	12153	99584	124516	13895	124750
124750	12669	10254	123938	14194	124750
124750	12550	46549	124758	13415	124750
124750	12660	18217	124376	13210	124750
124750	11833	116646	123634	15020	124750
124750	12624	19055	124438	12884	124750
124750	12069	104026	124200	14001	124750
124750	12532	34893	124714	13615	124750
124750	12691	6506	123574	15153	124750
124750	12623	8534	123784	15865	124750
124750	12634	32723	124712	13360	124750
124750	12680	15211	124272	12382	124750
124750	12581	53534	124792	14234	124750
124750	12653	15104	124228	13264	124750
124750	11898	112947	123880	14188	124750
124750	11705	120880	123216	18782	124750
124750	11957	113342	123900	14024	124750
124750	12620	15873	124270	12703	124750
124750	12136	99269	124544	14791	124750
124750	12579	39308	124716	13633	124750
124750	11921	110698	123958	14291	124750
124750	12662	5681	123498	16219	124750
124750	12016	109719	124134	14821	124750
124750	12313	81142	124720	13656	124750
124750	12699	17938	124250	13420	124750
124750	12646	16025	124310	13423	124750
124750	12472	62927	124798	14180	124750
124750	12283	88832	124728	13764	124750
124750	12691	7344	123644	15019	124750
124750	12606	11369	124040	16436	124750
124750	12606	17457	124322	13491	124750
124750	12744	5393	123376	17723	124750
124750	12603	32894	124570	13231	124750
124750	11953	111268	124040	15559	124750
124750	12689	11890	124054	13453	124750
124750	12713	4966	123454	17971	124750
124750	12080	104661	124378	14360	124750
124750	11968	113071	123986	14544	124750
124750	12619	40930	124694	13136	124750
124750	12727	5272	123436	16878	124750
124750	12633	21060	124420	13721	124750
124750	11703	123702	122448	32892	124750
124750	12634	13599	124070	14178	124750
124750	12675	10256	124050	14342	124750
124750	12683	15298	124236	12542	124750
124750	11878	116969	123684	17170	124750
124750	11854	118463	123506	15494	124750
124750	12555	51430	124810	13465	124750
124750	12632	19855	124384	13194	124750
124750	12690	10629	123932	14550	124750
124750	12590	38497	124708	12973	124750
124750	12540	39599	124686	13349	124750
124750	12587	24660	124556	12957	124750
124750	12464	73467	124722	14199	124750
124750	11966	113135	123958	14385	124750
124750	12466	71697	124720	13579	124750
124750	12596	14829	124198	12559	124750
124750	12623	26110	124736	12693	124750
124750	12670	8645	123812	14872	124750
124750	12670	11837	124172	13500	124750
124750	12666	10915	124096	15017	124750
124750	12661	13568	124128	15331	124750
124750	11997	111730	124034	13744	124750
124750	12607	42772	124798	13122	124750
124750	11880	116665	123708	16896	124750
124750	12003	109604	124144	15870	124750
124750	11968	110329	124184	14626	124750
124750	11798	119435	123402	17874	124750
124750	11982	112479	123918	14639	124750
124750	11954	114533	123760	16816	124750
124750	12672	7341	123806	17104	124750
124750	11771	119394	123420	18822	124750
124750	11695	123232	122658	26965	124750
124750	11821	117082	123650	16017	124750
124750	12472	68421	124828	14193	124750
124750	12620	28791	124684	12770	124750
124750	12632	33453	124724	13646	124750
124750	12624	18841	124284	12952	124750
124750	12420	75259	124726	13810	124750
124750	12635	9378	124006	14333	124750
124750	12345	83562	124692	13938	124750
124750	12740	6711	123560	13612	124750
124750	12049	108756	124234	14210	124750
124750	12025	106262	124268	14402	124750
124750	12436	72635	124826	13875	124750
124750	12024	103707	124306	13883	124750
124750	12281	87208	124670	13908	124750
124750	12172	95707	124556	14096	124750
124750	12698	6091	123678	16147	124750
124750	12404	71441	124748	14192	124750
124750	12148	99061	124570	13794	124750
124750	12239	85718	124730	14247	124750
124750	11908	115235	123724	15240	124750
124750	12681	18984	124356	13593	124750
124750	12690	9537	123844	14664	124750
124750	11799	117984	123644	17498	124750
124750	12662	14299	124332	14226	124750
124750	12317	78630	124704	14107	124750
124750	12634	15755	124206	15244	124750
124750	12614	19943	124514	13116	124750
124750	12661	8360	123822	18144	124750
124750	12747	6152	123514	14954	124750
124750	12565	40716	124682	13106	124750
124750	12466	72791	124830	14039	124750
124750	12231	92272	124612	14069	124750
124750	12473	68818	124684	14137	124750
124750	11897	113346	123822	14754	124750
124750	11971	108218	124198	14449	124750
124750	11991	112858	123992	14471	124750
124750	12658	21631	124338	12902	124750
124750	12718	8349	123806	14460	124750
124750	12674	10821	124034	14012	124750
124750	12646	15109	124330	12519	124750
124750	11983	106148	124224	14065	124750
124750	12620	16047	124222	12565	124750
124750	11883	115430	123710	17196	124750
124750	12618	45575	124732	13093	124750
124750	11958	111743	124028	15361	124750
124750	12622	41047	124728	13079	124750
124750	12498	59451	124790	13763	124750
124750	12594	24549	124704	13952	124750
124750	12001	108386	124098	13961	124750
124750	12631	22670	124638	13477	124750
124750	11944	113167	123930	15266	124750
124750	12665	17802	124230	13306	124750
124750	12710	7789	123660	13668	124750
124750	11853	117504	123622	17360	124750
124750	11926	113629	124034	15068	124750
124750	12667	5784	123494	16964	124750
124750	12714	8607	123870	15852	124750
124750	11848	118263	123456	17527	124750
124750	12691	10612	123930	14097	124750
124750	12631	16936	124282	13477	124750
124750	11966	110935	124048	14391	124750
124750	12559	51036	124726	13330	124750
124750	12609	41028	124706	13315	124750
124750	11844	118353	123568	16619	124750
124750	11978	108193	124104	14320	124750
124750	12663	10236	124012	13732	124750
124750	11741	120652	123184	18704	124750
124750	12618	20941	124378	14071	124750
124750	11824	119583	123396	17255	124750
124750	12638	30107	124704	12928	124750
124750	12157	94394	124528	14707	124750
124750	12656	12415	124120	13672	124750
124750	12198	97763	124544	14157	124750
124750	12582	57021	124720	13679	124750
124750	12283	84898	124690	14193	124750
124750	11860	116057	123738	15257	124750
124750	12022	104351	124474	13821	124750
124750	12348	86993	124672	14133	124750
124750	11971	110364	124016	14848	124750
124750	12641	12100	124038	12692	124750
124750	12668	12611	124056	13790	124750
124750	12630	18147	124332	12837	124750
124750	12600	34597	124630	13451	124750
124750	12121	103738	124588	14681	124750
124750	12676	23317	124602	12896	124750
124750	12717	12000	124096	13050	124750
124750	11819	116088	123758	14285	124750
124750	12647	20766	124480	13951	124750
124750	12682	16697	124186	13205	124750
124750	12648	15499	124262	12898	124750
124750	12165	100608	124494	13637	124750
124750	12176	98177	124402	14068	124750
124750	12326	81119	124664	14002	124750
124750	11931	115412	123740	15584	124750
124750	11831	116014	123746	16559	124750
124750	11997	109794	124260	14411	124750
124750	11795	118844	123374	15279	124750
124750	12638	20947	124434	13038	124750
124750	12496	56535	124738	13926	124750
124750	12663	16768	124166	13694	124750
124750	12673	10992	124098	13005	124750
124750	12644	18723	124326	13625	124750
124750	12546	49361	124780	13833	124750
124750	12608	12137	124098	14643	124750
124750	12658	9713	123922	15083	124750
124750	11782	120131	123296	18003	124750
124750	12625	35776	124712	13538	124750
124750	12629	40348	124740	13067	124750
124750	11940	111305	124078	14042	124750
124750	12091	106748	124194	13771	124750
124750	11901	111544	124030	15043	124750
124750	11956	111151	124034	14511	124750
124750	11957	111610	123988	14298	124750
124750	12652	20345	124488	13849	124750
124750	12671	13630	124128	13012	124750
124750	12614	17867	124256	14437	124750
124750	11784	118991	123420	16318	124750
124750	12660	21343	124460	12788	124750
124750	12387	76210	124806	14525	124750
124750	12646	13343	124124	12871	124750
124750	11850	115953	123674	16476	124750
124750	12012	109591	124216	14042	124750
124750	11923	113420	124084	15276	124750
124750	11900	115951	123834	14717	124750
124750	12649	28286	124596	12719	124750
124750	12621	9768	123970	13383	124750
124750	12516	68901	124784	13754	124750
124750	11968	112631	124132	14931	124750
124750	11968	111597	123870	15453	124750
124750	12294	83503	124716	13741	124750
124750	12076	106851	124116	14288	124750
124750	12079	101408	124456	13835	124750
124750	12249	91930	124590	14012	124750
124750	11794	119519	123398	16205	124750
124750	12893	2840	123054	26274	124750
124750	12714	6831	123582	15098	124750
124750	12007	110950	124114	13588	124750
124750	12688	6769	123680	14907	124750
124750	12673	15258	124254	15423	124750
124750	11957	112718	123988	14357	124750
124750	12636	8351	123778	14941	124750
124750	12693	14580	124212	13720	124750
124750	11825	115056	123820	15681	124750
124750	12194	94259	124544	13869	124750
124750	11895	113262	123958	15075	124750
124750	12627	15420	124308	13521	124750
124750	12214	96855	124548	13616	124750
124750	11853	118332	123558	16479	124750
124750	12555	51956	124814	13396	124750
124750	11825	118266	123564	16717	124750
124750	12541	47026	124848	13556	124750
124750	12640	16177	124208	12361	124750
124750	11945	114472	123934	15523	124750
124750	12434	74883	124702	14184	124750
124750	12633	16292	124216	12736	124750
124750	12588	33965	124760	13031	124750
124750	11873	115034	123878	15372	124750
124750	12738	5585	123442	16975	124750
124750	12318	80329	124784	13951	124750
124750	12113	103906	124304	14095	124750
124750	12122	102207	124350	13691	124750
124750	12612	26737	124614	12635	124750
124750	12640	17735	124524	13447	124750
124750	12561	42878	124704	13449	124750
124750	12083	102092	124398	14874	124750
124750	12667	17174	124334	13183	124750
124750	12645	31180	124798	13008	124750
124750	12810	3671	123284	21260	124750
124750	11830	116843	123604	14242	124750
124750	12783	3658	123200	20640	124750
124750	11913	112762	124004	14274	124750
124750	12690	4689	123396	18330	124750
124750	12649	23458	124578	13805	124750
124750	12489	70648	124782	13708	124750
124750	12787	3850	123226	19822	124750
124750	12159	94950	124610	13522	124750
124750	11766	120105	123202	19531	124750
124750	11866	116337	123636	15157	124750
124750	12665	13190	124044	13157	124750
124750	11848	119689	123300	15557	124750
124750	12470	67727	124786	13670	124750
124750	12503	58506	124804	13724	124750
124750	12629	15240	124256	14032	124750
124750	12602	46981	124672	13567	124750
124750	12701	5366	123406	15739	124750
124750	11903	113156	124016	15621	124750
124750	12654	23965	124588	13077	124750
124750	11703	123736	122428	31159	124750
124750	12667	22854	124548	13249	124750
124750	12774	4183	123236	20329	124750
124750	12662	15359	124308	13340	124750
124750	12735	4304	123206	18372	124750
124750	12657	17406	124244	12114	124750
124750	11896	114101	123872	15525	124750
124750	11875	116880	123626	15409	124750
124750	12622	36195	124662	13242	124750
124750	11896	116959	123682	14896	124750
124750	11851	114550	123868	15433	124750
124750	11827	118514	123500	16943	124750
124750	12642	20827	124612	13531	124750
124750	12622	24487	124464	12536	124750
124750	12584	46515	124772	13783	124750
124750	12615	13380	124028	13424	124750
124750	12565	23176	124590	13040	124750
124750	11950	109995	124212	15176	124750
124750	11844	116937	123646	15063	124750
124750	11853	117614	123542	15598	124750
124750	11806	117837	123612	13869	124750
124750	12654	23205	124554	13699	124750
124750	12701	4496	123362	17221	124750
124750	12593	38420	124702	12952	124750
124750	12098	103157	124470	14079	124750
124750	12572	62109	124812	13610	124750
124750	12549	33968	124730	13555	124750
124750	11970	114623	123808	14996	124750
124750	11792	119837	123236	19537	124750
124750	11927	111826	124004	13589	124750
124750	12641	12220	124062	14776	124750
124750	11899	115242	123782	14529	124750
124750	12147	102026	124388	13941	124750
124750	12692	6847	123554	16473	124750
124750	12005	105486	124268	14504	124750
124750	12665	23210	124452	13997	124750
124750	11711	122952	122754	25116	124750
124750	12679	16794	124280	13299	124750
124750	12045	103322	124326	13887	124750
124750	11813	116660	123584	15063	124750
124750	12589	31890	124746	13351	124750
124750	12645	14610	124154	12347	124750
124750	12626	9155	123890	13579	124750
124750	12636	17429	124420	13027	124750
124750	12609	26388	124470	13239	124750
124750	12081	103030	124352	14041	124750
124750	11841	116836	123656	16100	124750
124750	12565	39426	124734	13855	124750
124750	12001	109374	124140	14502	124750
124750	12008	109875	124064	16077	124750
124750	12650	13169	124116	14344	124750
124750	12282	80357	124716	13867	124750
124750	11959	113530	123878	17615	124750
124750	11729	120868	123180	17625	124750
124750	12667	13806	124154	14014	124750
124750	11860	117973	123570	15975	124750
124750	12642	27525	124862	13733	124750
124750	12690	9289	123966	14145	124750
124750	11811	118720	123418	16770	124750
124750	12290	85831	124734	13899	124750
124750	12652	21859	124456	12707	124750
124750	12628	59543	124596	13322	124750
124750	12494	61909	124790	13723	124750
124750	12191	78252	124540	14390	124750
124750	12647	16326	124198	11768	124750
124750	12498	66105	124762	13891	124750
124750	12494	62161	124736	14468	124750
124750	12613	24830	124582	14446	124750
124750	12625	35022	124614	12746	124750
124750	12349	91676	124536	14315	124750
124750	12451	60004	124692	13809	124750
124750	12394	78773	124710	14178	124750
124750	12573	23158	123898	14964	124750
124750	12879	8028	122994	36268	124750
124750	12008	78527	124388	13786	124750
124750	12683	12766	124070	13029	124750
124750	12003	98570	124432	14105	124750
124750	12280	106287	124024	14271	124750
124750	12374	61287	124818	13499	124750
124750	11944	102779	124286	15074	124750
124750	12472	66093	124738	13451	124750
124750	12436	51691	124724	13839	124750
124750	12626	17793	124132	14793	124750
124750	12477	64428	124768	14144	124750
124750	12699	18060	124280	12353	124750
124750	12641	31682	124784	12993	124750
124750	12402	65841	124804	14211	124750
124750	12646	17113	124182	12531	124750
124750	12407	92642	124576	13979	124750
124750	12633	45702	124636	13427	124750
124750	12542	56035	124784	13574	124750
124750	12366	65907	124786	14000	124750
124750	12543	76202	124642	14053	124750
124750	12557	75302	124670	14475	124750
124750	12600	19893	124130	13348	124750
124750	12601	25820	124574	12868	124750
124750	12268	94677	124578	14247	124750
124750	12359	89182	124674	14315	124750
124750	11823	93452	124076	13952	124750
124750	12668	32551	124710	13442	124750
124750	12383	71488	124770	13796	124750
124750	12235	106222	124270	14816	124750
124750	12626	30847	124534	13341	124750
124750	12118	54317	124088	14400	124750
124750	12171	107120	124264	14020	124750
124750	12656	17017	124292	12713	124750
124750	12528	43363	124828	13343	124750
124750	12600	44283	124666	12917	124750
124750	12260	102133	124564	14329	124750
124750	12427	65028	124790	14184	124750
124750	12431	42342	124564	14479	124750
124750	12631	28434	124654	13594	124750
124750	12413	87494	124716	14376	124750
124750	11910	83291	124348	14027	124750
124750	12668	16481	124194	12590	124750
124750	12671	33870	124600	12941	124750
124750	12455	64304	124810	13760	124750
124750	12315	79910	124758	14315	124750
124750	12683	15870	124040	16746	124750
124750	12253	66136	124654	13331	124750
124750	12587	24946	124314	14294	124750
124750	12661	17696	124000	18295	124750
124750	12571	68626	124570	13636	124750
124750	12136	92093	124596	13832	124750
124750	12667	13748	123986	16053	124750
124750	12342	93745	124686	14424	124750
124750	12458	62759	124770	14757	124750
124750	12310	84483	124646	14347	124750
124750	12658	54275	124722	13916	124750
124750	12444	68399	124718	13424	124750
124750	12675	18590	124144	13271	124750
124750	12608	26241	124454	13226	124750
124750	12670	7785	123616	14348	124750
124750	11819	106310	123954	14288	124750
124750	11820	114795	123592	15223	124750
124750	12081	88746	124604	14213	124750
124750	11827	104042	124128	14880	124750
124750	12489	49216	124804	13551	124750
124750	12720	11843	123984	15772	124750
124750	12407	75516	124674	14000	124750
124750	12225	100924	124510	13560	124750
124750	12433	53244	124852	14166	124750
124750	12306	103945	124118	13997	124750
124750	12573	31404	124538	13814	124750
124750	12597	34526	124766	13518	124750
124750	11833	105248	123928	14441	124750
124750	12633	18832	124500	12415	124750
124750	12184	71793	124652	14172	124750
124750	12612	42583	124522	14084	124750
124750	12018	96241	124310	14164	124750
124750	12675	24596	124470	12843	124750
124750	12386	96503	124298	14269	124750
124750	12391	86448	124626	14207	124750
124750	11990	73669	124566	14265	124750
124750	11775	115974	123610	14550	124750
124750	12499	58448	124808	14012	124750
124750	12162	77205	124604	13744	124750
124750	12563	44128	124718	13359	124750
124750	12291	103992	124268	13703	124750
124750	12052	96915	124378	14352	124750
124750	12724	9461	123704	17054	124750
124750	12665	24934	124504	12879	124750
124750	12271	102050	124364	14376	124750
124750	12673	24684	124326	12772	124750
124750	11989	95228	124266	14061	124750
124750	12636	13311	123958	13101	124750
124750	12490	42727	124636	14180	124750
124750	12658	17343	124382	13724	124750
124750	12630	27403	124328	12426	124750
124750	12581	30610	124504	13543	124750
124750	12623	51980	124684	13730	124750
124750	12584	75747	124240	14466	124750
124750	12461	50926	124766	13360	124750
124750	12656	24999	124376	12587	124750
124750	11766	107173	123826	14198	124750
124750	12518	40511	124528	13848	124750
124750	12079	79018	124626	13576	124750
124750	12643	19428	124188	15431	124750
124750	12587	25236	124192	16057	124750
124750	12487	53780	124804	13473	124750
124750	12604	41113	124630	13136	124750
124750	12495	62990	124726	14046	124750
124750	12678	28811	124400	12858	124750
124750	12051	89480	124588	14242	124750
124750	12372	73685	124752	14026	124750
124750	12736	22493	123856	14041	124750
124750	12133	90280	124618	14043	124750
124750	11850	96295	124144	14087	124750
124750	12230	102617	124366	14003	124750
124750	12802	6391	123408	22729	124750
124750	12628	23857	124358	13010	124750
124750	12556	84269	124504	14235	124750
124750	12538	77307	124784	13940	124750
124750	12571	31762	124272	13810	124750
124750	12606	34173	124494	12916	124750
124750	12559	28246	124190	17327	124750
124750	12402	68449	124738	13760	124750
124750	12623	38764	124668	12923	124750
124750	12479	58034	124814	13509	124750
124750	12624	30091	124652	13396	124750
124750	12086	87703	124424	14094	124750
124750	12221	81898	124676	14326	124750
124750	11977	103640	124168	14515	124750
124750	12587	57476	124748	13503	124750
124750	12557	49270	124808	13513	124750
124750	12674	31015	124730	12808	124750
124750	12025	115542	123560	14217	124750
124750	12577	53914	124794	13392	124750
124750	12731	15264	123896	17414	124750
124750	11960	94561	124388	14543	124750
124750	12658	18721	124198	13915	124750
124750	12625	39838	124772	13166	124750
124750	12678	17139	124098	14249	124750
124750	11847	108178	124140	14256	124750
124750	12490	64285	124784	13658	124750
124750	12570	40277	124668	13235	124750
124750	12265	104986	124294	14285	124750
124750	12599	44838	124778	13262	124750
124750	12617	30142	124392	13602	124750
124750	12149	107764	124242	13642	124750
124750	12582	22857	124374	12861	124750
124750	11974	102901	124166	14303	124750
124750	12382	67903	124772	13577	124750
124750	12016	82209	124522	13951	124750
124750	11941	103534	124170	14531	124750
124750	11936	103437	124152	14772	124750
124750	12724	8855	123640	13818	124750
124750	12424	47539	124682	13842	124750
124750	12611	58210	124734	14325	124750
124750	12235	98236	124510	14002	124750
124750	12422	69871	124718	13506	124750
124750	12487	64204	124782	13606	124750
124750	12171	110568	124052	13921	124750
124750	12582	31171	124416	14747	124750
124750	12558	49659	124792	13241	124750
124750	12510	76823	124668	14284	124750
124750	12252	101937	124418	14290	124750
124750	12458	92353	124254	14848	124750
124750	12654	34503	124686	13030	124750
124750	12131	109704	124090	14264	124750
124750	12416	80161	124730	14391	124750
124750	12656	27877	124628	12578	124750
124750	12453	82982	124734	13762	124750
124750	12556	39849	124656	13271	124750
124750	12671	22414	123856	19317	124750
124750	12608	34781	124314	13722	124750
124750	12813	6508	123366	24470	124750
124750	12103	109796	124140	14656	124750
124750	12172	109779	124066	13817	124750
124750	11940	87695	124410	14595	124750
124750	12536	43395	124700	13705	124750
124750	12367	65086	124730	13936	124750
124750	12643	11522	123984	12393	124750
124750	12585	47554	124850	13741	124750
124750	12637	26062	124234	15525	124750
124750	12189	105164	124286	13938	124750
124750	12237	106050	124400	14017	124750
124750	12443	58184	124784	14150	124750
124750	12212	101237	124444	14289	124750
124750	12487	44246	124562	13557	124750
124750	12654	26261	124644	13018	124750
124750	12628	39233	124776	12850	124750
124750	12584	29939	124626	13138	124750
124750	12630	41591	124700	12976	124750
124750	12083	56630	124196	14533	124750
124750	12415	67288	124752	13706	124750
124750	12633	45520	124634	13419	124750
124750	12508	58623	124806	13759	124750
124750	12547	60902	123966	16242	124750
124750	12419	67828	124754	13942	124750
124750	12053	116404	123520	13969	124750
124750	12479	56488	124712	13373	124750
124750	12621	33222	124640	13062	124750
124750	12118	109889	123926	15412	124750
124750	12172	112167	123724	13593	124750
124750	12640	20117	124192	13958	124750
124750	12408	67639	124748	13852	124750
124750	12651	24316	124610	12671	124750
124750	12659	45190	124574	13496	124750
124750	12755	12640	123536	24445	124750
124750	12509	72988	124650	14510	124750
124750	12447	69294	124750	13771	124750
124750	12597	61746	124714	13641	124750
124750	12566	33761	124320	15879	124750
124750	11814	73935	124238	14309	124750
124750	12646	20369	124272	15999	124750
124750	12653	20710	124074	15661	124750
124750	12581	67246	124604	14996	124750
124750	12499	67982	124722	13402	124750
124750	12642	52885	124706	13363	124750
124750	12028	97197	124274	13820	124750
124750	12412	91653	124532	14378	124750
124750	12013	66982	124516	13751	124750
124750	12508	82721	124528	14241	124750
124750	12379	69414	124726	13715	124750
124750	12644	20211	124176	12763	124750
124750	12307	94534	124518	14470	124750
124750	12466	51425	124764	14133	124750
124750	12539	56010	124808	13151	124750
124750	12621	21566	124208	15407	124750
124750	12444	83927	124632	13996	124750
124750	11842	76017	124246	14094	124750
124750	12496	27173	124106	15873	124750
124750	12586	41005	124726	13293	124750
124750	12554	74197	124728	14192	124750
124750	12625	52434	124670	13980	124750
124750	12431	87012	124620	13998	124750
124750	12500	54811	124792	13651	124750
124750	12589	26652	124712	13544	124750
124750	12721	24200	123926	13355	124750
124750	12266	103073	124462	14111	124750
124750	12236	107141	124260	14064	124750
124750	12336	98025	124638	14122	124750
124750	12500	61255	124806	13958	124750
124750	12021	93730	124536	14157	124750
124750	12482	65307	124818	13628	124750
124750	12308	55297	124656	13220	124750
124750	12157	83796	124616	13993	124750
124750	12232	67239	124804	14076	124750
124750	12687	12080	123840	17102	124750
124750	12489	50156	124662	14021	124750
124750	12631	33806	124660	13093	124750
124750	12453	88054	124608	14127	124750
124750	12196	107585	124158	15372	124750
124750	12557	41726	124674	13662	124750
124750	11884	103969	124224	13758	124750
124750	11936	94279	124268	13698	124750
124750	12645	10212	123818	16663	124750
124750	12013	87344	124510	14440	124750
124750	12584	22281	124256	15487	124750
124750	12587	48222	124796	13604	124750
124750	11761	99096	124074	14516	124750
124750	12615	24386	124448	14309	124750
124750	12230	101623	124650	14471	124750
124750	12506	58971	124722	13653	124750
124750	12613	55716	124734	13552	124750
124750	12630	49643	124760	13555	124750
124750	12590	27055	124502	12555	124750
124750	12615	21584	124266	15813	124750
124750	12745	12786	123710	13767	124750
124750	12312	60997	124550	13808	124750
124750	12592	27533	124126	14516	124750
124750	11689	109710	123242	17728	124750
124750	12648	14851	124030	15281	124750
124750	12426	69801	124886	13895	124750
124750	12240	84691	124616	13850	124750
124750	12104	92019	124548	14285	124750
124750	12022	92507	124538	14409	124750
124750	11825	96472	124204	14443	124750
124750	12325	90052	124546	14422	124750
124750	11924	98797	124212	14031	124750
124750	12592	32657	124572	14102	124750
124750	12479	59938	124802	13971	124750
124750	12638	18505	124516	13248	124750
124750	12323	104712	123812	14507	124750
124750	12067	111070	123946	14574	124750
124750	12670	26653	124566	13126	124750
124750	12507	51606	124698	13411	124750
124750	12276	64319	124644	14011	124750
124750	12338	89559	124618	14412	124750
124750	12379	71440	124750	13923	124750
124750	12468	50165	124658	13528	124750
124750	12296	71423	124714	14141	124750
124750	12599	32652	124396	13006	124750
124750	12238	100107	124626	14392	124750
124750	12122	110393	124214	14032	124750
124750	11850	108313	124006	14104	124750
124750	12545	65324	124796	14045	124750
124750	12554	58269	124794	13578	124750
124750	12651	25716	124756	12911	124750
124750	12651	14108	124156	13512	124750
124750	11892	79215	124254	14274	124750
124750	11867	90498	124320	14168	124750
124750	12572	29209	124392	15076	124750
124750	12484	43531	124694	15206	124750
124750	12424	87237	124710	13959	124750
124750	12464	64993	124830	13703	124750
124750	12622	21013	124564	13034	124750
124750	12545	49768	124738	13731	124750
124750	12483	49164	124760	13302	124750
124750	12600	23045	124626	12330	124750
124750	12445	74108	124678	13983	124750
124750	12558	46323	124774	13773	124750
124750	12480	67657	124750	13432	124750
124750	11889	98892	124084	13694	124750
124750	12332	86067	124646	13953	124750
124750	12614	31071	124612	14225	124750
124750	12678	15031	124050	14172	124750
124750	12489	68338	124724	14164	124750
124750	12601	53162	124736	13511	124750
124750	12600	21677	124524	12451	124750
124750	12429	69288	124772	13720	124750
124750	12573	31722	124352	13460	124750
124750	12462	45951	124560	13600	124750
124750	12283	100528	124428	15298	124750
124750	12524	40675	124758	13338	124750
124750	12350	98171	124510	14219	124750
124750	12653	44188	124704	13630	124750
124750	12428	57175	124758	13982	124750
124750	12030	99323	124292	13805	124750
124750	12301	103732	123506	15167	124750
124750	12662	58435	124418	14223	124750
124750	12234	66379	124674	13947	124750
124750	12399	80660	124718	13748	124750
124750	12157	110670	124004	13984	124750
124750	12600	16963	124212	12204	124750
124750	12624	19177	124126	14920	124750
124750	12475	41804	124618	13601	124750
124750	12639	43192	124784	13047	124750
124750	12512	31219	124406	13639	124750
124750	12612	41881	124576	13234	124750
124750	12631	18974	124156	14237	124750
124750	12077	113618	123808	13499	124750
124750	12588	55007	124702	13687	124750
124750	12252	75007	124644	13542	124750
124750	12594	28867	124378	15097	124750
124750	11936	63135	124246	14100	124750
124750	12217	109460	124020	14305	124750
124750	12518	50817	124844	13112	124750
124750	12169	112066	123750	13968	124750
124750	12605	44446	124768	13049	124750
124750	12388	97265	124298	14709	124750
124750	12709	24232	124496	12609	124750
124750	12531	38072	124516	14379	124750
124750	12680	9465	123820	12490	124750
124750	11935	100012	124274	14418	124750
124750	12659	28842	124496	13031	124750
124750	12315	91730	124656	14094	124750
124750	12573	56918	124822	13643	124750
124750	12670	13413	124068	12941	124750
124750	12071	109660	124204	13460	124750
124750	12209	104390	124456	14765	124750
124750	12537	30756	124204	15726	124750
124750	11967	98528	124292	13920	124750
124750	12594	48653	124764	12973	124750
124750	12223	104894	124260	13823	124750
124750	12592	39873	124770	13582	124750
124750	12666	15379	124018	14484	124750
124750	12548	82255	124418	13916	124750
124750	12621	19122	124556	12875	124750
124750	12512	79807	124652	13977	124750
124750	12673	33866	124574	13823	124750
124750	12466	62043	124772	13681	124750
124750	12526	70333	124734	14029	124750
124750	12308	95461	124638	13947	124750
124750	11868	101777	124210	14570	124750
124750	12560	42709	124652	13132	124750
124750	11998	101727	124352	14099	124750
124750	12722	16243	124000	15142	124750
124750	12648	18875	124000	14802	124750
124750	11962	92613	124344	14249	124750
124750	11883	110468	123902	14454	124750
124750	11894	88467	124380	14319	124750
124750	12365	85068	124710	13794	124750
124750	12394	85401	124744	13997	124750
124750	12479	66830	124784	13895	124750
124750	12655	13446	123966	12400	124750
124750	12692	23529	124430	12619	124750
124750	12269	81008	124752	14371	124750
124750	12727	14016	124310	13492	124750
124750	12207	85672	124636	13876	124750
124750	12122	108201	124102	14198	124750
124750	12503	61456	124804	13816	124750
124750	11953	95030	124276	14241	124750
124750	12553	38800	124702	13769	124750
124750	12452	81869	124662	14405	124750
124750	12571	48482	124768	13464	124750
124750	12715	24982	123922	12802	124750
124750	12191	106770	124302	14829	124750
124750	12588	20615	124226	14061	124750
124750	11994	92563	124378	13634	124750
124750	12094	111193	123338	14392	124750
124750	12307	96272	124512	14320	124750
124750	12395	89552	124692	14331	124750
124750	11830	99111	124070	14041	124750
124750	12035	65142	124376	13532	124750
124750	12385	80292	124666	14073	124750
124750	12199	103950	124226	14313	124750
124750	12304	62053	124650	13439	124750
124750	12183	78148	124536	14188	124750
124750	12561	39314	124780	13613	124750
124750	11832	106813	124034	13922	124750
124750	12384	89999	124580	13977	124750
124750	12081	75614	124494	13693	124750
124750	12479	88662	124656	14360	124750
124750	12535	70402	124740	14004	124750
124750	12312	96017	124600	14207	124750
124750	12593	44764	124692	13405	124750
124750	11930	79253	124434	14361	124750
124750	12576	52917	124420	13397	124750
124750	12641	15426	124230	11843	124750
124750	12281	97442	124586	13826	124750
124750	12189	75656	124590	14131	124750
124750	12561	32802	124602	13768	124750
124750	11777	109542	123876	14492	124750
124750	12569	33512	124546	13455	124750
124750	12663	22588	124506	12365	124750
124750	12468	63271	124820	13782	124750
124750	12593	38130	124696	13548	124750
124750	12620	39585	124740	13852	124750
124750	12616	25111	124446	14996	124750
124750	11868	109405	123986	13844	124750
124750	12608	35519	124514	13103	124750
124750	12336	100777	124586	14093	124750
124750	12468	63933	124806	13611	124750
124750	12237	82660	124644	14222	124750
124750	12487	72784	124766	13760	124750
124750	11974	117717	123306	16029	124750
124750	12639	15976	124154	12605	124750
124750	12644	31143	124484	12876	124750
124750	12050	114249	123720	13631	124750
124750	12695	22336	124264	12649	124750
124750	12491	61458	124800	13703	124750
124750	11960	117449	123410	13376	124750
124750	12546	56295	124792	13736	124750
124750	11845	109898	123948	14460	124750
124750	12572	53793	124760	13594	124750
124750	12459	90134	124442	14294	124750
124750	11889	104116	124254	14445	124750
124750	12700	13119	123936	12555	124750
124750	12157	69540	124576	14159	124750
124750	12579	25354	124382	13935	124750
124750	12446	55005	124742	14411	124750
124750	12654	22889	124398	14823	124750
124750	11842	111857	123768	14538	124750
124750	12520	62265	124784	13837	124750
124750	11876	108883	123952	14642	124750
124750	12639	18518	124232	14656	124750
124750	12612	45979	124718	13924	124750
124750	12439	79388	124688	14314	124750
124750	12169	58848	124430	13954	124750
124750	12575	33900	124498	13738	124750
124750	12649	60636	124446	14238	124750
124750	12626	22135	124232	15245	124750
124750	12597	25460	124328	14930	124750
124750	12749	9552	123612	24218	124750
124750	12690	11913	123788	15469	124750
124750	12078	85243	124556	13913	124750
124750	12637	47678	124670	13477	124750
124750	12369	89746	124564	14571	124750
124750	12300	93223	124716	13996	124750
124750	12648	18089	124264	12692	124750
124750	12234	102181	124444	14127	124750
124750	12166	76009	124640	14274	124750
124750	12028	113675	123752	14212	124750
124750	12578	31057	124582	13035	124750
124750	12395	58408	124746	13787	124750
124750	12596	51053	124782	13535	124750
124750	12182	105855	124302	14530	124750
124750	12692	12655	123868	13343	124750
124750	12769	10048	123440	26490	124750
124750	12638	21133	124046	15166	124750
124750	12646	31053	124702	13281	124750
124750	12647	20788	124248	12771	124750
124750	12634	53415	124418	13484	124750
124750	12531	28728	124530	13894	124750
124750	12663	21614	124270	12236	124750
124750	12075	93526	124510	13981	124750
124750	12410	83115	124710	13966	124750
124750	12103	83564	124580	13976	124750
124750	12430	75225	124740	13759	124750
124750	12666	18115	123988	15148	124750
124750	12468	64475	124798	13831	124750
124750	11858	103183	124144	14548	124750
124750	12670	20853	124182	12496	124750
124750	12243	47410	124132	15262	124750
124750	12605	30640	124668	12869	124750
124750	12584	40583	124704	13655	124750
124750	12479	59050	124788	13378	124750
124750	11870	107499	124118	14173	124750
124750	12058	91567	124530	14040	124750
124750	12723	24620	124428	13026	124750
124750	12453	69496	124720	14303	124750
124750	12387	67670	124762	13937	124750
124750	12369	84908	124784	13713	124750
124750	12328	71073	124782	13723	124750
124750	12379	72336	124764	14377	124750
124750	12387	77224	124736	14031	124750
124750	12527	38422	124640	13191	124750
124750	12566	48279	124794	13629	124750
124750	11913	88396	124262	13640	124750
124750	12292	57999	124520	13869	124750
124750	12115	66968	124574	13796	124750
124750	12594	39195	124532	13824	124750
124750	12596	21419	124378	12912	124750
124750	12149	110920	123786	14338	124750
124750	12662	23183	124204	14088	124750
124750	11962	99355	124304	14660	124750
124750	11767	110062	123822	14128	124750
124750	12466	59695	124738	13588	124750
124750	11927	97592	124286	13693	124750
124750	11864	92351	124070	13866	124750
124750	12744	14537	123786	19133	124750
124750	12543	74870	124716	13994	124750
124750	12568	29931	124498	12929	124750
124750	12085	113320	123724	13711	124750
124750	12647	20830	124536	14601	124750
124750	12622	36403	124752	13121	124750
124750	12543	83666	124366	14227	124750
124750	12565	27752	124368	14046	124750
124750	12126	107691	124296	14357	124750
124750	12092	112053	123958	15433	124750
124750	12621	34486	124162	13299	124750
124750	12293	95632	124674	14044	124750
124750	12594	55219	124494	13895	124750
124750	12373	69890	124806	13801	124750
124750	11688	116741	122950	18146	124750
124750	12612	23977	124318	13945	124750
124750	12507	61908	124808	13699	124750
124750	11853	109932	123920	14088	124750
124750	12050	67201	124552	14951	124750
124750	12509	42578	124718	14203	124750
124750	12618	51155	124710	13084	124750
124750	11902	107453	124144	14508	124750
124750	12637	26016	124050	15823	124750
124750	12467	68126	124646	14856	124750
124750	12531	62954	124704	13359	124750
124750	12633	34162	124774	13027	124750
124750	12547	54220	124702	13332	124750
124750	12582	42777	124604	14289	124750
124750	12265	105048	124176	14036	124750
124750	12102	90543	124558	13883	124750
124750	11922	99035	124342	14433	124750
124750	11941	92258	124322	14002	124750
124750	12289	97966	124574	14442	124750
124750	12041	77590	124580	13737	124750
124750	12396	86897	124682	13919	124750
124750	12451	48172	124632	13280	124750
124750	12659	24966	124292	13553	124750
124750	12949	3972	122828	43543	124750
124750	11952	94121	124348	13948	124750
124750	12675	22308	124476	12667	124750
124750	12640	24733	124548	12898	124750
124750	12662	24343	124320	12250	124750
124750	12282	101883	124526	14248	124750
124750	12422	39121	124138	17829	124750
124750	12496	62255	124716	13600	124750
124750	12572	38895	124594	14138	124750
124750	11869	104112	124148	13866	124750
124750	12322	103133	124264	14391	124750
124750	12455	57658	124732	13736	124750
124750	12254	106885	123928	14713	124750
124750	12547	46320	124770	13266	124750
124750	12121	112800	123808	13417	124750
124750	12399	96026	124502	14502	124750
124750	12503	62360	124750	14370	124750
124750	12276	75625	124762	13840	124750
124750	11984	100023	124294	14281	124750
124750	12265	98574	124526	14760	124750
124750	12606	19171	124326	13398	124750
124750	11736	106337	123454	15125	124750
124750	12488	65683	124794	13845	124750
124750	12610	26873	124628	12842	124750
124750	12699	15532	123974	12590	124750
124750	12523	61954	124774	14140	124750
124750	11797	109270	123704	14348	124750
124750	11978	62895	124242	14062	124750
124750	12650	18961	124368	13023	124750
124750	12619	23620	124370	13373	124750
124750	12409	93322	124672	14170	124750
124750	12622	39781	124670	13704	124750
124750	12554	74195	124202	14682	124750
124750	12621	16276	124256	14452	124750
124750	12531	64552	124816	13835	124750
124750	12714	25055	124056	12679	124750
124750	12610	14267	124136	12552	124750
124750	12363	82258	124756	13845	124750
124750	11924	67057	124004	14365	124750
124750	12614	52295	124796	13912	124750
124750	12556	40583	124684	13125	124750
124750	12510	30881	123852	19728	124750
124750	12610	22781	124468	14072	124750
124750	12250	97053	124548	14261	124750
124750	12188	110413	123844	13889	124750
124750	12052	99175	124314	14189	124750
124750	12411	68748	124710	14269	124750
124750	12107	111182	123946	13835	124750
124750	11800	112427	123822	15128	124750
124750	12644	37339	124284	12979	124750
124750	12617	21498	124718	12780	124750
124750	12437	62216	124796	13629	124750
124750	11887	106642	124058	13883	124750
124750	12236	106303	124134	14225	124750
124750	12430	46565	124764	14945	124750
124750	12573	25120	124588	12382	124750
124750	12534	54979	124734	13347	124750
124750	12677	37836	124544	13011	124750
124750	12354	87817	124658	13713	124750
124750	11766	110473	123838	14226	124750
124750	12599	23748	124394	14195	124750
124750	12407	96380	124464	14017	124750
124750	12517	32348	124332	14801	124750
124750	12489	90574	124484	14283	124750
124750	12633	19768	124244	13648	124750
124750	12619	21562	124588	13605	124750
124750	12486	37473	124470	14653	124750
124750	11944	94967	124362	13856	124750
124750	12446	60551	124704	13935	124750
124750	12663	36344	124724	12818	124750
124750	11814	103951	124040	14316	124750
124750	12442	34557	124090	16147	124750
124750	12470	44951	124602	14863	124750
124750	12610	23277	124140	14677	124750
124750	12115	79826	124660	14140	124750
124750	12453	53054	124796	13641	124750
124750	12466	42061	124582	14021	124750
124750	12183	100888	124544	14525	124750
124750	12049	82802	124486	13821	124750
124750	12675	21258	124246	12956	124750
124750	12655	14654	124104	13450	124750
124750	11671	101836	123538	14582	124750
124750	12157	107506	124140	14361	124750
124750	12618	36487	124444	13638	124750
124750	12587	33870	124534	13243	124750
124750	12600	53861	124736	13432	124750
124750	12536	34059	124130	13960	124750
124750	11997	101062	124372	14250	124750
124750	12533	53742	124818	13297	124750
124750	11717	108450	123508	15264	124750
124750	12607	29040	124552	13334	124750
124750	12557	72148	124724	14060	124750
124750	11850	75319	124176	13867	124750
124750	12703	14456	124180	14346	124750
124750	12507	57560	124716	13295	124750
124750	12345	98782	124526	14404	124750
124750	12235	98182	124522	13916	124750
124750	12581	33902	124642	13580	124750
124750	12030	115775	123688	14710	124750
124750	12585	26916	124188	14709	124750
124750	12655	20614	124196	13083	124750
124750	12459	43982	124432	13694	124750
124750	12008	91403	124444	14096	124750
124750	12326	80575	124658	13885	124750
124750	11681	119624	123042	16525	124750
124750	12638	21953	124372	12318	124750
124750	12589	51362	124128	13699	124750
124750	11851	104714	123862	14307	124750
124750	12491	47426	124606	13126	124750
124750	11831	74874	124080	13926	124750
124750	12399	79414	124730	14057	124750
124750	12458	64559	124734	14389	124750
124750	12177	78184	124690	13936	124750
124750	12580	30499	124456	13714	124750
124750	12161	85444	124584	14333	124750
124750	12625	44602	124660	13007	124750
124750	12527	32996	124590	13423	124750
124750	12660	44093	124626	12832	124750
124750	11778	116747	123388	14812	124750
124750	12076	113235	123844	13920	124750
124750	12371	93212	124544	14637	124750
124750	11754	107839	123846	14209	124750
124750	12396	79765	124738	13939	124750
124750	12127	110028	124102	13813	124750
124750	12274	73967	124674	14016	124750
124750	12474	92977	124338	14180	124750
124750	12616	62583	124588	14417	124750
124750	12649	19654	124436	12454	124750
124750	12623	19734	124276	14468	124750
124750	12170	108151	123106	15581	124750
124750	12650	17711	124152	13614	124750
124750	12166	82737	124652	13650	124750
124750	12619	25632	124480	12536	124750
124750	12509	64036	124800	13689	124750
124750	12523	69824	124712	14204	124750
124750	12571	62512	124744	13850	124750
124750	12662	20089	124482	12183	124750
124750	12442	82733	124662	14237	124750
124750	12500	61443	124826	14138	124750
124750	12322	71869	124674	13707	124750
124750	12120	88481	124542	14225	124750
124750	12672	9629	123916	13834	124750
124750	12053	95868	124402	14106	124750
124750	11747	102970	123842	14656	124750
124750	12488	44019	124600	14337	124750
124750	11801	111350	123734	14718	124750
124750	12391	76652	124628	14249	124750
124750	12659	23478	124484	12343	124750
124750	12642	12829	123812	20124	124750
124750	12234	86605	124592	13808	124750
124750	12295	73080	124778	14134	124750
124750	12586	26899	124346	13452	124750
124750	12270	76873	124648	14056	124750
124750	12597	40142	124732	13440	124750
124750	12379	74634	124816	14419	124750
124750	12600	21213	124332	14555	124750
124750	12550	47509	124738	13893	124750
124750	12172	106625	124296	14301	124750
124750	12165	66202	124634	13956	124750
124750	12270	98785	124458	13907	124750
124750	12522	53713	124756	14111	124750
124750	12672	18589	124554	12441	124750
124750	12546	77221	124720	14294	124750
124750	12622	33325	124614	12955	124750
124750	12588	27001	124450	13510	124750
124750	12275	96000	124570	14110	124750
124750	12695	20592	124326	12584	124750
124750	11933	90270	124416	14200	124750
124750	12562	35597	124654	13904	124750
124750	12346	97251	124492	14697	124750
124750	11854	110079	123948	14771	124750
124750	12321	71584	124692	14196	124750
124750	12547	64138	124694	13608	124750
124750	12682	19011	124234	12378	124750
124750	12589	33118	124628	15856	124750
124750	12490	76157	124378	14333	124750
124750	12620	38513	124606	13383	124750
124750	12639	39944	124716	13007	124750
124750	12255	75230	124770	13502	124750
124750	12656	17857	124098	14553	124750
124750	12404	82235	124816	13733	124750
124750	12487	31930	124106	17783	124750
