65861	4021	65861	45394	1991	500
63134	4034	63134	45348	2004	500
63353	4039	63353	45361	1929	500
64741	4047	64741	45352	1981	500
63185	4041	63185	45370	2017	500
63079	4019	63079	45351	1976	500
62527	4035	62527	45369	2026	500
62019	4025	62019	45347	1928	500
61160	4028	61160	45324	2031	500
62655	4069	62655	45337	2021	500
60959	4021	60959	45369	1975	500
61570	4054	61570	45340	1922	500
63053	4047	63053	45395	1995	500
61212	4046	61212	45348	1944	500
60588	4048	60588	45314	1948	500
64156	4046	64156	45334	2002	500
62562	4046	62562	45302	2000	500
61557	4055	61557	45343	2016	500
64998	4040	64998	45348	1939	500
61599	4039	61599	45321	2000	500
62854	4028	62854	45328	1999	500
62530	4042	62530	45372	1983	500
60478	4034	60478	45352	1990	500
64715	4023	64715	45349	2020	500
63797	4039	63797	45356	1986	500
59777	4025	59777	45367	1973	500
62054	4054	62054	45348	1938	500
61858	4032	61858	45360	1995	500
62694	4056	62694	45359	1982	500
61751	4065	61751	45337	2035	500
60454	4048	60454	45314	1996	500
63078	4050	63078	45332	2007	500
60907	4041	60907	45372	1996	500
63318	4014	63318	45311	1933	500
64751	4009	64751	45350	2022	500
61712	4028	61712	45338	1974	500
63481	4029	63481	45331	1936	500
61850	4016	61850	45319	1994	500
64024	4032	64024	45372	1963	500
62334	4036	62334	45353	1963	500
59953	4051	59953	45332	1948	500
61277	4043	61277	45318	1928	500
59211	4031	59211	45326	1985	500
62044	4020	62044	45335	1973	500
60687	4033	60687	45322	1957	500
61855	4007	61855	45355	1962	500
62918	4026	62918	45341	1967	500
64306	4040	64306	45292	2049	500
64304	4054	64304	45365	2072	500
64536	4028	64536	45307	2015	500
65143	4019	65143	45325	1916	500
60257	4055	60257	45343	2031	500
59609	4049	59609	45366	2037	500
62585	4047	62585	45336	2005	500
60569	4057	60569	45350	1987	500
62723	4029	62723	45306	1979	500
62770	4038	62770	45380	2030	500
63327	4039	63327	45342	2002	500
63205	4053	63205	45347	2005	500
60649	4061	60649	45331	2046	500
63172	4008	63172	45380	2020	500
64882	4030	64882	45338	1959	500
59474	4028	59474	45342	2023	500
63836	4020	63836	45385	1994	500
59272	4046	59272	45322	1984	500
61321	4053	61321	45361	2017	500
62580	4036	62580	45305	2023	500
60273	4051	60273	45327	1936	500
62872	4060	62872	45359	2005	500
60358	4056	60358	45343	2016	500
62292	4034	62292	45345	1960	500
60074	4024	60074	45338	1999	500
61667	4049	61667	45359	1951	500
58105	4059	58105	45356	1953	500
60650	4060	60650	45362	1952	500
61691	4061	61691	45351	1919	500
60617	4025	60617	45344	1947	500
62779	4023	62779	45348	2006	500
58561	4063	58561	45347	1981	500
66463	4027	66463	45347	1970	500
61169	4041	61169	45340	1992	500
63535	4035	63535	45345	2006	500
59955	4053	59955	45341	1986	500
63390	4032	63390	45357	2017	500
61260	4048	61260	45330	2021	500
62482	4036	62482	45345	2031	500
62554	4058	62554	45335	1984	500
61759	4045	61759	45360	1998	500
60591	4059	60591	45340	2005	500
61993	4041	61993	45351	2035	500
62936	4018	62936	45340	1997	500
63581	4027	63581	45325	2017	500
60924	4044	60924	45359	2006	500
58282	4076	58282	45334	2009	500
62406	4030	62406	45309	2011	500
65713	3995	65713	45342	1994	500
62003	4073	62003	45315	2020	500
61772	4066	61772	45346	1944	500
62632	3998	62632	45357	2044	500
60181	4043	60181	45401	1981	500
61998	4066	61998	45340	1990	500
62083	4045	62083	45355	1973	500
64625	4039	64625	45380	1977	500
64122	4042	64122	45383	1968	500
62683	4055	62683	45345	1955	500
66388	4048	66388	45343	2007	500
60433	4023	60433	45335	1962	500
64760	4060	64760	45355	1998	500
64671	4061	64671	45348	2019	500
61429	4061	61429	45344	2015	500
62690	4038	62690	45325	1999	500
61993	4021	61993	45329	1997	500
62831	3997	62831	45332	2001	500
65991	4027	65991	45358	2015	500
61183	4067	61183	45366	2046	500
62638	4038	62638	45367	2032	500
59076	4074	59076	45375	1952	500
62257	4043	62257	45345	2006	500
63693	4057	63693	45365	1965	500
67471	4011	67471	45337	1919	500
66769	4019	66769	45351	2002	500
61423	4051	61423	45291	2058	500
60517	4067	60517	45356	1965	500
61261	4033	61261	45326	2005	500
63764	4064	63764	45340	2019	500
64671	4049	64671	45350	1985	500
63599	4053	63599	45311	1957	500
62166	4026	62166	45341	1995	500
62335	4059	62335	45360	2024	500
60593	4043	60593	45360	2011	500
58408	4060	58408	45341	1877	500
62067	4043	62067	45362	1986	500
65227	4043	65227	45360	1974	500
60675	4097	60675	45348	2005	500
63356	4040	63356	45337	1986	500
64117	4057	64117	45340	1953	500
62393	4041	62393	45349	2015	500
62547	4051	62547	45347	1961	500
60028	4040	60028	45348	1971	500
63067	4049	63067	45363	2013	500
61828	4030	61828	45358	2011	500
63495	4037	63495	45343	1955	500
61457	4045	61457	45339	1941	500
62025	4045	62025	45326	1982	500
65179	4031	65179	45352	2013	500
61068	4054	61068	45322	1946	500
63514	4036	63514	45329	1935	500
64108	4024	64108	45336	2021	500
61043	4071	61043	45348	1993	500
60942	4054	60942	45326	1935	500
62174	4032	62174	45316	2046	500
61011	4035	61011	45333	1926	500
66879	4031	66879	45352	1958	500
64232	4004	64232	45367	2049	500
61212	4010	61212	45389	1999	500
61661	4049	61661	45381	1958	500
61117	4047	61117	45343	1952	500
62382	4082	62382	45340	1982	500
59183	4023	59183	45350	1928	500
63952	4044	63952	45311	1960	500
62949	4029	62949	45322	2041	500
62717	4055	62717	45367	2008	500
60519	4053	60519	45332	1895	500
61344	4028	61344	45369	1939	500
60328	4060	60328	45316	1990	500
61608	4078	61608	45345	2036	500
61307	4073	61307	45358	1980	500
64702	4022	64702	45343	2037	500
62578	4062	62578	45372	1995	500
60167	4083	60167	45376	2038	500
62769	4041	62769	45357	2025	500
63832	4072	63832	45347	1997	500
66055	4049	66055	45361	1982	500
63410	4034	63410	45318	2022	500
64925	4037	64925	45357	1982	500
59844	4040	59844	45359	1967	500
65521	4023	65521	45355	1968	500
64487	4051	64487	45329	2035	500
65796	4006	65796	45301	2020	500
62642	4032	62642	45338	1954	500
63954	4054	63954	45341	1961	500
60841	4049	60841	45365	1948	500
60029	4055	60029	45332	2065	500
60425	4057	60425	45321	1995	500
61959	4053	61959	45362	2003	500
62298	4040	62298	45295	1977	500
63622	4010	63622	45338	2005	500
63089	4039	63089	45349	2019	500
64074	4024	64074	45350	2063	500
60308	4042	60308	45354	2007	500
62763	4045	62763	45354	1991	500
59229	4051	59229	45362	1903	500
63034	4042	63034	45325	2006	500
62913	4043	62913	45330	1910	500
64228	4048	64228	45324	2048	500
63713	4031	63713	45370	2012	500
64455	4045	64455	45327	2072	500
62239	4043	62239	45317	2020	500
61533	4071	61533	45378	1928	500
61650	4048	61650	45305	2029	500
62117	4037	62117	45316	1950	500
61076	4034	61076	45370	1930	500
58590	4048	58590	45354	1939	500
60386	4046	60386	45340	2032	500
61469	4077	61469	45361	1991	500
63150	4062	63150	45344	1997	500
62385	4045	62385	45355	2007	500
60459	4027	60459	45319	1957	500
62605	4055	62605	45374	2019	500
64032	4040	64032	45366	1936	500
61717	4027	61717	45375	1959	500
63037	4047	63037	45372	1987	500
64005	4043	64005	45360	2007	500
63964	4050	63964	45361	1982	500
62723	4043	62723	45350	2016	500
62779	4037	62779	45312	1966	500
63621	4033	63621	45304	1976	500
61390	4028	61390	45360	2067	500
64044	4034	64044	45358	2018	500
60243	4051	60243	45352	1963	500
63003	4051	63003	45367	1979	500
63506	4030	63506	45382	2045	500
61864	4026	61864	45349	1929	500
58701	4079	58701	45354	1901	500
62640	4058	62640	45365	1962	500
60699	4061	60699	45332	1957	500
62556	4026	62556	45362	1986	500
63939	4049	63939	45325	1953	500
60847	4067	60847	45355	1973	500
62736	4032	62736	45317	2014	500
62238	4062	62238	45368	1959	500
61128	4038	61128	45378	1982	500
60655	4059	60655	45336	1961	500
61834	4058	61834	45354	1914	500
65997	4031	65997	45340	1829	500
63070	4026	63070	45382	1962	500
64408	4050	64408	45372	1969	500
61331	4025	61331	45345	2024	500
65106	4046	65106	45342	1955	500
60075	4081	60075	45367	2008	500
64096	4032	64096	45365	1991	500
60648	4062	60648	45346	2058	500
59169	4043	59169	45328	2015	500
61120	4066	61120	45368	1967	500
61099	4045	61099	45310	1930	500
61608	4046	61608	45335	1973	500
63230	4020	63230	45326	2053	500
60024	4044	60024	45355	2002	500
64798	4034	64798	45348	1970	500
59562	4064	59562	45361	1929	500
62632	4038	62632	45331	1971	500
63023	4059	63023	45347	2002	500
62545	4045	62545	45338	1924	500
64928	4062	64928	45313	1996	500
63809	4047	63809	45312	1954	500
64222	4044	64222	45312	1978	500
65913	4039	65913	45362	2023	500
63724	4024	63724	45367	2008	500
64468	4050	64468	45369	1954	500
62581	4037	62581	45360	2009	500
64530	4048	64530	45376	2041	500
61300	4034	61300	45382	2023	500
64124	4046	64124	45357	1985	500
62935	4023	62935	45339	1990	500
58604	4054	58604	45369	1986	500
60961	4031	60961	45308	1978	500
59246	4042	59246	45385	1957	500
59769	4011	59769	45318	2002	500
62646	4056	62646	45341	1998	500
61999	4047	61999	45383	2011	500
58838	4054	58838	45343	1961	500
58657	4041	58657	45354	2007	500
63803	4057	63803	45352	1935	500
59995	4025	59995	45348	1914	500
61976	4042	61976	45343	2006	500
61495	4057	61495	45346	1982	500
64308	4064	64308	45374	2025	500
60840	4058	60840	45355	2000	500
61594	4020	61594	45368	1972	500
58152	4034	58152	45369	1999	500
60872	4046	60872	45347	1990	500
61324	4054	61324	45329	1960	500
59978	4038	59978	45330	1977	500
64360	4018	64360	45370	1936	500
61801	4035	61801	45346	2028	500
63293	4041	63293	45369	2018	500
66882	4002	66882	45363	1930	500
56352	4082	56352	45326	1940	500
61327	4065	61327	45381	1942	500
61916	4054	61916	45362	1975	500
63633	4053	63633	45345	2065	500
59775	4051	59775	45366	2013	500
62239	4027	62239	45360	1935	500
59813	4053	59813	45339	1973	500
59805	4039	59805	45324	1951	500
62092	4046	62092	45349	2086	500
64065	4031	64065	45363	1974	500
60959	4053	60959	45363	1942	500
60952	4058	60952	45338	2010	500
61705	4023	61705	45341	1999	500
110705	3773	110705	44983	1843	500
113399	3761	113399	44909	1825	500
111841	3781	111841	44968	1792	500
59321	4079	59321	45339	2046	500
10900	4182	10900	44944	1534	500
95210	3864	95210	45276	2014	500
19986	4148	19986	45176	1672	500
110183	3787	110183	45043	1901	500
13153	4167	13153	45054	1545	500
38290	4128	38290	45311	1914	500
11097	4185	11097	44972	1474	500
4834	4204	4834	44692	1239	500
112460	3784	112460	44932	1902	500
113258	3760	113258	44923	1853	500
109846	3794	109846	44970	1869	500
112619	3749	112619	44926	1774	500
117894	3722	117894	44710	1627	500
118079	3709	118079	44690	1676	500
35194	4140	35194	45372	1872	500
3786	4218	3786	44602	1163	500
6743	4179	6743	44837	1358	500
109253	3827	109253	44949	1922	500
90218	3894	90218	45244	1988	500
77549	3963	77549	45353	2033	500
98916	3862	98916	45188	1983	500
111956	3784	111956	44982	1820	500
123049	3687	123049	44198	1269	500
75554	4014	75554	45324	2032	500
103328	3832	103328	45127	1930	500
112795	3773	112795	44976	1833	500
30410	4148	30410	45275	1821	500
87549	3927	87549	45285	1992	500
5890	4188	5890	44813	1328	500
106734	3846	106734	45122	1869	500
18839	4165	18839	45179	1703	500
117166	3750	117166	44697	1690	500
25562	4166	25562	45210	1710	500
107275	3823	107275	45056	1860	500
113215	3775	113215	44912	1768	500
108566	3808	108566	45043	1881	500
15000	4188	15000	45053	1573	500
37951	4111	37951	45246	1888	500
98442	3858	98442	45206	1939	500
99650	3850	99650	45241	1998	500
15917	4153	15917	45132	1647	500
78335	3973	78335	45295	1990	500
113172	3778	113172	44975	1852	500
113492	3768	113492	44888	1773	500
6663	4201	6663	44730	1349	500
19109	4187	19109	45162	1702	500
115374	3754	115374	44811	1803	500
108536	3814	108536	45008	1814	500
6680	4192	6680	44787	1403	500
80316	3950	80316	45311	2027	500
113974	3752	113974	44921	1759	500
24179	4139	24179	45230	1738	500
112269	3767	112269	44996	1758	500
7216	4188	7216	44817	1358	500
6835	4185	6835	44767	1385	500
16591	4153	16591	45130	1625	500
89665	3901	89665	45273	1983	500
101147	3845	101147	45192	1918	500
33583	4135	33583	45301	1840	500
70646	4044	70646	45325	2060	500
9912	4172	9912	44912	1555	500
109569	3785	109569	44987	1815	500
23365	4157	23365	45226	1741	500
101037	3847	101037	45164	1940	500
18414	4164	18414	45209	1693	500
25974	4140	25974	45231	1720	500
20063	4171	20063	45139	1746	500
92781	3881	92781	45292	2005	500
102334	3858	102334	45190	1996	500
76152	3990	76152	45325	2054	500
85166	3942	85166	45265	2008	500
22631	4167	22631	45191	1738	500
113890	3756	113890	44906	1737	500
22590	4162	22590	45211	1717	500
117864	3720	117864	44646	1642	500
7007	4189	7007	44852	1394	500
89236	3922	89236	45289	1980	500
110765	3777	110765	45005	1841	500
113667	3753	113667	44890	1742	500
18880	4146	18880	45191	1703	500
111648	3798	111648	44897	1844	500
103522	3844	103522	45084	1947	500
11024	4186	11024	44977	1476	500
63863	4059	63863	45341	1977	500
25890	4166	25890	45161	1757	500
86358	3918	86358	45290	2041	500
104398	3810	104398	45092	1947	500
11806	4188	11806	44973	1551	500
12002	4184	12002	45048	1525	500
42802	4108	42802	45291	1852	500
96245	3867	96245	45208	2013	500
42453	4103	42453	45355	1895	500
122655	3677	122655	44290	1303	500
115339	3743	115339	44845	1796	500
5718	4208	5718	44675	1343	500
114197	3755	114197	44866	1744	500
17928	4168	17928	45066	1643	500
3948	4210	3948	44640	1186	500
102855	3859	102855	45162	2006	500
889	4315	889	44257	792	500
114623	3767	114623	44832	1721	500
16862	4168	16862	45111	1642	500
112576	3770	112576	44960	1845	500
63787	4049	63787	45373	2015	500
7646	4190	7646	44848	1456	500
15498	4152	15498	45053	1642	500
11115	4161	11115	44948	1517	500
13619	4149	13619	45007	1592	500
112744	3768	112744	44891	1826	500
103894	3844	103894	45135	1936	500
120628	3710	120628	44517	1470	500
85179	3951	85179	45306	2042	500
37871	4111	37871	45288	1844	500
13865	4171	13865	45065	1570	500
96598	3854	96598	45219	1979	500
20640	4162	20640	45206	1749	500
82407	3965	82407	45300	2055	500
114645	3745	114645	44876	1755	500
120320	3720	120320	44571	1521	500
122848	3688	122848	44204	1257	500
113526	3776	113526	44921	1790	500
9507	4183	9507	44869	1468	500
102856	3812	102856	45169	2030	500
98759	3839	98759	45199	1888	500
28669	4163	28669	45316	1808	500
99084	3862	99084	45214	2007	500
9754	4180	9754	44925	1480	500
46049	4093	46049	45335	1900	500
17717	4161	17717	45144	1607	500
116146	3732	116146	44773	1699	500
18555	4157	18555	45175	1646	500
103526	3832	103526	45056	1908	500
34393	4099	34393	45313	1804	500
6006	4186	6006	44743	1322	500
8034	4162	8034	44848	1450	500
32223	4151	32223	45312	1837	500
14711	4177	14711	45092	1599	500
53034	4102	53034	45352	2008	500
14604	4168	14604	45070	1580	500
112447	3749	112447	44896	1902	500
120380	3684	120380	44564	1522	500
112842	3770	112842	44906	1835	500
15373	4159	15373	45091	1644	500
98769	3855	98769	45228	2013	500
38808	4118	38808	45314	1866	500
110198	3770	110198	44935	1812	500
5181	4179	5181	44705	1323	500
109219	3803	109219	45023	1815	500
80642	3956	80642	45316	2068	500
17438	4176	17438	45081	1621	500
15525	4165	15525	45111	1617	500
62427	4039	62427	45355	1976	500
88332	3926	88332	45320	2013	500
6844	4188	6844	44778	1344	500
10869	4153	10869	44976	1488	500
16957	4155	16957	45117	1634	500
4893	4217	4893	44644	1284	500
32394	4128	32394	45241	1841	500
110768	3786	110768	44976	1802	500
11390	4184	11390	44983	1543	500
4466	4192	4466	44683	1208	500
104161	3819	104161	45145	1882	500
112571	3781	112571	44949	1801	500
40430	4126	40430	45303	1857	500
4772	4208	4772	44674	1283	500
20560	4162	20560	45166	1676	500
123202	3688	123202	44180	1218	500
13099	4167	13099	44991	1574	500
9756	4188	9756	44981	1483	500
14798	4182	14798	45074	1634	500
116469	3749	116469	44798	1646	500
117963	3747	117963	44709	1704	500
50930	4088	50930	45361	1960	500
19355	4165	19355	45148	1738	500
10129	4193	10129	44922	1453	500
37997	4117	37997	45310	1898	500
39099	4099	39099	45299	1889	500
24160	4138	24160	45234	1702	500
72967	4017	72967	45317	2028	500
112635	3779	112635	44935	1826	500
71197	4031	71197	45316	2072	500
14329	4157	14329	45055	1618	500
25610	4144	25610	45324	1783	500
8145	4179	8145	44862	1459	500
11337	4183	11337	45042	1517	500
10415	4181	10415	45004	1517	500
13068	4172	13068	45020	1541	500
111230	3794	111230	44973	1833	500
42272	4106	42272	45355	1881	500
116165	3751	116165	44810	1729	500
109104	3790	109104	45028	1866	500
109829	3785	109829	45048	1922	500
118935	3717	118935	44657	1608	500
111979	3789	111979	44915	1784	500
114033	3783	114033	44836	1700	500
6841	4179	6841	44859	1350	500
118894	3708	118894	44666	1585	500
122732	3690	122732	44285	1296	500
116582	3728	116582	44781	1713	500
67921	4031	67921	45370	2014	500
28291	4149	28291	45298	1844	500
32953	4147	32953	45318	1826	500
18341	4155	18341	45098	1684	500
74759	3995	74759	45319	2102	500
8878	4168	8878	44959	1449	500
83062	3962	83062	45302	2042	500
6211	4207	6211	44736	1345	500
108256	3810	108256	45073	1826	500
105762	3806	105762	45090	1937	500
72135	4005	72135	45369	2047	500
103207	3815	103207	45109	1962	500
86708	3922	86708	45291	1999	500
95207	3875	95207	45234	2040	500
5591	4199	5591	44795	1280	500
70941	4011	70941	45330	1985	500
98561	3863	98561	45241	2015	500
85218	3914	85218	45321	2001	500
114735	3757	114735	44818	1686	500
18484	4182	18484	45134	1649	500
9037	4183	9037	44878	1449	500
117484	3720	117484	44778	1601	500
13799	4177	13799	45122	1599	500
78130	3950	78130	45308	1985	500
15255	4157	15255	45059	1612	500
19443	4151	19443	45213	1656	500
7860	4176	7860	44867	1416	500
5652	4206	5652	44713	1270	500
40216	4100	40216	45297	1898	500
72291	4031	72291	45371	2006	500
91772	3900	91772	45262	2121	500
68318	4040	68318	45298	2012	500
112846	3754	112846	44867	1811	500
107718	3776	107718	45055	1902	500
112358	3794	112358	44952	1847	500
21131	4167	21131	45125	1683	500
7849	4195	7849	44859	1435	500
10321	4179	10321	44973	1485	500
14609	4167	14609	45121	1579	500
105648	3790	105648	45068	1926	500
15547	4157	15547	45067	1618	500
114930	3754	114930	44811	1730	500
45075	4119	45075	45322	1901	500
111243	3771	111243	44970	1778	500
40547	4135	40547	45320	1884	500
58951	4055	58951	45351	1969	500
24049	4131	24049	45308	1742	500
107886	3792	107886	45005	1956	500
22170	4152	22170	45275	1706	500
112667	3775	112667	44921	1769	500
17302	4172	17302	45071	1667	500
7289	4199	7289	44786	1396	500
117004	3740	117004	44767	1741	500
113129	3771	113129	44973	1797	500
5284	4180	5284	44703	1277	500
8107	4201	8107	44891	1497	500
117763	3741	117763	44684	1649	500
10112	4190	10112	44921	1519	500
16436	4164	16436	45097	1628	500
110435	3783	110435	44980	1863	500
50536	4092	50536	45319	1957	500
40528	4130	40528	45309	1879	500
117853	3741	117853	44740	1646	500
107693	3793	107693	45008	1882	500
9736	4178	9736	44962	1469	500
120152	3708	120152	44548	1506	500
20441	4143	20441	45145	1725	500
119083	3731	119083	44654	1580	500
29607	4153	29607	45308	1791	500
93894	3868	93894	45220	2038	500
11915	4173	11915	45016	1555	500
97263	3887	97263	45228	1985	500
56521	4097	56521	45316	1983	500
84398	3932	84398	45301	2021	500
115557	3737	115557	44825	1725	500
103851	3815	103851	45193	2004	500
86493	3953	86493	45292	1921	500
109864	3788	109864	44964	1831	500
11600	4164	11600	44975	1527	500
12111	4175	12111	44984	1592	500
17647	4159	17647	45122	1719	500
34097	4131	34097	45271	1832	500
103238	3846	103238	45250	1926	500
22817	4175	22817	45257	1741	500
11500	4202	11500	45004	1494	500
115588	3732	115588	44835	1743	500
20266	4164	20266	45196	1666	500
16197	4177	16197	45049	1610	500
14999	4167	14999	45087	1607	500
100108	3870	100108	45203	1993	500
97677	3869	97677	45157	2015	500
80619	3967	80619	45288	2034	500
114912	3774	114912	44826	1729	500
115514	3734	115514	44829	1689	500
109294	3794	109294	45086	1891	500
118344	3720	118344	44643	1629	500
20447	4155	20447	45173	1701	500
56035	4053	56035	45325	2032	500
16268	4176	16268	45039	1617	500
10492	4176	10492	45005	1490	500
18223	4159	18223	45119	1677	500
48861	4091	48861	45346	1900	500
11637	4147	11637	45005	1509	500
9213	4167	9213	44917	1457	500
119631	3719	119631	44604	1587	500
35276	4138	35276	45312	1862	500
39848	4132	39848	45326	1919	500
110805	3777	110805	44995	1912	500
106248	3828	106248	45053	1946	500
111044	3744	111044	44971	1797	500
110651	3777	110651	44973	1781	500
111110	3778	111110	44950	1803	500
19845	4159	19845	45200	1671	500
13130	4182	13130	45020	1564	500
17367	4145	17367	45084	1615	500
118491	3713	118491	44666	1625	500
20843	4171	20843	45186	1692	500
75710	3988	75710	45359	2020	500
12843	4167	12843	45018	1554	500
115453	3739	115453	44793	1674	500
109091	3797	109091	45064	1901	500
112920	3768	112920	44998	1759	500
115451	3761	115451	44873	1748	500
27786	4168	27786	45254	1770	500
9268	4150	9268	44941	1451	500
68401	4051	68401	45348	2065	500
112131	3791	112131	45022	1865	500
111097	3779	111097	44891	1844	500
83003	3939	83003	45314	2024	500
106351	3823	106351	45014	1949	500
100908	3828	100908	45184	2059	500
91430	3916	91430	45251	2071	500
119019	3717	119019	44655	1607	500
2340	4262	2340	44483	1030	500
6331	4201	6331	44747	1342	500
110450	3794	110450	45013	1849	500
6269	4191	6269	44796	1344	500
14758	4174	14758	45083	1594	500
112218	3782	112218	44950	1877	500
7851	4161	7851	44845	1387	500
14080	4182	14080	45062	1601	500
114556	3736	114556	44866	1740	500
93759	3883	93759	45228	2005	500
112762	3760	112762	44935	1809	500
14920	4160	14920	45110	1600	500
96355	3887	96355	45230	2018	500
117832	3742	117832	44735	1638	500
51456	4088	51456	45363	1959	500
117766	3722	117766	44738	1668	500
46526	4094	46526	45380	1922	500
15677	4171	15677	45060	1671	500
113972	3776	113972	44923	1746	500
74383	4009	74383	45307	2002	500
15792	4160	15792	45064	1595	500
33465	4123	33465	45336	1842	500
114534	3748	114534	44895	1760	500
5085	4211	5085	44677	1295	500
79829	3953	79829	45348	2011	500
103406	3842	103406	45108	1934	500
101707	3853	101707	45131	1958	500
26237	4133	26237	45263	1768	500
17235	4177	17235	45218	1656	500
42378	4110	42378	45308	1905	500
101592	3838	101592	45155	1892	500
16674	4176	16674	45123	1629	500
30680	4150	30680	45355	1778	500
3171	4239	3171	44598	1100	500
116343	3729	116343	44758	1758	500
3158	4214	3158	44556	1116	500
112262	3764	112262	44958	1844	500
4189	4185	4189	44654	1229	500
22958	4154	22958	45245	1752	500
70148	4042	70148	45347	2028	500
3350	4228	3350	44569	1130	500
94450	3868	94450	45261	2029	500
119605	3705	119605	44557	1540	500
115837	3739	115837	44774	1712	500
12690	4172	12690	44978	1545	500
119189	3745	119189	44606	1581	500
67227	4033	67227	45349	1952	500
58006	4058	58006	45358	1962	500
14740	4158	14740	45084	1630	500
46481	4105	46481	45292	1999	500
4866	4200	4866	44659	1308	500
112656	3750	112656	44964	1849	500
23465	4161	23465	45250	1736	500
123236	3688	123236	44170	1217	500
22354	4168	22354	45230	1718	500
3683	4221	3683	44574	1189	500
14859	4175	14859	45110	1592	500
3804	4204	3804	44559	1153	500
16906	4172	16906	45078	1545	500
113601	3761	113601	44892	1733	500
116380	3752	116380	44769	1722	500
35695	4137	35695	45287	1856	500
116459	3755	116459	44797	1694	500
114050	3740	114050	44890	1768	500
118014	3732	118014	44706	1616	500
20327	4157	20327	45262	1684	500
23987	4149	23987	45188	1748	500
46015	4113	46015	45342	1931	500
12880	4158	12880	44970	1554	500
22676	4128	22676	45251	1708	500
109495	3771	109495	45062	1854	500
116437	3739	116437	44779	1699	500
117114	3744	117114	44727	1680	500
117337	3717	117337	44762	1708	500
22705	4171	22705	45233	1721	500
3996	4202	3996	44637	1188	500
37920	4118	37920	45307	1882	500
102657	3829	102657	45191	1933	500
61609	4087	61609	45362	2029	500
33468	4104	33468	45321	1866	500
114123	3781	114123	44860	1785	500
119337	3719	119337	44574	1604	500
111326	3766	111326	44958	1879	500
11720	4170	11720	44987	1544	500
114742	3756	114742	44847	1734	500
101526	3850	101526	45150	2027	500
6347	4187	6347	44733	1352	500
104986	3800	104986	45090	1957	500
22710	4174	22710	45182	1734	500
122452	3688	122452	44333	1335	500
16294	4176	16294	45096	1671	500
102822	3808	102822	45119	1926	500
116160	3720	116160	44748	1722	500
31390	4124	31390	45329	1833	500
14110	4170	14110	45033	1559	500
8655	4151	8655	44901	1423	500
16929	4161	16929	45166	1660	500
25888	4136	25888	45191	1774	500
102530	3820	102530	45132	1933	500
116336	3730	116336	44784	1661	500
38926	4104	38926	45323	1865	500
108874	3788	108874	45026	1890	500
109375	3807	109375	44988	1811	500
12669	4171	12669	45014	1539	500
79857	3945	79857	45314	2043	500
113030	3782	113030	44895	1718	500
120368	3690	120368	44546	1544	500
13306	4184	13306	45033	1557	500
117473	3739	117473	44741	1698	500
27025	4155	27025	45387	1748	500
8789	4193	8789	44939	1451	500
118220	3722	118220	44665	1598	500
85331	3935	85331	45323	2028	500
21359	4165	21359	45184	1740	500
59043	4099	59043	45254	1853	500
61409	4047	61409	45351	2019	500
77752	3914	77752	45226	2128	500
15826	4164	15826	45055	1548	500
65605	4037	65605	45337	2039	500
61661	4053	61661	45324	1902	500
24330	4146	24330	45247	1768	500
34522	4144	34522	45263	1882	500
91176	3944	91176	45224	1967	500
59504	4036	59504	45302	1992	500
78273	3991	78273	45311	2087	500
22658	4130	22658	44905	1660	500
7528	4252	7528	44453	1089	500
78027	3839	78027	45150	2040	500
12266	4186	12266	44991	1549	500
98070	3798	98070	45172	2067	500
105787	3883	105787	44968	2038	500
60787	4003	60787	45365	1986	500
102279	3795	102279	45099	1930	500
65593	4035	65593	45325	2007	500
51191	4033	51191	45318	1932	500
17293	4147	17293	45022	1566	500
63928	4048	63928	45340	2040	500
17560	4190	17560	45096	1599	500
31182	4148	31182	45348	1780	500
65341	4007	65341	45358	1985	500
16613	4161	16613	45047	1586	500
92142	3954	92142	45244	2041	500
45202	4124	45202	45274	1928	500
55535	4075	55535	45348	1972	500
65407	3991	65407	45349	1992	500
75702	4054	75702	45277	2050	500
74802	4046	74802	45291	2070	500
19393	4141	19393	45021	1647	500
25320	4138	25320	45243	1676	500
94177	3909	94177	45245	1967	500
88682	3954	88682	45293	2016	500
92952	3734	92952	44994	2022	500
32051	4153	32051	45311	1752	500
70988	3990	70988	45341	2062	500
105722	3872	105722	45091	2055	500
30347	4145	30347	45223	1767	500
53817	3917	53817	45000	1928	500
106620	3848	106620	45088	1993	500
16517	4169	16517	45102	1618	500
42863	4087	42863	45370	1882	500
43783	4115	43783	45289	1880	500
101633	3901	101633	45238	1929	500
64528	4016	64528	45351	2029	500
41842	4050	41842	45238	1848	500
27934	4154	27934	45283	1758	500
86994	3984	86994	45314	2055	500
82791	3801	82791	45130	2086	500
15981	4171	15981	45053	1593	500
33370	4156	33370	45256	1755	500
63804	4026	63804	45361	1966	500
79410	3952	79410	45335	2000	500
15370	4176	15370	44976	1572	500
65636	3948	65636	45283	1944	500
24446	4126	24446	45113	1730	500
17196	4160	17196	44956	1582	500
68126	4064	68126	45241	1922	500
91593	3869	91593	45254	1967	500
13248	4182	13248	44949	1536	500
93245	3939	93245	45299	2078	500
62259	4025	62259	45341	1903	500
83983	3943	83983	45279	1981	500
53775	4129	53775	45317	1900	500
67899	4023	67899	45315	1985	500
18090	4174	18090	45028	1527	500
25741	4143	25741	45183	1770	500
7285	4181	7285	44764	1360	500
105810	3734	105810	44933	1987	500
114295	3731	114295	44752	1835	500
88246	3852	88246	45258	2107	500
103542	3728	103542	45020	1928	500
48716	4062	48716	45358	1890	500
11343	4199	11343	44948	1417	500
75016	3992	75016	45293	1995	500
100424	3884	100424	45211	1955	500
52744	4034	52744	45382	1932	500
103445	3897	103445	45015	2025	500
30904	4118	30904	45225	1784	500
34026	4132	34026	45339	1797	500
104748	3746	104748	44920	2067	500
18332	4160	18332	45206	1671	500
71293	3911	71293	45282	1980	500
42083	4123	42083	45217	1822	500
95741	3823	95741	45111	2037	500
24096	4174	24096	45191	1707	500
96003	3941	96003	45105	2022	500
85948	3978	85948	45269	1972	500
73169	3835	73169	45239	2025	500
115474	3710	115474	44761	1851	500
57948	4058	57948	45360	1984	500
76705	3905	76705	45258	2036	500
43628	4102	43628	45315	1930	500
103492	3904	103492	45090	1996	500
96415	3827	96415	45145	2037	500
8961	4201	8961	44808	1372	500
24434	4162	24434	45208	1733	500
101550	3892	101550	45138	2101	500
24184	4170	24184	45119	1643	500
94728	3812	94728	45089	2117	500
12811	4171	12811	44935	1522	500
42227	4081	42227	45274	1905	500
16843	4177	16843	45147	1578	500
26903	4143	26903	45120	1626	500
30110	4120	30110	45208	1787	500
51480	4118	51480	45298	1879	500
75247	4049	75247	45076	1956	500
50426	4040	50426	45339	1923	500
24499	4159	24499	45144	1697	500
106673	3703	106673	44869	2078	500
40011	4083	40011	45220	1840	500
78518	3864	78518	45269	2026	500
18928	4164	18928	45050	1650	500
24736	4126	24736	45052	1651	500
53280	4052	53280	45358	2003	500
40613	4117	40613	45271	1808	500
62490	4050	62490	45319	2004	500
28311	4179	28311	45156	1674	500
88980	3848	88980	45250	2051	500
73185	3979	73185	45332	2029	500
21993	4177	21993	44884	1493	500
89780	3872	89780	45265	2047	500
95795	3751	95795	45028	1969	500
102117	3883	102117	45139	2004	500
5891	4219	5891	44660	1249	500
23357	4151	23357	45135	1674	500
83769	4033	83769	45208	2032	500
76807	4043	76807	45348	2032	500
31262	4114	31262	45092	1764	500
33673	4131	33673	45203	1863	500
27746	4110	27746	45051	1770	500
67949	4005	67949	45325	2027	500
38264	4122	38264	45290	1828	500
57534	4048	57534	45363	2014	500
29591	4139	29591	45282	1798	500
87203	3857	87203	45168	2054	500
81398	3912	81398	45294	1968	500
103140	3798	103140	45040	2048	500
56976	4086	56976	45330	2023	500
48770	4098	48770	45360	1991	500
30515	4165	30515	45321	1764	500
115042	3798	115042	44736	1813	500
53414	4096	53414	45353	1927	500
14764	4194	14764	44904	1436	500
94061	3795	94061	45150	2058	500
18221	4161	18221	45055	1612	500
39338	4126	39338	45342	1818	500
16639	4177	16639	45005	1584	500
107678	3738	107678	45026	1930	500
63785	4047	63785	45348	2025	500
39777	4105	39777	45290	1830	500
104486	3880	104486	45103	2065	500
44338	4120	44338	45345	1879	500
29642	4142	29642	45152	1822	500
107264	3842	107264	45077	1973	500
22357	4129	22357	45143	1704	500
102401	3799	102401	45039	1902	500
67403	4003	67403	45342	1974	500
81709	3829	81709	45217	2025	500
103034	3790	103034	45041	2028	500
102937	3779	102937	45032	2013	500
8355	4203	8355	44776	1334	500
47039	4041	47039	45297	1912	500
57710	4104	57710	45323	1906	500
97736	3890	97736	45211	1990	500
69371	4023	69371	45315	1994	500
63704	4042	63704	45347	2031	500
110068	3852	110068	44982	1975	500
30671	4125	30671	45164	1709	500
49159	4081	49159	45352	1959	500
76323	4027	76323	45290	2025	500
101437	3889	101437	45165	2044	500
91853	3965	91853	45083	2128	500
34003	4157	34003	45299	1826	500
109204	3840	109204	45001	1944	500
79661	3985	79661	45321	2033	500
27377	4161	27377	45270	1799	500
82482	3996	82482	45323	2060	500
39349	4097	39349	45284	1872	500
21914	4160	21914	44884	1525	500
34281	4129	34281	45113	1793	500
6008	4230	6008	44639	1244	500
109296	3826	109296	45026	1943	500
109279	3859	109279	44989	1970	500
87195	3799	87195	45161	2035	500
42895	4089	42895	45306	1909	500
64586	3990	64586	45321	1996	500
11022	4170	11022	44948	1500	500
47054	4108	47054	45381	1925	500
25562	4140	25562	45073	1705	500
104664	3866	104664	45099	1907	500
105550	3878	105550	45156	1993	500
57684	4034	57684	45348	1891	500
100737	3881	100737	45178	1982	500
43746	4070	43746	45237	1915	500
25761	4161	25761	45278	1775	500
38733	4139	38733	45344	1864	500
29439	4125	29439	45269	1770	500
41091	4129	41091	45306	1917	500
56130	3892	56130	45054	1908	500
66788	4002	66788	45332	1990	500
45020	4114	45020	45273	1927	500
58123	4063	58123	45359	1978	500
60402	4058	60402	44939	1937	500
67328	4010	67328	45333	2028	500
115904	3814	115904	44716	1787	500
55988	4050	55988	45312	1951	500
32722	4144	32722	45276	1803	500
109389	3831	109389	44919	1903	500
111667	3845	111667	44818	1924	500
19617	4145	19617	45052	1639	500
67139	3999	67139	45330	1985	500
23816	4160	23816	45261	1770	500
44690	4138	44690	45243	1824	500
12140	4190	12140	44724	1326	500
72488	4020	72488	45281	1964	500
68794	4022	68794	45331	1986	500
61246	4082	61246	45313	1970	500
33261	4113	33261	45116	1740	500
73435	3773	73435	45075	1979	500
19869	4167	19869	45092	1625	500
20210	4164	20210	44993	1633	500
66746	4076	66746	45258	1981	500
67482	4042	67482	45317	1983	500
52385	4121	52385	45309	1944	500
96697	3809	96697	45093	1969	500
91153	3963	91153	45222	2002	500
66482	3858	66482	45214	1963	500
82221	4015	82221	45220	1978	500
68914	3982	68914	45319	2050	500
19711	4163	19711	45044	1712	500
94034	3930	94034	45215	2088	500
50925	4051	50925	45338	1950	500
55510	4070	55510	45360	1979	500
21066	4144	21066	45060	1625	500
83427	3991	83427	45272	2036	500
75517	3781	75517	45079	1983	500
26673	4081	26673	45009	1639	500
40505	4105	40505	45319	1883	500
73697	4055	73697	45320	1972	500
51934	4116	51934	45291	1945	500
86512	3978	86512	45266	2020	500
54311	4059	54311	45352	1963	500
26152	4132	26152	45312	1787	500
23700	4174	23700	44919	1559	500
102573	3893	102573	45187	2014	500
106641	3879	106641	45086	1988	500
97525	3933	97525	45275	2075	500
60755	4053	60755	45359	1980	500
93230	3814	93230	45224	2037	500
64807	4047	64807	45365	2047	500
54797	3987	54797	45284	1951	500
83296	3880	83296	45264	2025	500
66739	3929	66739	45358	1988	500
11580	4188	11580	44876	1468	500
49656	4066	49656	45287	1911	500
33306	4144	33306	45286	1802	500
87554	3980	87554	45260	2090	500
107085	3863	107085	45035	1975	500
41226	4104	41226	45293	1875	500
103469	3761	103469	45068	2040	500
93779	3799	93779	45090	2004	500
9712	4166	9712	44865	1450	500
86844	3830	86844	45211	2034	500
21781	4127	21781	45084	1648	500
47722	4098	47722	45354	1931	500
98596	3712	98596	44993	2082	500
23886	4150	23886	45180	1729	500
101123	3883	101123	45281	1928	500
58471	4053	58471	45317	1981	500
55216	4108	55216	45323	1940	500
49143	4119	49143	45336	1988	500
26555	4133	26555	45207	1771	500
21084	4136	21084	45089	1647	500
12286	4208	12286	44811	1398	500
60497	3977	60497	45231	1986	500
27033	4121	27033	45019	1717	500
109210	3660	109210	44577	1906	500
14351	4165	14351	44971	1561	500
69301	4007	69301	45399	2010	500
84191	3917	84191	45264	2052	500
91519	3859	91519	45230	1981	500
92007	3821	92007	45225	1998	500
95972	3750	95972	45058	2056	500
89552	3934	89552	45229	2077	500
98297	3777	98297	45062	2074	500
32157	4125	32157	45242	1775	500
59438	4044	59438	45357	1996	500
18005	4169	18005	45214	1612	500
104212	3898	104212	44862	2158	500
110570	3808	110570	44929	1857	500
26153	4169	26153	45239	1829	500
51106	4070	51106	45305	1928	500
63819	3967	63819	45278	1978	500
89059	3951	89059	45265	2008	500
70940	3994	70940	45331	2017	500
49665	4051	49665	45285	1939	500
70923	3953	70923	45313	2000	500
32152	4130	32152	45154	1796	500
99607	3901	99607	45269	2028	500
109893	3835	109893	45063	1928	500
107813	3743	107813	44959	1928	500
64824	4066	64824	45354	1934	500
57769	4083	57769	45353	2041	500
25216	4160	25216	45334	1734	500
13608	4170	13608	45034	1550	500
78715	3789	78715	45083	1982	500
89998	3766	89998	45116	2075	500
28709	4117	28709	45152	1726	500
43031	4061	43031	45303	1816	500
86737	3985	86737	45311	2087	500
64493	4025	64493	45371	1954	500
20513	4153	20513	45238	1674	500
49268	4092	49268	45325	1875	500
48664	4058	48664	45336	1978	500
22545	4137	22545	45269	1715	500
73608	4014	73608	45295	2001	500
45823	4101	45823	45343	1852	500
67157	4033	67157	45331	2026	500
98392	3766	98392	44998	2005	500
85567	3959	85567	45279	2025	500
30571	4131	30571	45262	1752	500
14531	4177	14531	44981	1565	500
67838	4042	67838	45318	1966	500
52662	4104	52662	45324	1965	500
21177	4145	21177	45218	1681	500
68788	4018	68788	45342	2038	500
31222	4114	31222	45132	1797	500
45451	4053	45451	45236	1843	500
100028	3900	100028	45170	1968	500
40175	4089	40175	45335	1860	500
97671	3925	97671	45211	2098	500
43688	4138	43688	45308	1854	500
56675	4025	56675	45335	1991	500
98823	3817	98823	45102	2092	500
103232	3888	103232	44709	1896	500
57935	4115	57935	45165	1995	500
65879	3947	65879	45293	1991	500
80160	3990	80160	45315	1974	500
110170	3838	110170	44958	1988	500
16463	4151	16463	45062	1636	500
18677	4141	18677	45019	1629	500
41304	4072	41304	45265	1829	500
42692	4132	42692	45348	1938	500
30719	4095	30719	45159	1782	500
41381	4121	41381	45244	1792	500
18474	4154	18474	45034	1664	500
113118	3824	113118	44860	1892	500
54507	4091	54507	45307	1958	500
74507	3941	74507	45278	2030	500
28367	4129	28367	45145	1817	500
62635	3837	62635	45079	2005	500
108960	3862	108960	44966	1976	500
50317	4061	50317	45378	1966	500
111566	3850	111566	44831	1952	500
43946	4118	43946	45340	1892	500
96765	3939	96765	45105	2043	500
23732	4182	23732	45204	1733	500
37572	4100	37572	45214	1752	500
8965	4187	8965	44866	1451	500
99512	3780	99512	45093	2018	500
28342	4158	28342	45204	1701	500
91230	3930	91230	45284	1942	500
56418	4090	56418	45367	2005	500
12913	4173	12913	44990	1571	500
109160	3816	109160	45058	1906	500
103890	3862	103890	45184	1978	500
30256	4094	30256	45058	1689	500
98028	3796	98028	45102	2045	500
48153	4105	48153	45338	1949	500
104394	3880	104394	45086	2010	500
39373	4119	39373	45341	1788	500
14879	4167	14879	44965	1567	500
81755	4025	81755	45165	1964	500
18622	4158	18622	45234	1640	500
79307	4019	79307	45282	1973	500
33366	4158	33366	45243	1758	500
61543	4033	61543	45342	2021	500
69833	4049	69833	45323	1948	500
94961	3927	94961	45275	1967	500
101277	3753	101277	45061	2065	500
42209	4089	42209	45282	1894	500
101227	3805	101227	45132	2050	500
15743	4193	15743	44956	1594	500
18375	4159	18375	44956	1590	500
92113	3803	92113	45128	2111	500
109968	3754	109968	44907	1953	500
87967	3787	87967	45146	2026	500
84568	3954	84568	45311	2053	500
84901	3973	84901	45328	2079	500
66330	4036	66330	45348	2002	500
12946	4170	12946	44939	1588	500
23029	4183	23029	45171	1667	500
80508	3934	80508	45332	2014	500
13516	4204	13516	45111	1490	500
85172	3910	85172	45274	2029	500
107701	3839	107701	45007	1929	500
60956	4038	60956	45358	2016	500
94530	3794	94530	45094	2018	500
38300	4102	38300	45307	1852	500
81369	3991	81369	45287	2017	500
47982	4104	47982	45340	1909	500
24482	4180	24482	44917	1611	500
106270	3852	106270	45107	1911	500
20115	4129	20115	45069	1700	500
92063	3823	92063	45145	2034	500
110693	3813	110693	44625	2014	500
95772	3918	95772	45212	2051	500
89052	3966	89052	45302	1998	500
98611	3737	98611	44991	2007	500
64642	3866	64642	45144	1983	500
79792	3982	79792	45289	2023	500
103450	3868	103450	45069	2005	500
61553	3979	61553	45281	1928	500
77648	3902	77648	45224	2034	500
38814	4106	38814	45346	1828	500
106313	3739	106313	44973	1959	500
89499	3965	89499	45246	2069	500
75114	3868	75114	45203	2055	500
88162	4000	88162	45284	2057	500
69902	4056	69902	45326	2000	500
95517	3929	95517	45256	1961	500
44264	4106	44264	45302	1811	500
78753	3817	78753	45173	2025	500
52417	4085	52417	45166	1864	500
14926	4164	14926	45071	1598	500
96942	3908	96942	45249	1999	500
75156	3910	75156	45251	2093	500
32302	4110	32302	45257	1852	500
109042	3700	109042	44894	1962	500
33012	4112	33012	45229	1793	500
22088	4170	22088	45209	1650	500
62771	4043	62771	45366	1999	500
37630	4122	37630	45304	1831	500
39085	4129	39085	45326	1874	500
24611	4141	24611	45179	1708	500
108905	3741	108905	44949	1923	500
35019	4127	35019	45213	1770	500
100277	3919	100277	45249	2074	500
63433	4029	63433	45359	2044	500
82160	3926	82160	45278	2027	500
72284	4030	72284	45339	2078	500
117217	3775	117217	44609	1698	500
15476	4158	15476	45033	1577	500
30643	4151	30643	45198	1764	500
113749	3801	113749	44816	1835	500
21836	4174	21836	45088	1563	500
60958	4044	60958	45356	1965	500
116949	3767	116949	44661	1759	500
55795	4079	55795	45352	1943	500
109398	3746	109398	44930	1896	500
53293	4089	53293	45336	1901	500
89634	3976	89634	45177	2061	500
103616	3762	103616	45083	2028	500
12619	4189	12619	44924	1481	500
69040	3906	69040	45244	2007	500
24854	4130	24854	45147	1757	500
54505	4033	54505	45327	1917	500
22389	4155	22389	45155	1694	500
111357	3737	111357	44840	1925	500
61765	4059	61765	45348	1952	500
108383	3753	108383	44932	1924	500
18018	4150	18018	45072	1633	500
45479	4123	45479	45315	1873	500
78888	4010	78888	45300	2001	500
58348	3924	58348	45171	1880	500
33400	4126	33400	45205	1816	500
60136	4108	60136	45179	1863	500
21635	4151	21635	45072	1668	500
24960	4132	24960	45120	1654	500
9052	4202	9052	44762	1361	500
11413	4187	11413	44850	1475	500
84743	3853	84743	45234	2034	500
47178	4130	47178	45291	1842	500
89246	3958	89246	45238	2074	500
92723	3927	92723	45314	2021	500
17589	4169	17589	45088	1686	500
101681	3873	101681	45178	1956	500
75509	3915	75509	45276	2012	500
113175	3789	113175	44832	1887	500
30557	4121	30557	45247	1801	500
57908	4010	57908	45329	2018	500
50553	4107	50553	45347	1978	500
105355	3861	105355	45107	1955	500
12155	4187	12155	44890	1453	500
9548	4208	9548	44676	1257	500
20633	4155	20633	44979	1598	500
30553	4149	30553	45307	1782	500
20288	4164	20288	45080	1704	500
52915	4119	52915	45165	1827	500
28228	4092	28228	45221	1758	500
21114	4176	21114	45091	1614	500
93026	3848	93026	45211	2139	500
82615	3977	82615	45311	2040	500
83064	3864	83064	45246	2043	500
74725	4003	74725	45326	2052	500
17615	4163	17615	44950	1590	500
63975	4035	63975	45355	1942	500
102683	3749	102683	45028	2118	500
20353	4163	20353	45047	1598	500
46910	3968	46910	45022	1825	500
30140	4134	30140	45290	1822	500
40083	4115	40083	45308	1884	500
58550	4050	58550	45350	1924	500
106999	3747	106999	45015	2068	500
91067	3833	91067	45221	2051	500
24120	4184	24120	45170	1658	500
68996	4016	68996	45316	2003	500
67170	3998	67170	45337	1998	500
84408	3966	84408	45348	2121	500
70573	3967	70573	45347	2012	500
71836	3994	71836	45338	2001	500
76724	3986	76724	45324	2038	500
37922	4088	37922	45276	1839	500
47779	4095	47779	45353	1971	500
87896	3790	87896	45087	2031	500
57499	3969	57499	45216	1965	500
66468	3900	66468	45243	2007	500
38695	4117	38695	45222	1883	500
20919	4141	20919	45145	1630	500
110420	3838	110420	44849	1956	500
22683	4169	22683	45058	1708	500
98855	3793	98855	45108	1929	500
109562	3708	109562	44867	1996	500
59195	4039	59195	45325	1975	500
97092	3784	97092	45099	1964	500
91851	3769	91851	44991	2053	500
14037	4201	14037	44849	1491	500
74370	4046	74370	45314	2045	500
29431	4117	29431	45205	1820	500
112820	3810	112820	44818	1895	500
20330	4162	20330	45224	1644	500
35903	4137	35903	45332	1846	500
83166	4020	83166	45139	2128	500
27252	4118	27252	45140	1774	500
107191	3835	107191	45104	1904	500
111553	3821	111553	44935	1820	500
33986	4128	33986	45037	1681	500
95132	3912	95132	45293	2045	500
54719	4093	54719	45203	1900	500
69390	3988	69390	45359	2031	500
116241	3677	116241	44431	1653	500
23477	4145	23477	45115	1704	500
61408	4060	61408	45360	2006	500
109432	3748	109432	44916	1988	500
66701	3873	66701	45232	1951	500
42078	4080	42078	45315	1831	500
50655	4107	50655	45311	1946	500
106953	3771	106953	45028	1870	500
25516	4146	25516	44981	1672	500
67626	4020	67626	45279	1985	500
62454	4064	62454	45308	1972	500
33662	4130	33662	45343	1853	500
53720	4082	53720	45307	2008	500
42277	4115	42277	45258	1905	500
104548	3882	104548	45044	1997	500
90043	3859	90043	45235	2030	500
98535	3781	98535	45127	2043	500
91758	3798	91758	45117	2043	500
97466	3910	97466	45243	2021	500
77090	3852	77090	45246	2082	500
86397	3975	86397	45297	2008	500
47672	4048	47672	45272	1903	500
24466	4166	24466	45102	1736	500
3472	4276	3472	44370	966	500
93621	3795	93621	45130	1934	500
21808	4178	21808	45194	1692	500
24233	4149	24233	45230	1762	500
23843	4159	23843	45116	1594	500
101383	3901	101383	45219	2014	500
38621	4055	38621	45025	1774	500
61755	4043	61755	45314	2047	500
38395	4103	38395	45253	1863	500
103612	3754	103612	45030	1992	500
102633	3903	102633	45088	2043	500
57158	4040	57158	45322	1943	500
106385	3879	106385	44920	2000	500
45820	4088	45820	45341	1908	500
112300	3832	112300	44860	1894	500
95526	3948	95526	45207	2074	500
61860	4052	61860	45331	2027	500
75125	3955	75125	45337	2071	500
99523	3807	99523	45103	1946	500
98074	3902	98074	45219	1987	500
18671	4141	18671	45119	1639	500
105837	3687	105837	44683	2092	500
65183	4041	65183	45353	1969	500
26373	4147	26373	45270	1734	500
15032	4182	15032	44943	1531	500
61454	4060	61454	45343	1963	500
108770	3716	108770	44808	2058	500
62395	3851	62395	45077	1982	500
18461	4167	18461	45140	1634	500
23120	4136	23120	45141	1722	500
92822	3966	92822	45292	2060	500
39281	4131	39281	45291	1855	500
73695	4037	73695	45057	1982	500
15776	4146	15776	45084	1594	500
64052	4060	64052	45364	1982	500
24555	4179	24555	44984	1576	500
13767	4157	13767	45024	1567	500
81758	3958	81758	45334	2069	500
66557	3827	66557	44958	1997	500
51795	4113	51795	45354	1913	500
40083	4095	40083	45298	1899	500
30381	4089	30381	44882	1608	500
22281	4143	22281	45190	1694	500
96553	3901	96553	45230	1897	500
109913	3857	109913	44878	1980	500
98675	3823	98675	45113	1998	500
68248	4010	68248	45311	2007	500
110682	3832	110682	44929	1991	500
111927	3719	111927	44867	1866	500
36839	4139	36839	45098	1723	500
20998	4144	20998	45315	1664	500
61716	4014	61716	45354	2009	500
106142	3758	106142	44985	2032	500
105803	3877	105803	45023	2030	500
46065	4037	46065	45338	1871	500
24620	4134	24620	45250	1731	500
54479	4075	54479	45323	1981	500
37336	4160	37336	45228	1806	500
87317	3951	87317	45285	1980	500
109973	3697	109973	44875	1925	500
23248	4144	23248	45153	1759	500
95880	3954	95880	45188	2107	500
31848	4092	31848	45122	1779	500
90074	4002	90074	45198	2138	500
19268	4166	19268	45078	1657	500
21062	4144	21062	45250	1720	500
36973	4083	36973	45191	1824	500
94467	3799	94467	45137	2056	500
60051	4033	60051	45308	2001	500
35844	4150	35844	45318	1775	500
103451	3731	103451	44976	2074	500
34057	4053	34057	45001	1745	500
44451	4053	44451	45257	1840	500
22777	4143	22777	45026	1623	500
79326	3886	79326	45286	1962	500
52554	4040	52554	45354	1907	500
41561	4059	41561	45247	1916	500
100388	3854	100388	45228	1972	500
82302	3846	82302	45199	2051	500
20758	4166	20758	45079	1634	500
14154	4178	14154	45008	1564	500
101336	3668	101336	44725	2046	500
107006	3850	107006	45026	1933	500
35987	4131	35987	45178	1751	500
33370	4128	33370	45223	1820	500
53361	4101	53361	45324	1990	500
33559	4093	33559	45021	1768	500
100562	3804	100562	45142	1909	500
53242	4074	53242	45365	1956	500
107950	3678	107950	44710	2031	500
28540	4140	28540	45232	1796	500
71648	4078	71648	45318	1950	500
74819	3787	74819	45044	2037	500
13956	4184	13956	45046	1560	500
57060	4064	57060	45314	1988	500
98282	3932	98282	45219	2011	500
97682	3892	97682	45217	2020	500
33402	4130	33402	45277	1815	500
115275	3803	115275	44800	1751	500
26416	4120	26416	45050	1704	500
20114	4168	20114	45054	1651	500
43482	4050	43482	45172	1840	500
90903	3823	90903	45178	1988	500
80075	3949	80075	45285	1956	500
119124	3674	119124	44477	1668	500
21453	4157	21453	45142	1653	500
50862	4092	50862	45020	1896	500
104214	3748	104214	44887	2036	500
46926	4066	46926	45259	1882	500
74374	3770	74374	44996	2054	500
78914	3988	78914	45321	1984	500
64059	4037	64059	45323	2005	500
77684	3910	77684	45301	2045	500
29999	4123	29999	45184	1770	500
84944	3900	84944	45248	1996	500
44102	4124	44102	45286	1783	500
32496	4098	32496	45251	1779	500
43593	4143	43593	45269	1783	500
116247	3719	116247	44650	1766	500
112735	3815	112735	44878	1797	500
92712	3936	92712	45228	2071	500
107339	3695	107339	44879	2011	500
79265	3979	79265	45325	1982	500
109528	3836	109528	45007	1979	500
73467	3951	73467	45293	1995	500
92477	3987	92477	45125	2122	500
62083	4095	62083	45250	1836	500
19154	4156	19154	45174	1661	500
19234	4154	19234	45094	1639	500
107651	3837	107651	44509	1960	500
17211	4161	17211	45032	1644	500
82237	3899	82237	45282	2067	500
25132	4148	25132	45196	1719	500
63536	4042	63536	45356	2034	500
69324	4052	69324	45312	2005	500
62012	4086	62012	45328	1975	500
19589	4163	19589	45197	1657	500
82233	3993	82233	45287	2042	500
60943	4065	60943	45369	2019	500
71369	3965	71369	45293	2011	500
87981	3879	87981	45227	2020	500
9129	4179	9129	44914	1369	500
95368	3840	95368	45157	2105	500
102470	3698	102470	44877	2088	500
43519	4069	43519	45256	1883	500
110850	3718	110850	44823	1965	500
76152	3988	76152	45270	2010	500
22978	4168	22978	45198	1639	500
12329	4159	12329	44862	1516	500
86105	3925	86105	45252	1998	500
72580	3960	72580	45345	2032	500
26399	4127	26399	45129	1750	500
76373	3945	76373	45280	2063	500
39642	4126	39642	45322	1863	500
74134	3978	74134	45364	2029	500
20713	4147	20713	45122	1685	500
47009	4079	47009	45325	1939	500
106125	3855	106125	45104	1968	500
65702	3910	65702	45273	1954	500
98285	3901	98285	45185	2008	500
53213	4065	53213	45334	1938	500
18089	4179	18089	45233	1650	500
76721	4053	76721	45316	1999	500
32825	4141	32825	45263	1766	500
26501	4129	26501	45181	1781	500
95500	3906	95500	45241	2014	500
20092	4176	20092	45119	1526	500
89770	3802	89770	45164	2003	500
35097	4107	35097	45283	1819	500
96751	3929	96751	45202	2009	500
109579	3743	109579	44930	1919	500
71084	3962	71084	45302	1962	500
63638	4058	63638	45303	2006	500
18511	4173	18511	45073	1611	500
32618	4124	32618	45270	1774	500
75657	4015	75657	45145	1981	500
38013	4127	38013	45259	1857	500
39444	4140	39444	45314	1891	500
74730	3940	74730	45341	2037	500
17357	4165	17357	45005	1574	500
81735	3989	81735	45364	2013	500
31430	4082	31430	45009	1696	500
