2.81222	-0.6707	1.64444	2.4054	-0.68338	1.505
2.75768	-0.67018	1.53536	2.40264	-0.68642	1.505
2.76206	-0.6697	1.54412	2.40342	-0.68878	1.505
2.78982	-0.66914	1.59964	2.40288	-0.6919	1.505
2.7587	-0.66974	1.5374	2.40396	-0.68284	1.505
2.75658	-0.67102	1.53316	2.40282	-0.69054	1.505
2.74554	-0.66974	1.51108	2.4039	-0.68408	1.505
2.73538	-0.67046	1.49076	2.40258	-0.68614	1.505
2.7182	-0.67066	1.4564	2.4012	-0.6868	1.505
2.7481	-0.66814	1.5162	2.40198	-0.68786	1.505
2.71418	-0.67082	1.44836	2.4039	-0.69162	1.505
2.7264	-0.6691	1.4728	2.40216	-0.68012	1.505
2.75606	-0.66942	1.53212	2.40546	-0.69188	1.505
2.71924	-0.66966	1.45848	2.40264	-0.672	1.505
2.70676	-0.66922	1.43352	2.4006	-0.68094	1.505
2.77812	-0.66942	1.57624	2.4018	-0.69094	1.505
2.74624	-0.6691	1.51248	2.39988	-0.688	1.505
2.72614	-0.66882	1.47228	2.40234	-0.69266	1.505
2.79496	-0.66982	1.60992	2.40264	-0.68908	1.505
2.72698	-0.6695	1.47396	2.40102	-0.68098	1.505
2.75208	-0.6705	1.52416	2.40144	-0.6816	1.505
2.7456	-0.66942	1.5112	2.40408	-0.6794	1.505
2.70456	-0.67018	1.42912	2.40288	-0.68748	1.505
2.7893	-0.6705	1.5986	2.4027	-0.68236	1.505
2.77094	-0.6699	1.56188	2.40312	-0.69244	1.505
2.69054	-0.67074	1.40108	2.40378	-0.68994	1.505
2.73608	-0.66918	1.49216	2.40264	-0.68504	1.505
2.73216	-0.67042	1.48432	2.40336	-0.68544	1.505
2.74888	-0.66858	1.51776	2.4033	-0.68142	1.505
2.73002	-0.66834	1.48004	2.40198	-0.68498	1.505
2.70408	-0.66946	1.42816	2.4006	-0.68872	1.505
2.75656	-0.66894	1.53312	2.40168	-0.68728	1.505
2.71314	-0.66998	1.44628	2.40408	-0.68516	1.505
2.76136	-0.67118	1.54272	2.40042	-0.69058	1.505
2.79002	-0.6713	1.60004	2.40276	-0.68728	1.505
2.72924	-0.6701	1.47848	2.40204	-0.686	1.505
2.76462	-0.67018	1.54924	2.40162	-0.68266	1.505
2.732	-0.67102	1.484	2.4009	-0.67052	1.505
2.77548	-0.66998	1.57096	2.40408	-0.69112	1.505
2.74168	-0.67018	1.50336	2.40294	-0.6843	1.505
2.69406	-0.66926	1.40812	2.40168	-0.68982	1.505
2.72054	-0.66906	1.46108	2.40084	-0.68052	1.505
2.67922	-0.6703	1.37844	2.40132	-0.68842	1.505
2.73588	-0.67122	1.49176	2.40186	-0.69286	1.505
2.70874	-0.6703	1.43748	2.40108	-0.69152	1.505
2.7321	-0.6715	1.4842	2.40306	-0.69294	1.505
2.75336	-0.6705	1.52672	2.40222	-0.68796	1.505
2.78112	-0.66998	1.58224	2.39928	-0.6872	1.505
2.78108	-0.6687	1.58216	2.40366	-0.68612	1.505
2.78572	-0.67018	1.59144	2.40018	-0.68626	1.505
2.79786	-0.67086	1.61572	2.40126	-0.67602	1.505
2.70014	-0.66874	1.42028	2.40234	-0.69118	1.505
2.68718	-0.66922	1.39436	2.40372	-0.67314	1.505
2.7467	-0.66934	1.5134	2.40192	-0.68654	1.505
2.70638	-0.66894	1.43276	2.40276	-0.68246	1.505
2.74946	-0.67054	1.51892	2.40012	-0.68858	1.505
2.7504	-0.66954	1.5208	2.40456	-0.6815	1.505
2.76154	-0.66954	1.54308	2.40228	-0.68868	1.505
2.7591	-0.66866	1.5382	2.40258	-0.68574	1.505
2.70798	-0.6685	1.43596	2.40162	-0.6795	1.505
2.75844	-0.67174	1.53688	2.40456	-0.68754	1.505
2.79264	-0.6701	1.60528	2.40204	-0.6882	1.505
2.68448	-0.6707	1.38896	2.40228	-0.68634	1.505
2.77172	-0.67086	1.56344	2.40486	-0.68718	1.505
2.68044	-0.6697	1.38088	2.40108	-0.68596	1.505
2.72142	-0.66858	1.46284	2.40342	-0.68768	1.505
2.7466	-0.66998	1.5132	2.40006	-0.68874	1.505
2.70046	-0.66898	1.42092	2.40138	-0.68734	1.505
2.75244	-0.66814	1.52488	2.4033	-0.68556	1.505
2.70216	-0.66902	1.42432	2.40234	-0.67588	1.505
2.74084	-0.67042	1.50168	2.40246	-0.69164	1.505
2.69648	-0.67042	1.41296	2.40204	-0.68666	1.505
2.72834	-0.66918	1.47668	2.4033	-0.68908	1.505
2.6571	-0.66866	1.3342	2.40312	-0.68762	1.505
2.708	-0.66874	1.436	2.40348	-0.69356	1.505
2.72882	-0.66842	1.47764	2.40282	-0.69226	1.505
2.70734	-0.6707	1.43468	2.4024	-0.6801	1.505
2.75058	-0.67074	1.52116	2.40264	-0.69316	1.505
2.66622	-0.66858	1.35244	2.40258	-0.693	1.505
2.82426	-0.6705	1.66852	2.40258	-0.6861	1.505
2.71838	-0.6697	1.45676	2.40216	-0.68802	1.505
2.7657	-0.66974	1.5514	2.40246	-0.68402	1.505
2.6941	-0.66858	1.4082	2.40222	-0.68576	1.505
2.7628	-0.67014	1.5456	2.40318	-0.6881	1.505
2.7202	-0.66918	1.4604	2.40156	-0.68738	1.505
2.74464	-0.67006	1.50928	2.40246	-0.6817	1.505
2.74608	-0.66834	1.51216	2.40186	-0.68408	1.505
2.73018	-0.66938	1.48036	2.40336	-0.68844	1.505
2.70682	-0.66878	1.43364	2.40216	-0.69166	1.505
2.73486	-0.66958	1.48972	2.40282	-0.67758	1.505
2.75372	-0.6711	1.52744	2.40216	-0.68314	1.505
2.76662	-0.67046	1.55324	2.40126	-0.68906	1.505
2.71348	-0.6695	1.44696	2.4033	-0.67876	1.505
2.66064	-0.66782	1.34128	2.4018	-0.68294	1.505
2.74312	-0.67062	1.50624	2.4003	-0.68496	1.505
2.80926	-0.67258	1.63852	2.40228	-0.68518	1.505
2.73506	-0.66774	1.49012	2.40066	-0.6877	1.505
2.73044	-0.66826	1.48088	2.40252	-0.68934	1.505
2.74764	-0.67234	1.51528	2.40318	-0.6786	1.505
2.69862	-0.66918	1.41724	2.40582	-0.68272	1.505
2.73496	-0.66838	1.48992	2.40216	-0.6904	1.505
2.73666	-0.66938	1.49332	2.40306	-0.6805	1.505
2.7875	-0.6699	1.595	2.40456	-0.682	1.505
2.77744	-0.66906	1.57488	2.40474	-0.68358	1.505
2.74866	-0.66882	1.51732	2.40246	-0.69124	1.505
2.82276	-0.66902	1.66552	2.40234	-0.68634	1.505
2.70366	-0.67086	1.42732	2.40186	-0.68568	1.505
2.7902	-0.66826	1.6004	2.40306	-0.68552	1.505
2.78842	-0.66814	1.59684	2.40264	-0.68684	1.505
2.72358	-0.66818	1.46716	2.4024	-0.68668	1.505
2.7488	-0.67014	1.5176	2.40126	-0.68782	1.505
2.73486	-0.67098	1.48972	2.4015	-0.69066	1.505
2.75162	-0.67226	1.52324	2.40168	-0.6824	1.505
2.81482	-0.67042	1.64964	2.40324	-0.6782	1.505
2.71866	-0.66806	1.45732	2.40372	-0.69066	1.505
2.74776	-0.6697	1.51552	2.40378	-0.68442	1.505
2.67652	-0.66766	1.37304	2.40426	-0.67418	1.505
2.74014	-0.6699	1.50028	2.40246	-0.6854	1.505
2.76886	-0.6685	1.55772	2.40366	-0.68562	1.505
2.84442	-0.67094	1.70884	2.40198	-0.67542	1.505
2.83038	-0.67062	1.68076	2.40282	-0.6756	1.505
2.72346	-0.66898	1.46692	2.39922	-0.68014	1.505
2.70534	-0.66846	1.43068	2.40312	-0.6809	1.505
2.72022	-0.66994	1.46044	2.40132	-0.69232	1.505
2.77028	-0.66806	1.56056	2.40216	-0.68404	1.505
2.78842	-0.66918	1.59684	2.40276	-0.67478	1.505
2.76698	-0.66898	1.55396	2.40042	-0.6852	1.505
2.73832	-0.6707	1.49664	2.40222	-0.6817	1.505
2.7417	-0.66866	1.5034	2.40336	-0.67938	1.505
2.70686	-0.66958	1.43372	2.40336	-0.68904	1.505
2.66316	-0.6685	1.34632	2.40222	-0.67794	1.505
2.73634	-0.66902	1.49268	2.40348	-0.6832	1.505
2.79954	-0.66934	1.61908	2.40336	-0.6872	1.505
2.7085	-0.66666	1.437	2.40264	-0.69236	1.505
2.76212	-0.66962	1.54424	2.40198	-0.6871	1.505
2.77734	-0.66818	1.57468	2.40216	-0.6809	1.505
2.74286	-0.66998	1.50572	2.4027	-0.68174	1.505
2.74594	-0.66962	1.51188	2.40258	-0.68072	1.505
2.69556	-0.66982	1.41112	2.40264	-0.69156	1.505
2.75634	-0.66938	1.53268	2.40354	-0.6898	1.505
2.73156	-0.67034	1.48312	2.40324	-0.68716	1.505
2.7649	-0.67018	1.5498	2.40234	-0.68298	1.505
2.72414	-0.66938	1.46828	2.4021	-0.69276	1.505
2.7355	-0.66902	1.491	2.40132	-0.68324	1.505
2.79858	-0.66998	1.61716	2.40288	-0.67266	1.505
2.71636	-0.6687	1.45272	2.40108	-0.69244	1.505
2.76528	-0.66978	1.55056	2.4015	-0.67278	1.505
2.77716	-0.67042	1.57432	2.40192	-0.68892	1.505
2.71586	-0.6681	1.45172	2.40264	-0.68568	1.505
2.71384	-0.66894	1.44768	2.40132	-0.68936	1.505
2.73848	-0.67046	1.49696	2.40072	-0.68122	1.505
2.71522	-0.67014	1.45044	2.40174	-0.6797	1.505
2.83258	-0.67026	1.68516	2.40288	-0.67914	1.505
2.77964	-0.67174	1.57928	2.40378	-0.6821	1.505
2.71924	-0.67118	1.45848	2.4051	-0.6861	1.505
2.72822	-0.6693	1.47644	2.40462	-0.69004	1.505
2.71734	-0.6695	1.45468	2.40234	-0.67594	1.505
2.74264	-0.66758	1.50528	2.40216	-0.68448	1.505
2.67866	-0.67122	1.37732	2.40276	-0.69124	1.505
2.77404	-0.66938	1.56808	2.40042	-0.67562	1.505
2.75398	-0.67042	1.52796	2.40108	-0.68144	1.505
2.74934	-0.66882	1.51868	2.40378	-0.69058	1.505
2.70538	-0.66898	1.43076	2.40168	-0.6555	1.505
2.72188	-0.67066	1.46376	2.4039	-0.68186	1.505
2.70156	-0.66842	1.42312	2.40072	-0.69044	1.505
2.72716	-0.66722	1.47432	2.40246	-0.6864	1.505
2.72114	-0.66794	1.46228	2.40324	-0.67806	1.505
2.78904	-0.67046	1.59808	2.40234	-0.6845	1.505
2.74656	-0.66818	1.51312	2.40408	-0.683	1.505
2.69834	-0.66702	1.41668	2.40432	-0.68416	1.505
2.75038	-0.66986	1.52076	2.40318	-0.69178	1.505
2.77164	-0.6675	1.56328	2.40258	-0.68612	1.505
2.8161	-0.66906	1.6522	2.40342	-0.68058	1.505
2.7632	-0.66986	1.5464	2.40084	-0.6861	1.505
2.7935	-0.67014	1.607	2.40318	-0.67656	1.505
2.69188	-0.66982	1.40376	2.4033	-0.6842	1.505
2.80542	-0.6709	1.63084	2.40306	-0.67642	1.505
2.78474	-0.66914	1.58948	2.4015	-0.68758	1.505
2.81092	-0.67178	1.64184	2.39982	-0.67234	1.505
2.74784	-0.6699	1.51568	2.40204	-0.67694	1.505
2.77408	-0.66846	1.56816	2.40222	-0.68244	1.505
2.71182	-0.66918	1.44364	2.40366	-0.68002	1.505
2.69558	-0.66858	1.41116	2.40168	-0.6877	1.505
2.7035	-0.66906	1.427	2.40102	-0.6757	1.505
2.73418	-0.66906	1.48836	2.40348	-0.68168	1.505
2.74096	-0.66954	1.50192	2.39946	-0.6822	1.505
2.76744	-0.67174	1.55488	2.40204	-0.68542	1.505
2.75678	-0.66974	1.53356	2.4027	-0.68842	1.505
2.77648	-0.67054	1.57296	2.40276	-0.68212	1.505
2.70116	-0.66942	1.42232	2.403	-0.68462	1.505
2.75026	-0.66922	1.52052	2.403	-0.6896	1.505
2.67958	-0.66926	1.37916	2.40348	-0.68112	1.505
2.75568	-0.66942	1.53136	2.40126	-0.68376	1.505
2.75326	-0.66962	1.52652	2.40156	-0.6926	1.505
2.77956	-0.66946	1.57912	2.4012	-0.68624	1.505
2.76926	-0.67062	1.55852	2.40396	-0.6817	1.505
2.7841	-0.6691	1.5882	2.40138	-0.68254	1.505
2.73978	-0.66938	1.49956	2.40078	-0.67882	1.505
2.72566	-0.66734	1.47132	2.40444	-0.67658	1.505
2.728	-0.66946	1.476	2.40006	-0.69002	1.505
2.73734	-0.66946	1.49468	2.40072	-0.69004	1.505
2.71652	-0.67002	1.45304	2.40396	-0.68152	1.505
2.6668	-0.6695	1.3536	2.403	-0.68542	1.505
2.70272	-0.6695	1.42544	2.40216	-0.68352	1.505
2.72438	-0.66762	1.46876	2.40342	-0.69052	1.505
2.758	-0.66834	1.536	2.4024	-0.68794	1.505
2.7427	-0.66954	1.5054	2.40306	-0.6932	1.505
2.70418	-0.67062	1.42836	2.4009	-0.68586	1.505
2.7471	-0.66874	1.5142	2.4042	-0.68912	1.505
2.77564	-0.66974	1.57128	2.40372	-0.68364	1.505
2.72934	-0.6705	1.47868	2.40426	-0.684	1.505
2.75574	-0.66938	1.53148	2.40408	-0.68332	1.505
2.7751	-0.66958	1.5702	2.40336	-0.68278	1.505
2.77428	-0.66882	1.56856	2.40342	-0.6869	1.505
2.74946	-0.6697	1.51892	2.40276	-0.68806	1.505
2.75058	-0.6697	1.52116	2.40048	-0.6884	1.505
2.76742	-0.6703	1.55484	2.4	-0.69124	1.505
2.7228	-0.67074	1.4656	2.40336	-0.6731	1.505
2.77588	-0.67002	1.57176	2.40324	-0.68392	1.505
2.69986	-0.6689	1.41972	2.40288	-0.67416	1.505
2.75506	-0.66874	1.53012	2.40378	-0.68974	1.505
2.76512	-0.67018	1.55024	2.40468	-0.68176	1.505
2.73228	-0.67074	1.48456	2.4027	-0.68326	1.505
2.66902	-0.6675	1.35804	2.403	-0.67996	1.505
2.7478	-0.66858	1.5156	2.40366	-0.67114	1.505
2.70898	-0.66826	1.43796	2.40168	-0.69126	1.505
2.74612	-0.67074	1.51224	2.40348	-0.6879	1.505
2.77378	-0.66958	1.56756	2.40126	-0.68662	1.505
2.71194	-0.66786	1.44388	2.40306	-0.68842	1.505
2.74972	-0.67046	1.51944	2.40078	-0.69124	1.505
2.73976	-0.66866	1.49952	2.40384	-0.68402	1.505
2.71756	-0.66986	1.45512	2.40444	-0.68868	1.505
2.7081	-0.66838	1.4362	2.40192	-0.68458	1.505
2.73168	-0.66838	1.48336	2.403	-0.67938	1.505
2.81494	-0.67014	1.64988	2.40216	-0.68424	1.505
2.7564	-0.6703	1.5328	2.40468	-0.68456	1.505
2.78316	-0.66914	1.58632	2.40408	-0.6888	1.505
2.72162	-0.67082	1.46324	2.40246	-0.68856	1.505
2.79712	-0.66958	1.61424	2.40228	-0.67802	1.505
2.6965	-0.66726	1.413	2.40378	-0.68736	1.505
2.77692	-0.66958	1.57384	2.40366	-0.68276	1.505
2.70796	-0.66874	1.43592	2.40252	-0.68514	1.505
2.67838	-0.6695	1.37676	2.40144	-0.68536	1.505
2.7174	-0.66846	1.4548	2.40384	-0.68398	1.505
2.71698	-0.66962	1.45396	2.40036	-0.6773	1.505
2.72716	-0.66966	1.47432	2.40186	-0.68088	1.505
2.7596	-0.67102	1.5392	2.40132	-0.67962	1.505
2.69548	-0.66954	1.41096	2.40306	-0.68314	1.505
2.79096	-0.66998	1.60192	2.40264	-0.6845	1.505
2.68624	-0.66818	1.39248	2.40342	-0.68496	1.505
2.74764	-0.66998	1.51528	2.40162	-0.67952	1.505
2.75546	-0.66862	1.53092	2.40258	-0.69108	1.505
2.7459	-0.66922	1.5118	2.40204	-0.68774	1.505
2.79356	-0.66778	1.60712	2.40054	-0.68218	1.505
2.77118	-0.66914	1.56236	2.40048	-0.6963	1.505
2.77944	-0.66942	1.57888	2.40048	-0.67464	1.505
2.81326	-0.66942	1.64652	2.40348	-0.68462	1.505
2.76948	-0.67058	1.55896	2.40378	-0.68252	1.505
2.78436	-0.66918	1.58872	2.4039	-0.685	1.505
2.74662	-0.67002	1.51324	2.40336	-0.69056	1.505
2.7856	-0.66922	1.5912	2.40432	-0.68116	1.505
2.721	-0.67006	1.462	2.40468	-0.67714	1.505
2.77748	-0.66934	1.57496	2.40318	-0.68446	1.505
2.7537	-0.6709	1.5274	2.4021	-0.68966	1.505
2.66708	-0.66914	1.35416	2.4039	-0.68892	1.505
2.71422	-0.6705	1.44844	2.40024	-0.68698	1.505
2.67992	-0.67002	1.37984	2.40486	-0.69184	1.505
2.69038	-0.67186	1.40076	2.40084	-0.68854	1.505
2.74792	-0.66874	1.51584	2.40222	-0.69016	1.505
2.73498	-0.66934	1.48996	2.40474	-0.674	1.505
2.67176	-0.66934	1.36352	2.40234	-0.6906	1.505
2.66814	-0.66986	1.35628	2.403	-0.68394	1.505
2.77106	-0.66834	1.56212	2.40288	-0.69018	1.505
2.6949	-0.67022	1.4098	2.40264	-0.67316	1.505
2.73452	-0.66958	1.48904	2.40234	-0.67864	1.505
2.7249	-0.6687	1.4698	2.40252	-0.68532	1.505
2.78116	-0.66794	1.58232	2.4042	-0.68626	1.505
2.7118	-0.66842	1.4436	2.40306	-0.67326	1.505
2.72688	-0.6709	1.47376	2.40384	-0.67756	1.505
2.65804	-0.66954	1.33608	2.4039	-0.68536	1.505
2.71244	-0.66934	1.44488	2.40258	-0.68492	1.505
2.72148	-0.66858	1.46296	2.4015	-0.6881	1.505
2.69456	-0.66994	1.40912	2.40156	-0.68888	1.505
2.7822	-0.6707	1.5844	2.40396	-0.66962	1.505
2.73102	-0.67002	1.48204	2.40252	-0.68416	1.505
2.76086	-0.66958	1.54172	2.4039	-0.68304	1.505
2.83264	-0.67166	1.68528	2.40354	-0.67442	1.505
2.62204	-0.66718	1.26408	2.40132	-0.68214	1.505
2.72154	-0.66842	1.46308	2.40462	-0.67938	1.505
2.73332	-0.66894	1.48664	2.40348	-0.68822	1.505
2.76766	-0.66886	1.55532	2.40246	-0.6872	1.505
2.6905	-0.66978	1.401	2.40372	-0.6842	1.505
2.73978	-0.67034	1.49956	2.40336	-0.68126	1.505
2.69126	-0.66918	1.40252	2.4021	-0.6868	1.505
2.6911	-0.6699	1.4022	2.4012	-0.67126	1.505
2.73684	-0.66982	1.49368	2.4027	-0.68354	1.505
2.7763	-0.66994	1.5726	2.40354	-0.68158	1.505
2.71418	-0.66902	1.44836	2.40354	-0.68158	1.505
2.71404	-0.6685	1.44808	2.40204	-0.6853	1.505
2.7291	-0.67074	1.4782	2.40222	-0.68756	1.505
3.7091	-0.68562	3.4382	2.38074	-0.6762	1.505
3.76298	-0.68674	3.54596	2.3763	-0.67792	1.505
3.73182	-0.68498	3.48364	2.37984	-0.6715	1.505
2.68142	-0.66734	1.38284	2.4021	-0.68418	1.505
1.713	-0.66262	-0.554	2.3784	-0.69766	1.505
3.3992	-0.67994	2.8184	2.39832	-0.68536	1.505
1.89472	-0.6645	-0.19056	2.39232	-0.69414	1.505
3.69866	-0.68446	3.41732	2.38434	-0.67172	1.505
1.75806	-0.66374	-0.46388	2.385	-0.71292	1.505
2.2608	-0.66534	0.5416	2.40042	-0.6949	1.505
1.71694	-0.6625	-0.54612	2.38008	-0.71056	1.505
1.59168	-0.66126	-0.79664	2.36328	-0.68692	1.505
3.7442	-0.68514	3.5084	2.37768	-0.67396	1.505
3.76016	-0.68674	3.54032	2.37714	-0.66444	1.505
3.69192	-0.68466	3.40384	2.37996	-0.66032	1.505
3.74738	-0.68766	3.51476	2.37732	-0.66928	1.505
3.85288	-0.68922	3.72576	2.36436	-0.66268	1.505
3.85658	-0.69034	3.73316	2.36316	-0.63436	1.505
2.19888	-0.66454	0.41776	2.40408	-0.69872	1.505
1.57072	-0.66046	-0.83856	2.35788	-0.62592	1.505
1.62986	-0.6633	-0.72028	2.37198	-0.65674	1.505
3.68006	-0.68158	3.38012	2.3787	-0.67212	1.505
3.29936	-0.67834	2.61872	2.3964	-0.68066	1.505
3.04598	-0.67418	2.11196	2.40294	-0.6846	1.505
3.47332	-0.67978	2.96664	2.39304	-0.679	1.505
3.73412	-0.68494	3.48824	2.38068	-0.6752	1.505
3.95598	-0.69198	3.93196	2.33364	-0.43302	1.505
3.00608	-0.67098	2.03216	2.4012	-0.67814	1.505
3.56156	-0.68166	3.14312	2.38938	-0.68326	1.505
3.7509	-0.68578	3.5218	2.38032	-0.67754	1.505
2.1032	-0.66434	0.2264	2.39826	-0.69028	1.505
3.24598	-0.67578	2.51196	2.39886	-0.6642	1.505
1.6128	-0.66258	-0.7544	2.37054	-0.6782	1.505
3.62968	-0.68094	3.27936	2.38908	-0.66502	1.505
1.87178	-0.66406	-0.23644	2.3925	-0.70568	1.505
3.83832	-0.68758	3.69664	2.36358	-0.64238	1.505
2.00624	-0.66338	0.03248	2.39436	-0.68382	1.505
3.6405	-0.68174	3.301	2.38512	-0.68908	1.505
3.7593	-0.68534	3.5386	2.37648	-0.66092	1.505
3.66632	-0.68314	3.35264	2.38434	-0.66306	1.505
1.795	-0.66238	-0.39	2.38494	-0.69216	1.505
2.25402	-0.66598	0.52804	2.39652	-0.69972	1.505
3.46384	-0.67958	2.94768	2.39412	-0.67862	1.505
3.488	-0.68042	2.996	2.39622	-0.67242	1.505
1.81334	-0.66458	-0.35332	2.38968	-0.71722	1.505
3.0617	-0.6735	2.1434	2.39946	-0.67796	1.505
3.75844	-0.68546	3.53688	2.38026	-0.66452	1.505
3.76484	-0.6859	3.54968	2.37504	-0.66234	1.505
1.62826	-0.66142	-0.72348	2.36556	-0.68856	1.505
1.87718	-0.66238	-0.22564	2.39148	-0.70396	1.505
3.80248	-0.68686	3.62496	2.37042	-0.65136	1.505
3.66572	-0.6829	3.35144	2.38224	-0.67324	1.505
1.6286	-0.6623	-0.7228	2.36898	-0.68178	1.505
3.10132	-0.67454	2.22264	2.40042	-0.6832	1.505
3.77448	-0.68738	3.56896	2.37702	-0.6531	1.505
1.97858	-0.66498	-0.02284	2.39556	-0.70504	1.505
3.74038	-0.6865	3.50076	2.38152	-0.65922	1.505
1.63932	-0.66238	-0.70136	2.37078	-0.68716	1.505
1.6317	-0.6625	-0.7166	2.36778	-0.68186	1.505
1.82682	-0.6643	-0.32636	2.38956	-0.71426	1.505
3.2883	-0.67774	2.5966	2.39814	-0.66934	1.505
3.51794	-0.68078	3.05588	2.39328	-0.66618	1.505
2.16666	-0.66522	0.35332	2.39982	-0.68446	1.505
2.90792	-0.66966	1.83584	2.40126	-0.67806	1.505
1.69324	-0.66346	-0.59352	2.37648	-0.65714	1.505
3.68638	-0.68506	3.39276	2.38098	-0.65466	1.505
1.9623	-0.66398	-0.0554	2.39532	-0.69698	1.505
3.51574	-0.6805	3.05148	2.3916	-0.67838	1.505
1.86328	-0.6637	-0.25344	2.3943	-0.68926	1.505
2.01448	-0.66494	0.04896	2.39562	-0.7048	1.505
1.89626	-0.66338	-0.18748	2.3901	-0.6984	1.505
3.35062	-0.67862	2.72124	2.39928	-0.67396	1.505
3.54168	-0.68014	3.10336	2.39316	-0.67354	1.505
3.01804	-0.67286	2.05608	2.40126	-0.68052	1.505
3.19832	-0.6745	2.41664	2.39766	-0.6745	1.505
1.94762	-0.66326	-0.08476	2.39322	-0.71112	1.505
3.7728	-0.68678	3.5656	2.37612	-0.65608	1.505
1.9468	-0.66398	-0.0864	2.39442	-0.71164	1.505
3.85228	-0.68974	3.72456	2.36052	-0.64116	1.505
1.63514	-0.66202	-0.70972	2.37288	-0.64892	1.505
3.27972	-0.67618	2.57944	2.3991	-0.68362	1.505
3.7103	-0.68534	3.4406	2.38206	-0.66354	1.505
3.76834	-0.6871	3.55668	2.37516	-0.66416	1.505
1.8726	-0.66506	-0.2348	2.39322	-0.7167	1.505
3.72796	-0.6843	3.47592	2.37558	-0.67586	1.505
3.56544	-0.6803	3.15088	2.3868	-0.67668	1.505
1.71548	-0.66298	-0.54904	2.38038	-0.67278	1.505
2.77226	-0.6683	1.56452	2.40222	-0.68218	1.505
2.0128	-0.66362	0.0456	2.39142	-0.70008	1.505
3.22216	-0.67662	2.46432	2.39916	-0.68446	1.505
3.58296	-0.68246	3.18592	2.38728	-0.67342	1.505
1.73112	-0.66274	-0.51776	2.38014	-0.71138	1.505
1.73504	-0.66282	-0.50992	2.38464	-0.69802	1.505
2.35104	-0.66646	0.72208	2.39922	-0.68804	1.505
3.4199	-0.68018	2.8598	2.39424	-0.68196	1.505
2.34406	-0.66662	0.70812	2.40306	-0.69734	1.505
3.9481	-0.69306	3.9162	2.33916	-0.43206	1.505
3.80178	-0.68782	3.62356	2.37246	-0.6401	1.505
1.60936	-0.66114	-0.76128	2.36226	-0.66388	1.505
3.77894	-0.6871	3.57788	2.37372	-0.64658	1.505
1.85356	-0.6637	-0.27288	2.38572	-0.70584	1.505
1.57396	-0.6607	-0.83208	2.36016	-0.51234	1.505
3.5521	-0.67962	3.1242	2.39148	-0.66856	1.505
1.51278	-0.65258	-0.95444	2.33718	-0.11934	1.505
3.78746	-0.68646	3.59492	2.37168	-0.64986	1.505
1.83224	-0.66346	-0.31552	2.38842	-0.70974	1.505
3.74652	-0.6859	3.51304	2.37936	-0.67976	1.505
2.77074	-0.66926	1.56148	2.40414	-0.68706	1.505
1.64792	-0.66222	-0.68416	2.37264	-0.7056	1.505
1.80496	-0.6645	-0.37008	2.38494	-0.71056	1.505
1.7173	-0.66422	-0.5454	2.37864	-0.70718	1.505
1.76738	-0.66442	-0.44524	2.38218	-0.69532	1.505
3.74988	-0.6861	3.51976	2.37522	-0.68108	1.505
3.57288	-0.68062	3.16576	2.38986	-0.67908	1.505
3.90756	-0.69038	3.83512	2.35278	-0.5786	1.505
3.19858	-0.6747	2.41716	2.40012	-0.6783	1.505
2.25242	-0.6663	0.52484	2.39904	-0.69472	1.505
1.7723	-0.6635	-0.4354	2.38566	-0.68268	1.505
3.42696	-0.68006	2.87392	2.3949	-0.67736	1.505
1.9078	-0.66398	-0.1644	2.39412	-0.69942	1.505
3.14314	-0.67406	2.30628	2.39976	-0.67354	1.505
3.7879	-0.68778	3.5958	2.37432	-0.64206	1.505
3.9014	-0.68954	3.8228	2.35602	-0.5696	1.505
3.95196	-0.69174	3.92392	2.334	-0.46526	1.505
3.76552	-0.68566	3.55104	2.37702	-0.6303	1.505
1.68514	-0.66282	-0.60972	2.3739	-0.67878	1.505
3.55212	-0.68274	3.12424	2.3919	-0.66758	1.505
3.47018	-0.68142	2.96036	2.3937	-0.6653	1.505
2.06838	-0.66374	0.15676	2.40072	-0.69658	1.505
3.47668	-0.6797	2.97336	2.3946	-0.68196	1.505
1.69008	-0.66302	-0.59984	2.37726	-0.68652	1.505
2.41598	-0.66714	0.85196	2.40186	-0.6937	1.505
1.84934	-0.66358	-0.28132	2.3904	-0.70366	1.505
3.81792	-0.6887	3.65584	2.36814	-0.66562	1.505
1.8661	-0.66438	-0.2478	2.39226	-0.7094	1.505
3.56552	-0.68198	3.15104	2.38512	-0.68182	1.505
2.18286	-0.66738	0.38572	2.40054	-0.69162	1.505
1.61512	-0.66246	-0.74976	2.36634	-0.6705	1.505
1.65568	-0.6643	-0.66864	2.37264	-0.6537	1.505
2.13946	-0.6643	0.29892	2.40048	-0.69606	1.505
1.78922	-0.66286	-0.40156	2.38728	-0.72038	1.505
2.55568	-0.66634	1.13136	2.40288	-0.67516	1.505
1.78708	-0.66358	-0.40584	2.38596	-0.70312	1.505
3.74394	-0.68706	3.50788	2.37552	-0.6782	1.505
3.9026	-0.69222	3.8252	2.3556	-0.59392	1.505
3.75184	-0.68546	3.52368	2.37612	-0.68282	1.505
1.80246	-0.66442	-0.37508	2.38722	-0.71306	1.505
3.47038	-0.68018	2.96076	2.39544	-0.66392	1.505
2.27116	-0.66606	0.56232	2.4006	-0.69002	1.505
3.69896	-0.68618	3.41792	2.37786	-0.67794	1.505
1.59862	-0.66318	-0.78276	2.36406	-0.64916	1.505
3.67938	-0.68362	3.37876	2.38314	-0.66728	1.505
3.10784	-0.67462	2.23568	2.40072	-0.68552	1.505
1.84376	-0.6625	-0.29248	2.38662	-0.69918	1.505
1.8055	-0.66378	-0.369	2.38842	-0.6992	1.505
2.74354	-0.66978	1.50708	2.40306	-0.67688	1.505
3.26164	-0.67582	2.54328	2.40096	-0.68446	1.505
1.63188	-0.66242	-0.71624	2.36844	-0.67274	1.505
1.71238	-0.66482	-0.55524	2.38032	-0.64152	1.505
1.83414	-0.66478	-0.31172	2.38878	-0.6975	1.505
1.59286	-0.66078	-0.79428	2.3604	-0.61986	1.505
2.14288	-0.66538	0.30576	2.39622	-0.69856	1.505
3.71036	-0.68522	3.44072	2.38032	-0.65278	1.505
1.7228	-0.66254	-0.5344	2.38074	-0.70008	1.505
1.58432	-0.6619	-0.81136	2.36274	-0.61642	1.505
3.57822	-0.68202	3.17644	2.39046	-0.67516	1.505
3.74642	-0.68502	3.51284	2.3787	-0.6731	1.505
2.3036	-0.6651	0.6272	2.39994	-0.70014	1.505
1.59044	-0.6613	-0.79912	2.3622	-0.63678	1.505
1.9062	-0.6641	-0.1676	2.39172	-0.69206	1.505
3.95904	-0.69218	3.93808	2.33256	-0.3178	1.505
1.75698	-0.66398	-0.46604	2.38122	-0.68496	1.505
1.69012	-0.66274	-0.59976	2.38062	-0.6835	1.505
1.79096	-0.6627	-0.39808	2.3862	-0.71648	1.505
3.82438	-0.68746	3.66876	2.36964	-0.62368	1.505
3.85426	-0.68798	3.72852	2.3643	-0.65604	1.505
2.5136	-0.66714	1.0472	2.40342	-0.6915	1.505
1.8821	-0.66406	-0.2158	2.39064	-0.70136	1.505
1.69758	-0.66234	-0.58484	2.37708	-0.67994	1.505
2.25494	-0.66586	0.52988	2.40036	-0.70258	1.505
2.27698	-0.66722	0.57396	2.3997	-0.69524	1.505
1.9782	-0.6655	-0.0236	2.3958	-0.70682	1.505
2.95434	-0.67038	1.92868	2.40078	-0.67546	1.505
3.7477	-0.6851	3.5154	2.37786	-0.67578	1.505
2.91894	-0.67006	1.85788	2.40072	-0.68698	1.505
1.78158	-0.66494	-0.41684	2.38506	-0.71646	1.505
2.0072	-0.66466	0.0344	2.4012	-0.71048	1.505
1.6579	-0.66302	-0.6642	2.37348	-0.67338	1.505
1.72174	-0.66294	-0.53652	2.38428	-0.69966	1.505
1.7033	-0.66306	-0.5734	2.382	-0.66932	1.505
1.75636	-0.66334	-0.46728	2.38296	-0.66256	1.505
3.7196	-0.68418	3.4592	2.38014	-0.68846	1.505
2.34044	-0.66574	0.70088	2.40306	-0.69994	1.505
3.8183	-0.68738	3.6566	2.37036	-0.6275	1.505
3.67708	-0.68414	3.37416	2.38344	-0.64528	1.505
3.69158	-0.68494	3.40316	2.38464	-0.66904	1.505
3.8737	-0.6897	3.7674	2.36118	-0.61036	1.505
3.73458	-0.68458	3.48916	2.37666	-0.67154	1.505
3.77566	-0.68526	3.57132	2.37192	-0.62968	1.505
1.63182	-0.66298	-0.71636	2.3733	-0.63092	1.505
3.87288	-0.69042	3.76576	2.36172	-0.59186	1.505
3.94964	-0.6923	3.91928	2.33886	-0.43478	1.505
3.82664	-0.68902	3.67328	2.36862	-0.6454	1.505
2.85342	-0.66994	1.72684	2.40396	-0.67586	1.505
2.06082	-0.66462	0.14164	2.39964	-0.70772	1.505
2.15406	-0.66442	0.32812	2.40084	-0.69056	1.505
1.86182	-0.66442	-0.25636	2.38764	-0.70728	1.505
2.99018	-0.6717	2.00036	2.4009	-0.68176	1.505
1.67256	-0.66394	-0.63488	2.3793	-0.68436	1.505
3.15624	-0.67386	2.33248	2.39988	-0.6804	1.505
1.61922	-0.66106	-0.74156	2.36592	-0.70086	1.505
3.66012	-0.68282	3.34024	2.38614	-0.67928	1.505
3.61024	-0.68338	3.24048	2.38716	-0.67322	1.505
2.9377	-0.67118	1.8954	2.4039	-0.68156	1.505
3.55914	-0.68322	3.13828	2.3883	-0.6831	1.505
3.22916	-0.67594	2.47832	2.39922	-0.68186	1.505
3.39914	-0.67906	2.81828	2.3958	-0.67728	1.505
1.60682	-0.66206	-0.76636	2.36946	-0.65146	1.505
2.91382	-0.6717	1.84764	2.40156	-0.67646	1.505
3.46622	-0.67978	2.95244	2.39622	-0.68382	1.505
3.19936	-0.67694	2.41872	2.40102	-0.67504	1.505
3.7897	-0.6867	3.5994	2.37084	-0.66148	1.505
1.86468	-0.66274	-0.25064	2.3898	-0.69516	1.505
1.67574	-0.66254	-0.62852	2.37444	-0.67774	1.505
3.84468	-0.68962	3.70936	2.36844	-0.61802	1.505
1.77098	-0.66322	-0.43804	2.38908	-0.6835	1.505
3.0576	-0.67466	2.1352	2.40024	-0.67816	1.505
1.8001	-0.66418	-0.3798	2.3853	-0.66288	1.505
1.88386	-0.6647	-0.21228	2.39454	-0.70456	1.505
1.6522	-0.66326	-0.6756	2.37378	-0.6088	1.505
1.60804	-0.66094	-0.76392	2.36454	-0.67552	1.505
2.29932	-0.6667	0.61864	2.39958	-0.69992	1.505
2.94082	-0.67006	1.90164	2.40402	-0.6791	1.505
3.33044	-0.67738	2.68088	2.39748	-0.6762	1.505
2.86136	-0.66974	1.74272	2.39964	-0.67702	1.505
3.75192	-0.68698	3.52384	2.37378	-0.6687	1.505
3.64936	-0.68506	3.31872	2.38506	-0.67298	1.505
3.74216	-0.6843	3.50432	2.37888	-0.67364	1.505
1.91762	-0.6635	-0.14476	2.38926	-0.7083	1.505
1.65198	-0.66174	-0.67604	2.3733	-0.6821	1.505
1.70142	-0.66294	-0.57716	2.38014	-0.69006	1.505
1.78718	-0.66374	-0.40564	2.38902	-0.71804	1.505
3.60796	-0.68454	3.23592	2.38584	-0.68018	1.505
1.80594	-0.66446	-0.36812	2.38578	-0.71634	1.505
3.7936	-0.68726	3.6072	2.37042	-0.62148	1.505
2.3965	-0.66526	0.813	2.40108	-0.70012	1.505
3.71986	-0.68542	3.45972	2.37996	-0.65722	1.505
2.30594	-0.66486	0.63188	2.40096	-0.70074	1.505
2.67402	-0.66894	1.36804	2.40282	-0.68536	1.505
1.97598	-0.6655	-0.02804	2.40024	-0.68612	1.505
3.65272	-0.68414	3.32544	2.38206	-0.68166	1.505
1.9384	-0.66434	-0.1032	2.39826	-0.69634	1.505
3.74834	-0.68562	3.51668	2.37702	-0.6593	1.505
1.84104	-0.66326	-0.29792	2.38602	-0.70054	1.505
1.64078	-0.66182	-0.69844	2.36892	-0.69872	1.505
3.83508	-0.68814	3.69016	2.36778	-0.61798	1.505
3.75758	-0.68606	3.53516	2.38014	-0.6627	1.505
1.60068	-0.66306	-0.77864	2.36394	-0.63518	1.505
1.65714	-0.6617	-0.66572	2.37522	-0.65302	1.505
3.85026	-0.68822	3.72052	2.3628	-0.61648	1.505
1.69724	-0.66238	-0.58552	2.37702	-0.68768	1.505
1.82372	-0.6641	-0.33256	2.38758	-0.6979	1.505
3.7037	-0.68502	3.4274	2.38056	-0.67492	1.505
2.50572	-0.66698	1.03144	2.4009	-0.69426	1.505
2.30556	-0.66522	0.63112	2.4003	-0.69612	1.505
3.85206	-0.6883	3.72412	2.36616	-0.6347	1.505
3.64886	-0.68458	3.31772	2.38224	-0.67596	1.505
1.68972	-0.66318	-0.60056	2.37948	-0.69598	1.505
3.89804	-0.69102	3.81608	2.35464	-0.5958	1.505
1.90382	-0.66478	-0.17236	2.39046	-0.68408	1.505
3.87666	-0.6889	3.77332	2.361	-0.6233	1.505
2.08714	-0.66418	0.19428	2.40024	-0.70562	1.505
3.37288	-0.6795	2.76576	2.39496	-0.6651	1.505
1.7333	-0.66342	-0.5134	2.38272	-0.69546	1.505
3.44026	-0.6783	2.90052	2.39544	-0.67716	1.505
2.62542	-0.66642	1.27084	2.40072	-0.68676	1.505
3.18296	-0.6757	2.38592	2.39982	-0.67572	1.505
3.80614	-0.68806	3.63228	2.37126	-0.66036	1.505
3.57202	-0.68326	3.16404	2.39334	-0.6835	1.505
3.22486	-0.67398	2.46972	2.39928	-0.67892	1.505
3.69228	-0.68482	3.40456	2.3796	-0.66642	1.505
1.727	-0.6639	-0.526	2.38026	-0.71562	1.505
1.73722	-0.66314	-0.50556	2.3808	-0.69236	1.505
1.84794	-0.66422	-0.28412	2.38908	-0.70888	1.505
2.17694	-0.66538	0.37388	2.39802	-0.69434	1.505
3.55976	-0.68066	3.13952	2.39676	-0.66786	1.505
1.95134	-0.66298	-0.07732	2.39718	-0.70726	1.505
1.725	-0.66162	-0.53	2.382	-0.70912	1.505
3.80676	-0.68898	3.63352	2.37186	-0.67944	1.505
1.90032	-0.66378	-0.17936	2.39352	-0.68766	1.505
1.81894	-0.66282	-0.34212	2.3847	-0.7037	1.505
1.79498	-0.6637	-0.39004	2.38698	-0.7099	1.505
3.49716	-0.6793	3.01432	2.39394	-0.6874	1.505
3.44854	-0.6791	2.91708	2.39118	-0.67834	1.505
3.10738	-0.67414	2.23476	2.39904	-0.67928	1.505
3.79324	-0.6859	3.60648	2.37132	-0.65374	1.505
3.80528	-0.6887	3.63056	2.3715	-0.63504	1.505
3.68088	-0.68418	3.38176	2.38692	-0.67396	1.505
3.86188	-0.6897	3.74376	2.36034	-0.66184	1.505
1.90394	-0.66414	-0.17212	2.39214	-0.70522	1.505
2.6157	-0.66902	1.2514	2.40126	-0.68084	1.505
1.82036	-0.66322	-0.33928	2.3841	-0.69378	1.505
1.70484	-0.66302	-0.57032	2.38206	-0.7101	1.505
1.85946	-0.66394	-0.26108	2.3889	-0.69396	1.505
2.47222	-0.66726	0.96444	2.40252	-0.68534	1.505
1.72774	-0.6649	-0.52452	2.38206	-0.67696	1.505
1.67926	-0.6635	-0.62148	2.37678	-0.6692	1.505
3.88762	-0.68998	3.79524	2.358	-0.6082	1.505
2.20052	-0.66474	0.42104	2.40048	-0.692	1.505
2.29196	-0.66478	0.60392	2.40132	-0.70028	1.505
3.7111	-0.68566	3.4422	2.38146	-0.68092	1.505
3.61996	-0.68162	3.25992	2.38494	-0.68566	1.505
3.71588	-0.6871	3.45176	2.38002	-0.6632	1.505
3.70802	-0.68534	3.43604	2.38014	-0.67416	1.505
3.7172	-0.6853	3.4544	2.37876	-0.67798	1.505
1.8919	-0.66378	-0.1962	2.39376	-0.6896	1.505
1.7576	-0.66294	-0.4648	2.38296	-0.70848	1.505
1.84234	-0.66482	-0.29532	2.3868	-0.67896	1.505
3.86482	-0.69006	3.74964	2.36172	-0.64114	1.505
1.91186	-0.66338	-0.15628	2.39292	-0.7104	1.505
3.0092	-0.6725	2.0384	2.4033	-0.6691	1.505
1.75186	-0.66374	-0.47628	2.38284	-0.7115	1.505
3.80406	-0.68822	3.62812	2.36934	-0.637	1.505
3.67682	-0.68382	3.37364	2.3856	-0.68114	1.505
3.7534	-0.68618	3.5268	2.38164	-0.6593	1.505
3.80402	-0.68678	3.62804	2.37414	-0.6707	1.505
2.05072	-0.66366	0.12144	2.397	-0.71022	1.505
1.68036	-0.66458	-0.61928	2.37822	-0.70332	1.505
2.86302	-0.66866	1.74604	2.40264	-0.68362	1.505
3.73762	-0.68482	3.49524	2.38308	-0.66408	1.505
3.71694	-0.68506	3.45388	2.37522	-0.65406	1.505
3.15506	-0.67534	2.33012	2.4006	-0.6847	1.505
3.62202	-0.68202	3.26404	2.3826	-0.67526	1.505
3.51316	-0.68186	3.04632	2.3928	-0.68212	1.505
3.3236	-0.6767	2.6672	2.39682	-0.67834	1.505
3.87538	-0.68978	3.77076	2.36106	-0.64376	1.505
1.5418	-0.6569	-0.8964	2.35074	-0.45392	1.505
1.62162	-0.6617	-0.73676	2.36658	-0.6712	1.505
3.704	-0.68398	3.428	2.38254	-0.69126	1.505
1.62038	-0.66242	-0.73924	2.36952	-0.67498	1.505
1.79016	-0.66306	-0.39968	2.38674	-0.65966	1.505
3.73936	-0.68522	3.49872	2.37876	-0.67532	1.505
1.65202	-0.66406	-0.67596	2.37246	-0.67344	1.505
1.7766	-0.6625	-0.4268	2.38548	-0.69358	1.505
3.78612	-0.68878	3.59224	2.37372	-0.65158	1.505
3.37018	-0.67846	2.76036	2.39544	-0.68252	1.505
3.75024	-0.6869	3.52048	2.37786	-0.66232	1.505
1.7934	-0.66426	-0.3932	2.38836	-0.69758	1.505
3.4221	-0.67798	2.8642	2.39556	-0.68732	1.505
3.85164	-0.6881	3.72328	2.36586	-0.63766	1.505
2.52412	-0.66714	1.06824	2.40354	-0.6929	1.505
3.85032	-0.68906	3.72064	2.36604	-0.6323	1.505
2.42552	-0.6673	0.87104	2.40456	-0.69044	1.505
1.80854	-0.66378	-0.36292	2.38536	-0.71936	1.505
3.77444	-0.68558	3.56888	2.37714	-0.65462	1.505
2.98266	-0.67114	1.98532	2.40018	-0.67628	1.505
1.81084	-0.66414	-0.35832	2.3856	-0.71338	1.505
2.1643	-0.66578	0.3486	2.40192	-0.70254	1.505
3.78568	-0.68758	3.59136	2.37546	-0.65736	1.505
1.5967	-0.66102	-0.7866	2.36238	-0.6346	1.505
3.09158	-0.67458	2.20316	2.40264	-0.68076	1.505
3.56312	-0.6809	3.14624	2.38824	-0.67942	1.505
3.52914	-0.6805	3.07828	2.38962	-0.68702	1.505
2.01974	-0.6651	0.05948	2.39754	-0.71194	1.505
1.8397	-0.66366	-0.3006	2.39484	-0.69794	1.505
2.34256	-0.66658	0.70512	2.40024	-0.69292	1.505
3.52684	-0.68158	3.07368	2.39106	-0.66468	1.505
1.82848	-0.66314	-0.32304	2.38914	-0.70376	1.505
2.1086	-0.6641	0.2372	2.40306	-0.70428	1.505
1.55842	-0.65902	-0.86316	2.35764	-0.5528	1.505
3.82186	-0.68882	3.66372	2.36724	-0.68	1.505
1.55816	-0.66006	-0.86368	2.35512	-0.56488	1.505
3.74024	-0.68646	3.50048	2.37924	-0.67764	1.505
1.57878	-0.6625	-0.82244	2.361	-0.60882	1.505
1.95416	-0.66394	-0.07168	2.39646	-0.68886	1.505
2.89796	-0.66938	1.81592	2.40258	-0.68528	1.505
1.562	-0.6597	-0.856	2.3559	-0.58096	1.505
3.384	-0.67946	2.788	2.39742	-0.68898	1.505
3.8871	-0.69058	3.7942	2.35518	-0.57858	1.505
3.81174	-0.6879	3.64348	2.3682	-0.66262	1.505
1.7488	-0.66326	-0.4824	2.38044	-0.70596	1.505
3.87878	-0.68814	3.77756	2.35812	-0.65724	1.505
2.83954	-0.66994	1.69908	2.4027	-0.68756	1.505
2.65512	-0.66878	1.33024	2.40324	-0.68628	1.505
1.7898	-0.66426	-0.4004	2.3868	-0.68676	1.505
2.42462	-0.66586	0.86924	2.39928	-0.68868	1.505
1.59232	-0.66198	-0.79536	2.3613	-0.65906	1.505
3.74812	-0.68694	3.51624	2.3796	-0.6506	1.505
1.9643	-0.6637	-0.0514	2.39676	-0.70374	1.505
3.95972	-0.69218	3.93944	2.33196	-0.35248	1.505
1.94208	-0.6633	-0.09584	2.39556	-0.70066	1.505
1.56866	-0.6601	-0.84268	2.3562	-0.56964	1.505
1.79218	-0.66326	-0.39564	2.38836	-0.70136	1.505
1.57108	-0.66122	-0.83784	2.3553	-0.6095	1.505
1.83312	-0.66342	-0.31376	2.38644	-0.72682	1.505
3.76702	-0.68686	3.55404	2.37528	-0.65484	1.505
3.8226	-0.68746	3.6652	2.3679	-0.65738	1.505
2.2089	-0.66482	0.4378	2.39898	-0.69804	1.505
3.82418	-0.68698	3.66836	2.36958	-0.6682	1.505
3.776	-0.68818	3.572	2.37516	-0.65598	1.505
3.85528	-0.68882	3.73056	2.36412	-0.62882	1.505
1.90154	-0.66402	-0.17692	2.39748	-0.6957	1.505
1.97474	-0.66458	-0.03052	2.39304	-0.71432	1.505
2.4153	-0.66606	0.8506	2.40228	-0.68572	1.505
1.7526	-0.66454	-0.4748	2.37996	-0.70044	1.505
1.94852	-0.66614	-0.08296	2.39682	-0.70504	1.505
3.6849	-0.68558	3.3898	2.38548	-0.6594	1.505
3.82374	-0.68834	3.66748	2.3685	-0.66476	1.505
3.83728	-0.68806	3.69456	2.36538	-0.65444	1.505
3.84174	-0.68954	3.70348	2.36748	-0.68846	1.505
1.9491	-0.6635	-0.0818	2.39574	-0.6916	1.505
1.57492	-0.66194	-0.83016	2.35998	-0.63182	1.505
2.2534	-0.66578	0.5268	2.40018	-0.70332	1.505
3.54814	-0.68146	3.11628	2.39322	-0.67976	1.505
2.72718	-0.66682	1.47436	2.40348	-0.68722	1.505
2.16436	-0.66694	0.34872	2.40102	-0.69158	1.505
3.77746	-0.68498	3.57492	2.37336	-0.66438	1.505
3.88174	-0.68978	3.78348	2.3562	-0.57718	1.505
3.72152	-0.68614	3.46304	2.37924	-0.69064	1.505
1.7294	-0.66378	-0.5212	2.38098	-0.6736	1.505
3.78984	-0.6869	3.59968	2.37258	-0.67474	1.505
3.52552	-0.68006	3.07104	2.39076	-0.68064	1.505
1.62194	-0.66242	-0.73612	2.36574	-0.6435	1.505
3.59472	-0.6839	3.20944	2.38716	-0.67078	1.505
1.9492	-0.66322	-0.0816	2.39268	-0.68538	1.505
3.94404	-0.69202	3.90808	2.34174	-0.47098	1.505
1.82088	-0.6629	-0.33824	2.38752	-0.7006	1.505
3.55144	-0.68294	3.12288	2.3889	-0.68374	1.505
3.8182	-0.68934	3.6564	2.36664	-0.6643	1.505
2.1228	-0.66574	0.2656	2.4015	-0.69632	1.505
1.7772	-0.6637	-0.4256	2.38374	-0.72188	1.505
1.6681	-0.66446	-0.6438	2.37582	-0.69996	1.505
1.83358	-0.66406	-0.31284	2.39172	-0.70626	1.505
2.01276	-0.6651	0.04552	2.39322	-0.69974	1.505
3.5456	-0.68198	3.1112	2.38968	-0.68052	1.505
3.82172	-0.68858	3.66344	2.3688	-0.64478	1.505
2.27352	-0.66662	0.56704	2.40114	-0.6856	1.505
3.67248	-0.68422	3.36496	2.38332	-0.67216	1.505
3.6825	-0.6837	3.385	2.38104	-0.64224	1.505
1.74838	-0.66358	-0.48324	2.3826	-0.68234	1.505
3.09214	-0.67546	2.20428	2.4006	-0.6818	1.505
3.7556	-0.68518	3.5312	2.37546	-0.61334	1.505
3.90236	-0.69162	3.82472	2.35452	-0.61662	1.505
1.76112	-0.66298	-0.45776	2.38374	-0.68858	1.505
3.84446	-0.68802	3.70892	2.36622	-0.64654	1.505
2.0355	-0.66406	0.091	2.40498	-0.69038	1.505
1.67078	-0.66234	-0.63844	2.3781	-0.68808	1.505
3.8594	-0.68934	3.7388	2.36166	-0.63264	1.505
3.20162	-0.6755	2.42324	2.40114	-0.68146	1.505
1.92218	-0.66366	-0.13564	2.3928	-0.71106	1.505
2.67586	-0.66546	1.37172	2.397	-0.6965	1.505
2.72318	-0.66918	1.46636	2.40282	-0.68516	1.505
3.05004	-0.6779	2.12008	2.39532	-0.66964	1.505
1.81152	-0.66378	-0.35696	2.38506	-0.73368	1.505
2.8071	-0.6693	1.6342	2.40198	-0.6814	1.505
2.72822	-0.66906	1.47644	2.4012	-0.6726	1.505
1.9816	-0.66482	-0.0168	2.39658	-0.67572	1.505
2.18544	-0.66462	0.39088	2.39754	-0.70744	1.505
3.31852	-0.67414	2.65704	2.3952	-0.67436	1.505
2.68508	-0.67026	1.39016	2.39988	-0.68398	1.505
3.06046	-0.6723	2.14092	2.40042	-0.6747	1.505
1.94816	-0.66594	-0.08368	2.37606	-0.66752	1.505
1.64556	-0.65738	-0.68888	2.34894	-0.25286	1.505
3.05554	-0.68306	2.13108	2.39076	-0.68348	1.505
1.74032	-0.66262	-0.49936	2.38122	-0.70844	1.505
3.4564	-0.68398	2.9328	2.39208	-0.67656	1.505
3.61074	-0.67674	3.24148	2.37984	-0.67382	1.505
2.71074	-0.67246	1.44148	2.40366	-0.6903	1.505
3.54058	-0.68522	3.10116	2.3877	-0.65992	1.505
2.80686	-0.66986	1.63372	2.40126	-0.69084	1.505
2.51882	-0.67062	1.05764	2.40084	-0.68458	1.505
1.84086	-0.66454	-0.29828	2.38308	-0.67282	1.505
2.77356	-0.6695	1.56712	2.40216	-0.67632	1.505
1.8462	-0.66222	-0.2876	2.38752	-0.72096	1.505
2.11864	-0.66422	0.25728	2.40264	-0.70454	1.505
2.80182	-0.67182	1.62364	2.40324	-0.67608	1.505
1.82726	-0.66386	-0.32548	2.38458	-0.71766	1.505
3.33784	-0.67278	2.69568	2.3964	-0.6796	1.505
2.39904	-0.66486	0.81808	2.3982	-0.6929	1.505
2.6057	-0.66766	1.2314	2.40264	-0.68908	1.505
2.80314	-0.67286	1.62628	2.4027	-0.68016	1.505
3.00904	-0.66806	2.03808	2.39838	-0.67794	1.505
2.99104	-0.66794	2.00208	2.39922	-0.6691	1.505
1.88286	-0.66518	-0.21428	2.38302	-0.7001	1.505
2.0014	-0.66522	0.0228	2.39634	-0.70912	1.505
3.37854	-0.67646	2.77708	2.39646	-0.67572	1.505
3.26864	-0.67374	2.55728	2.39934	-0.67338	1.505
3.35404	-0.68886	2.72808	2.3814	-0.68052	1.505
2.13602	-0.66358	0.29204	2.40042	-0.69612	1.505
2.91476	-0.67254	1.84952	2.40222	-0.68284	1.505
3.60944	-0.67786	3.23888	2.38722	-0.66258	1.505
2.10194	-0.66458	0.22388	2.39514	-0.69784	1.505
2.57134	-0.6793	1.16268	2.38176	-0.67344	1.505
3.6274	-0.67962	3.2748	2.38704	-0.67974	1.505
1.82534	-0.6635	-0.32932	2.38788	-0.71338	1.505
2.35226	-0.6677	0.72452	2.40396	-0.6955	1.505
2.37066	-0.6657	0.76132	2.3991	-0.70406	1.505
3.52766	-0.67678	3.07532	2.39604	-0.67484	1.505
2.78556	-0.67114	1.59112	2.40282	-0.67574	1.505
2.33184	-0.67038	0.68368	2.39604	-0.67346	1.505
2.05368	-0.6643	0.12736	2.39874	-0.69296	1.505
3.23488	-0.67206	2.48976	2.4006	-0.67138	1.505
3.15082	-0.68578	2.32164	2.38956	-0.67774	1.505
1.81462	-0.66322	-0.35076	2.38494	-0.71634	1.505
2.1624	-0.66346	0.3448	2.39712	-0.70608	1.505
2.77108	-0.67038	1.56216	2.40342	-0.68548	1.505
3.0832	-0.67466	2.1864	2.40186	-0.6737	1.505
1.8024	-0.66282	-0.3752	2.38032	-0.63364	1.505
2.80772	-0.67598	1.63544	2.39874	-0.6945	1.505
1.98392	-0.66574	-0.01216	2.38854	-0.67952	1.505
1.83892	-0.66358	-0.30216	2.37912	-0.60246	1.505
2.85752	-0.6673	1.73504	2.39622	-0.68884	1.505
3.32686	-0.6799	2.67372	2.397	-0.68402	1.505
1.75996	-0.66302	-0.46008	2.3787	-0.64822	1.505
3.3599	-0.67438	2.7398	2.3997	-0.66996	1.505
2.74018	-0.67034	1.50036	2.40222	-0.6668	1.505
3.17466	-0.67494	2.36932	2.3985	-0.67344	1.505
2.5705	-0.66426	1.161	2.40078	-0.68368	1.505
2.85298	-0.67066	1.72596	2.40066	-0.69182	1.505
1.8568	-0.66302	-0.2664	2.38344	-0.70404	1.505
2.00982	-0.66498	0.03964	2.39274	-0.70008	1.505
1.6407	-0.66298	-0.6986	2.3676	-0.68584	1.505
3.6112	-0.68894	3.2424	2.37774	-0.6745	1.505
3.7809	-0.68898	3.5818	2.36688	-0.65884	1.505
3.25992	-0.68134	2.53984	2.39724	-0.6736	1.505
3.56584	-0.6889	3.15168	2.38296	-0.66384	1.505
2.46932	-0.66898	0.95864	2.40324	-0.69118	1.505
1.72186	-0.66162	-0.53628	2.37864	-0.65622	1.505
2.99532	-0.67202	2.01064	2.39934	-0.6801	1.505
3.50348	-0.67782	3.02696	2.39442	-0.6897	1.505
2.54988	-0.67066	1.11976	2.40468	-0.67804	1.505
3.5639	-0.67594	3.1478	2.38266	-0.67956	1.505
2.11308	-0.66618	0.24616	2.39526	-0.68804	1.505
2.17552	-0.66542	0.37104	2.4021	-0.6937	1.505
3.58996	-0.68842	3.19992	2.37696	-0.66984	1.505
1.86164	-0.66414	-0.25672	2.39412	-0.71828	1.505
2.92086	-0.6781	1.86172	2.39868	-0.67696	1.505
2.33666	-0.6653	0.69332	2.39478	-0.68188	1.505
3.40982	-0.68318	2.83964	2.38842	-0.67598	1.505
1.97692	-0.66302	-0.02616	2.39322	-0.709	1.505
3.41506	-0.67346	2.85012	2.38806	-0.67418	1.505
3.21396	-0.67262	2.44792	2.3979	-0.67642	1.505
2.95838	-0.6835	1.93676	2.3961	-0.6742	1.505
3.80448	-0.6903	3.62896	2.36742	-0.67198	1.505
2.65396	-0.66886	1.32792	2.40336	-0.68008	1.505
3.0291	-0.67866	2.0782	2.39724	-0.6844	1.505
2.36756	-0.6667	0.75512	2.40066	-0.69422	1.505
3.56484	-0.6761	3.14968	2.38716	-0.68602	1.505
3.4233	-0.68242	2.8666	2.39046	-0.67222	1.505
1.67422	-0.6615	-0.63156	2.37024	-0.63148	1.505
1.98368	-0.66346	-0.01264	2.39424	-0.70776	1.505
3.526	-0.67674	3.072	2.39004	-0.67046	1.505
1.97868	-0.66314	-0.02264	2.3889	-0.7117	1.505
3.38956	-0.68398	2.79912	2.3871	-0.67644	1.505
1.75122	-0.66386	-0.47756	2.37786	-0.70754	1.505
2.33954	-0.66858	0.69908	2.3982	-0.6783	1.505
1.83186	-0.6633	-0.31628	2.39058	-0.69396	1.505
2.03306	-0.66454	0.08612	2.38896	-0.71896	1.505
2.0972	-0.66598	0.2144	2.39424	-0.6934	1.505
2.5246	-0.66518	1.0692	2.39964	-0.68782	1.505
2.99994	-0.66734	2.01988	2.38632	-0.67156	1.505
2.50352	-0.66998	1.02704	2.4021	-0.69434	1.505
1.98498	-0.6637	-0.01004	2.3904	-0.71432	1.505
3.62846	-0.69062	3.27692	2.3739	-0.67448	1.505
2.29522	-0.66798	0.61044	2.39496	-0.68624	1.505
3.06536	-0.68114	2.15072	2.3979	-0.68796	1.505
1.87356	-0.66386	-0.23288	2.38476	-0.65838	1.505
1.98972	-0.66574	-0.00056	2.38488	-0.64584	1.505
2.5606	-0.66922	1.1412	2.40324	-0.69048	1.505
2.30726	-0.66558	0.63452	2.39802	-0.70112	1.505
2.7448	-0.6691	1.5096	2.4009	-0.679	1.505
2.06122	-0.66286	0.14244	2.39112	-0.70936	1.505
3.2746	-0.68202	2.5692	2.39676	-0.67414	1.505
2.9587	-0.67298	1.9374	2.40168	-0.6789	1.505
1.93486	-0.66174	-0.11028	2.3748	-0.68932	1.505
3.2906	-0.6799	2.6012	2.39766	-0.6782	1.505
3.4109	-0.68798	2.8418	2.38344	-0.67888	1.505
3.53734	-0.67774	3.09468	2.3901	-0.67986	1.505
1.61282	-0.65958	-0.75436	2.36136	-0.52044	1.505
1.96214	-0.66442	-0.05572	2.38986	-0.70632	1.505
3.17038	-0.66822	2.36076	2.39424	-0.67466	1.505
3.03114	-0.66838	2.08228	2.40264	-0.68056	1.505
2.12024	-0.6663	0.26048	2.38728	-0.68852	1.505
2.16846	-0.66526	0.35692	2.39394	-0.70442	1.505
2.04992	-0.66662	0.11984	2.38482	-0.61806	1.505
2.85398	-0.67186	1.72796	2.40126	-0.68426	1.505
2.26028	-0.6651	0.54056	2.39916	-0.70498	1.505
2.64568	-0.66946	1.31136	2.40354	-0.68954	1.505
2.08682	-0.66474	0.19364	2.39868	-0.69612	1.505
3.23906	-0.68114	2.49812	2.39184	-0.67704	1.505
3.12296	-0.67734	2.26592	2.3994	-0.67412	1.505
3.5578	-0.6845	3.1356	2.38416	-0.66874	1.505
2.63452	-0.66654	1.28904	2.40156	-0.68948	1.505
2.4704	-0.6669	0.9608	2.40336	-0.68992	1.505
2.1053	-0.66322	0.2306	2.40102	-0.70856	1.505
3.79584	-0.68354	3.61168	2.36592	-0.6794	1.505
2.56328	-0.66654	1.14656	2.40294	-0.69362	1.505
1.79028	-0.6615	-0.39944	2.376	-0.623	1.505
3.37622	-0.6849	2.77244	2.39076	-0.66798	1.505
1.85942	-0.66362	-0.26116	2.38506	-0.68946	1.505
2.28176	-0.66498	0.58352	2.40228	-0.70032	1.505
1.82778	-0.6629	-0.32444	2.38206	-0.68334	1.505
3.64856	-0.6883	3.31712	2.38332	-0.67628	1.505
2.7707	-0.66926	1.5614	2.40264	-0.68634	1.505
2.29054	-0.6665	0.60108	2.39916	-0.6987	1.505
3.58472	-0.6771	3.18944	2.38794	-0.673	1.505
2.38176	-0.66562	0.78352	2.40246	-0.69718	1.505
2.08784	-0.66482	0.19568	2.39088	-0.69152	1.505
3.64028	-0.68018	3.30056	2.38638	-0.6877	1.505
1.94214	-0.66578	-0.09572	2.39034	-0.7087	1.505
3.54302	-0.68454	3.10604	2.3841	-0.6759	1.505
2.84306	-0.6723	1.70612	2.40228	-0.68898	1.505
3.12918	-0.6831	2.27836	2.39478	-0.68048	1.505
3.55568	-0.68538	3.13136	2.38422	-0.66882	1.505
3.55374	-0.6857	3.12748	2.38368	-0.6643	1.505
1.6621	-0.66146	-0.6558	2.36832	-0.69696	1.505
2.43578	-0.6707	0.89156	2.39958	-0.68492	1.505
2.6492	-0.6657	1.3184	2.40114	-0.67538	1.505
3.44972	-0.6775	2.91944	2.39442	-0.68016	1.505
2.88242	-0.6711	1.78484	2.40066	-0.69	1.505
2.76908	-0.66942	1.55816	2.40258	-0.68726	1.505
3.69636	-0.67954	3.41272	2.38068	-0.68208	1.505
2.10842	-0.66586	0.23684	2.3916	-0.67088	1.505
2.47818	-0.66722	0.97636	2.40288	-0.696	1.505
3.02146	-0.66926	2.06292	2.39916	-0.67382	1.505
3.52374	-0.67718	3.06748	2.39166	-0.67332	1.505
3.33206	-0.67154	2.68412	2.38674	-0.66048	1.505
2.17506	-0.66378	0.37012	2.3997	-0.70288	1.505
3.67908	-0.68058	3.37816	2.38182	-0.67584	1.505
3.08822	-0.67198	2.19644	2.40102	-0.67152	1.505
2.04254	-0.66366	0.10508	2.39796	-0.71246	1.505
3.14464	-0.67102	2.30928	2.40114	-0.68356	1.505
2.28198	-0.66694	0.58396	2.3988	-0.69714	1.505
1.93328	-0.66338	-0.11344	2.3748	-0.58316	1.505
2.18062	-0.66526	0.38124	2.38854	-0.6897	1.505
1.61516	-0.65914	-0.74968	2.3601	-0.48572	1.505
3.68092	-0.68142	3.38184	2.38332	-0.66802	1.505
3.68058	-0.67938	3.38116	2.3811	-0.68426	1.505
3.2389	-0.68522	2.4978	2.39142	-0.6674	1.505
2.3529	-0.6675	0.7258	2.40012	-0.68772	1.505
2.78672	-0.67286	1.59344	2.40102	-0.68136	1.505
1.71544	-0.66374	-0.54912	2.37864	-0.72214	1.505
2.43608	-0.66614	0.89216	2.40462	-0.68668	1.505
2.00624	-0.66446	0.03248	2.38614	-0.6554	1.505
3.58828	-0.6789	3.19656	2.3877	-0.6831	1.505
3.606	-0.6777	3.232	2.39112	-0.6798	1.505
2.64868	-0.67046	1.31736	2.40264	-0.67918	1.505
3.50974	-0.67814	3.03948	2.39244	-0.67458	1.505
2.36992	-0.66886	0.75984	2.39598	-0.69056	1.505
2.01022	-0.6637	0.04044	2.39844	-0.70414	1.505
2.26966	-0.66466	0.55932	2.4024	-0.70572	1.505
2.08378	-0.66582	0.18756	2.3979	-0.70184	1.505
2.31682	-0.66482	0.65364	2.40012	-0.70214	1.505
2.6176	-0.6805	1.2552	2.385	-0.67118	1.505
2.83076	-0.67166	1.68152	2.40168	-0.68608	1.505
2.3954	-0.66506	0.8108	2.39814	-0.69308	1.505
2.65746	-0.66858	1.33492	2.4033	-0.68526	1.505
2.70304	-0.6679	1.42608	2.3781	-0.63642	1.505
2.84156	-0.67142	1.70312	2.40174	-0.6806	1.505
3.81308	-0.68266	3.64616	2.36472	-0.68488	1.505
2.61476	-0.66942	1.24952	2.40048	-0.69352	1.505
2.14944	-0.6647	0.31888	2.39832	-0.7027	1.505
3.68278	-0.68102	3.38556	2.3769	-0.6537	1.505
3.72834	-0.67966	3.47668	2.37084	-0.68966	1.505
1.88734	-0.6643	-0.20532	2.38488	-0.68806	1.505
2.83778	-0.67186	1.69556	2.40156	-0.68326	1.505
1.97132	-0.66378	-0.03736	2.39742	-0.71118	1.505
2.3888	-0.66406	0.7976	2.39634	-0.6936	1.505
1.7378	-0.6611	-0.5044	2.3652	-0.48458	1.505
2.94476	-0.66942	1.90952	2.39862	-0.67052	1.505
2.87088	-0.67062	1.76176	2.40162	-0.68486	1.505
2.71992	-0.66642	1.45984	2.40054	-0.68778	1.505
2.16022	-0.66642	0.34044	2.38872	-0.64762	1.505
2.9637	-0.68826	1.9474	2.38626	-0.67424	1.505
1.89238	-0.66374	-0.19524	2.38728	-0.64752	1.505
1.8992	-0.66366	-0.1816	2.38134	-0.65412	1.505
2.82992	-0.66686	1.67984	2.39724	-0.66046	1.505
2.84464	-0.66918	1.70928	2.40078	-0.6923	1.505
2.5427	-0.66474	1.1054	2.4003	-0.69386	1.505
3.42894	-0.68326	2.87788	2.38734	-0.68422	1.505
3.31806	-0.6725	2.65612	2.39508	-0.6724	1.505
2.82464	-0.68258	1.66928	2.3946	-0.68572	1.505
3.13942	-0.66954	2.29884	2.39496	-0.67562	1.505
2.87328	-0.67278	1.76656	2.4009	-0.6847	1.505
1.88922	-0.66386	-0.20156	2.3844	-0.7105	1.505
3.37568	-0.67526	2.77136	2.39466	-0.66884	1.505
2.5135	-0.66966	1.047	2.40204	-0.67834	1.505
2.6052	-0.66782	1.2304	2.40336	-0.6974	1.505
1.91632	-0.6647	-0.14736	2.38536	-0.65936	1.505
3.16354	-0.6713	2.34708	2.39808	-0.67936	1.505
3.00534	-0.68754	2.03068	2.3865	-0.67846	1.505
2.02846	-0.66846	0.07692	2.3823	-0.64976	1.505
2.3051	-0.66618	0.6302	2.4009	-0.69648	1.505
2.96894	-0.66782	1.95788	2.40096	-0.67672	1.505
2.53368	-0.66518	1.08736	2.39922	-0.6815	1.505
3.22524	-0.67182	2.47048	2.39772	-0.67964	1.505
2.58122	-0.66882	1.18244	2.40288	-0.68772	1.505
2.01804	-0.66558	0.05608	2.40048	-0.69338	1.505
1.969	-0.6621	-0.042	2.3769	-0.70172	1.505
3.54646	-0.67682	3.11292	2.39298	-0.6775	1.505
3.62782	-0.6777	3.27564	2.38692	-0.67896	1.505
3.4455	-0.67462	2.911	2.39826	-0.67606	1.505
2.7101	-0.66894	1.4402	2.4033	-0.68124	1.505
3.3596	-0.6833	2.7392	2.3952	-0.67612	1.505
2.79114	-0.66942	1.60228	2.40366	-0.6865	1.505
2.59094	-0.6741	1.20188	2.3988	-0.69658	1.505
3.16092	-0.67926	2.34184	2.3976	-0.67964	1.505
2.82978	-0.67678	1.67956	2.40324	-0.67872	1.505
1.7266	-0.6625	-0.5268	2.37432	-0.6286	1.505
2.48812	-0.6689	0.99624	2.39898	-0.68136	1.505
2.16112	-0.6645	0.34224	2.39892	-0.7021	1.505
3.24608	-0.67134	2.51216	2.39736	-0.67566	1.505
3.6367	-0.67882	3.2934	2.38386	-0.65306	1.505
2.31952	-0.66678	0.65904	2.39934	-0.68926	1.505
3.56438	-0.6871	3.14876	2.38584	-0.68404	1.505
3.37058	-0.6853	2.76116	2.38716	-0.68596	1.505
1.68924	-0.66378	-0.60152	2.37366	-0.63774	1.505
3.23188	-0.68314	2.48376	2.39442	-0.67052	1.505
1.93062	-0.66578	-0.11876	2.3868	-0.6573	1.505
2.44944	-0.6663	0.91888	2.403	-0.6893	1.505
3.46692	-0.69054	2.95384	2.38134	-0.66804	1.505
1.97272	-0.6647	-0.03456	2.39256	-0.67924	1.505
3.51746	-0.67774	3.05492	2.39862	-0.67202	1.505
2.66442	-0.66882	1.34884	2.40078	-0.68732	1.505
2.59932	-0.66558	1.21864	2.40114	-0.69016	1.505
2.47786	-0.66502	0.97572	2.40192	-0.68914	1.505
2.0261	-0.66554	0.0722	2.39418	-0.71348	1.505
1.91668	-0.66498	-0.14664	2.3871	-0.6508	1.505
1.74072	-0.66094	-0.49856	2.37042	-0.6967	1.505
2.70494	-0.67422	1.42988	2.39562	-0.68412	1.505
2.03566	-0.66574	0.09132	2.3829	-0.67534	1.505
3.6792	-0.69302	3.3784	2.35638	-0.60732	1.505
1.78202	-0.66374	-0.41596	2.38002	-0.66316	1.505
2.88102	-0.67134	1.78204	2.4057	-0.6819	1.505
3.17882	-0.67686	2.37764	2.3976	-0.68196	1.505
3.32538	-0.68074	2.67076	2.39556	-0.67468	1.505
3.33514	-0.68314	2.69028	2.39526	-0.67186	1.505
3.41444	-0.6885	2.84888	2.38524	-0.67002	1.505
3.28604	-0.67482	2.59208	2.3955	-0.67002	1.505
3.46094	-0.68598	2.94188	2.38548	-0.6779	1.505
2.13814	-0.66566	0.29628	2.39628	-0.68246	1.505
2.68376	-0.66954	1.38752	2.40318	-0.68066	1.505
1.8551	-0.66386	-0.2698	2.3946	-0.7028	1.505
3.57924	-0.67558	3.17848	2.37348	-0.6667	1.505
3.7064	-0.6825	3.4328	2.3775	-0.67138	1.505
2.01806	-0.66322	0.05612	2.3961	-0.7009	1.505
2.51712	-0.66846	1.05424	2.40006	-0.69322	1.505
2.77138	-0.67514	1.56276	2.39844	-0.68022	1.505
3.27618	-0.67422	2.57236	2.39766	-0.6716	1.505
2.9138	-0.67254	1.8476	2.40162	-0.6812	1.505
2.4883	-0.66962	0.9966	2.39886	-0.69066	1.505
2.91346	-0.67502	1.84692	2.40054	-0.67718	1.505
2.13804	-0.66542	0.29608	2.391	-0.70396	1.505
3.48714	-0.67722	2.99428	2.3979	-0.6716	1.505
3.69286	-0.68086	3.40572	2.38554	-0.6808	1.505
3.65126	-0.68814	3.32252	2.3793	-0.67936	1.505
2.79148	-0.66778	1.60296	2.403	-0.68042	1.505
2.65038	-0.66726	1.32076	2.40294	-0.68762	1.505
1.99932	-0.66378	0.01864	2.4018	-0.7071	1.505
1.76716	-0.66358	-0.44568	2.3838	-0.69876	1.505
3.0693	-0.68638	2.1586	2.38674	-0.67488	1.505
3.29496	-0.68734	2.60992	2.38872	-0.67514	1.505
2.06918	-0.66622	0.15836	2.39088	-0.66396	1.505
2.35562	-0.6691	0.73124	2.39994	-0.65956	1.505
3.22974	-0.67182	2.47948	2.40042	-0.67908	1.505
2.78486	-0.67022	1.58972	2.40402	-0.68686	1.505
1.90526	-0.6645	-0.16948	2.39604	-0.70584	1.505
2.48036	-0.66726	0.98072	2.40126	-0.68788	1.505
2.46828	-0.66918	0.95656	2.40192	-0.6944	1.505
1.9459	-0.66526	-0.0882	2.3979	-0.7191	1.505
2.96716	-0.67082	1.95432	2.39946	-0.68032	1.505
2.41146	-0.66682	0.84292	2.40234	-0.6875	1.505
2.83814	-0.66974	1.69628	2.40162	-0.69084	1.505
3.46284	-0.6869	2.94568	2.38164	-0.68602	1.505
3.20634	-0.67418	2.43268	2.3985	-0.68044	1.505
2.10642	-0.6651	0.23284	2.39748	-0.68046	1.505
1.78562	-0.6629	-0.40876	2.38062	-0.68526	1.505
2.85176	-0.66938	1.72352	2.40084	-0.6774	1.505
2.54824	-0.6659	1.11648	2.4012	-0.69048	1.505
1.91854	-0.6651	-0.14292	2.39484	-0.71736	1.505
2.87076	-0.67106	1.76152	2.40228	-0.68484	1.505
2.11944	-0.66626	0.25888	2.38968	-0.69486	1.505
2.40402	-0.6697	0.82804	2.39592	-0.69114	1.505
3.49556	-0.67634	3.01112	2.39196	-0.65468	1.505
2.2985	-0.66774	0.617	2.40186	-0.69604	1.505
3.44842	-0.6745	2.91684	2.39442	-0.67366	1.505
2.36876	-0.66418	0.75752	2.40024	-0.69032	1.505
2.6285	-0.67094	1.277	2.40186	-0.68054	1.505
3.47146	-0.68306	2.96292	2.38788	-0.68206	1.505
3.55964	-0.67622	3.13928	2.3643	-0.65874	1.505
2.6537	-0.66446	1.3274	2.39166	-0.67564	1.505
2.81258	-0.67638	1.64516	2.39934	-0.68124	1.505
3.0982	-0.67222	2.2164	2.40066	-0.68556	1.505
3.6984	-0.6801	3.4168	2.37924	-0.68056	1.505
1.82426	-0.66498	-0.33148	2.38548	-0.7232	1.505
1.86854	-0.6647	-0.24292	2.3829	-0.66902	1.505
2.32108	-0.66906	0.66216	2.39766	-0.6914	1.505
2.34884	-0.66458	0.71768	2.40264	-0.7003	1.505
2.10938	-0.66786	0.23876	2.3913	-0.69158	1.505
2.32262	-0.66534	0.66524	2.3964	-0.69948	1.505
1.86448	-0.6643	-0.25104	2.3838	-0.68198	1.505
3.75736	-0.68198	3.53472	2.37336	-0.69218	1.505
2.58514	-0.66642	1.19028	2.40018	-0.6871	1.505
2.98514	-0.67614	1.99028	2.39844	-0.68856	1.505
2.06234	-0.66554	0.14468	2.39046	-0.66172	1.505
2.7477	-0.68454	1.5154	2.3865	-0.6779	1.505
3.6742	-0.67842	3.3684	2.37972	-0.67438	1.505
2.50134	-0.66842	1.02268	2.40444	-0.69844	1.505
3.72632	-0.67962	3.47264	2.37162	-0.6816	1.505
2.37392	-0.66554	0.76784	2.40216	-0.70118	1.505
3.4303	-0.67346	2.8806	2.38806	-0.66496	1.505
1.96964	-0.66218	-0.04072	2.394	-0.71316	1.505
2.24644	-0.66738	0.51288	2.3946	-0.67738	1.505
1.6743	-0.66266	-0.6314	2.37372	-0.72118	1.505
3.48524	-0.6857	2.99048	2.38734	-0.67128	1.505
2.06184	-0.66366	0.14368	2.394	-0.70536	1.505
3.3196	-0.6751	2.6592	2.3988	-0.67928	1.505
2.62336	-0.66674	1.26672	2.40378	-0.68704	1.505
1.75326	-0.66314	-0.47348	2.38116	-0.70976	1.505
3.6782	-0.68226	3.3764	2.38524	-0.69268	1.505
3.5728	-0.67858	3.1656	2.3928	-0.66514	1.505
2.10012	-0.66738	0.22024	2.38524	-0.6517	1.505
3.45556	-0.68474	2.93112	2.38788	-0.6807	1.505
2.45806	-0.66602	0.93612	2.40204	-0.70156	1.505
3.58288	-0.67794	3.18576	2.38692	-0.68334	1.505
2.28246	-0.66578	0.58492	2.40222	-0.6926	1.505
1.79258	-0.66334	-0.39484	2.37966	-0.67898	1.505
3.1301	-0.66854	2.2802	2.39166	-0.6824	1.505
1.86744	-0.66442	-0.24512	2.3958	-0.7097	1.505
3.08114	-0.66938	2.18228	2.39868	-0.681	1.505
2.16232	-0.66338	0.34464	2.39634	-0.68838	1.505
2.72586	-0.67002	1.47172	2.40228	-0.68596	1.505
2.89166	-0.6685	1.80332	2.40114	-0.68046	1.505
3.39422	-0.6753	2.80844	2.39826	-0.68172	1.505
3.52054	-0.68758	3.06108	2.38542	-0.6673	1.505
2.33918	-0.66702	0.69836	2.39868	-0.69948	1.505
3.51954	-0.68394	3.05908	2.38968	-0.67702	1.505
1.80986	-0.6617	-0.36028	2.37912	-0.66528	1.505
1.8625	-0.66386	-0.255	2.37912	-0.67216	1.505
3.33726	-0.6847	2.69452	2.38944	-0.6728	1.505
3.69436	-0.68726	3.40872	2.37618	-0.67186	1.505
3.25434	-0.68638	2.52868	2.39052	-0.6731	1.505
3.18636	-0.67362	2.39272	2.40042	-0.68306	1.505
3.19302	-0.67266	2.40604	2.40144	-0.67848	1.505
2.8216	-0.6697	1.6632	2.40264	-0.68206	1.505
1.75392	-0.6635	-0.47216	2.3781	-0.72024	1.505
1.95558	-0.6625	-0.06884	2.39202	-0.71428	1.505
3.10516	-0.67594	2.23032	2.40168	-0.6723	1.505
1.76532	-0.66138	-0.44936	2.38842	-0.70036	1.505
3.19844	-0.67766	2.41688	2.3982	-0.6819	1.505
3.64902	-0.68078	3.31804	2.38218	-0.67746	1.505
2.71412	-0.66918	1.44824	2.40324	-0.68336	1.505
3.3856	-0.68506	2.7912	2.3874	-0.67482	1.505
2.261	-0.6669	0.542	2.40018	-0.68758	1.505
3.12238	-0.67114	2.26476	2.39898	-0.67156	1.505
2.45464	-0.6665	0.92928	2.40216	-0.69254	1.505
1.98464	-0.6621	-0.01072	2.37678	-0.71174	1.505
3.6204	-0.67914	3.2608	2.38818	-0.6652	1.505
1.8973	-0.66566	-0.1854	2.3859	-0.68478	1.505
3.33626	-0.68366	2.69252	2.39046	-0.68664	1.505
3.70886	-0.68186	3.43772	2.35926	-0.67188	1.505
3.41044	-0.6755	2.84088	2.39448	-0.67258	1.505
3.27604	-0.67278	2.57208	2.39988	-0.67342	1.505
3.46722	-0.68866	2.95444	2.38122	-0.67904	1.505
2.78784	-0.68198	1.59568	2.3904	-0.6897	1.505
3.09084	-0.67266	2.20168	2.3991	-0.67808	1.505
3.564	-0.67866	3.148	2.3859	-0.67364	1.505
2.72606	-0.67434	1.47212	2.39862	-0.69266	1.505
3.04796	-0.6783	2.11592	2.3952	-0.67556	1.505
2.27128	-0.66666	0.56256	2.40252	-0.69118	1.505
3.62126	-0.68858	3.26252	2.38014	-0.68238	1.505
3.28498	-0.67302	2.58996	2.39652	-0.67908	1.505
2.99728	-0.68102	2.01456	2.39394	-0.68504	1.505
3.25824	-0.67042	2.53648	2.3988	-0.67166	1.505
2.89304	-0.66818	1.80608	2.40132	-0.67992	1.505
3.40534	-0.67518	2.83068	2.39712	-0.67664	1.505
2.38028	-0.66602	0.78056	2.39988	-0.69568	1.505
3.07006	-0.68506	2.16012	2.39214	-0.67228	1.505
2.54334	-0.66678	1.10668	2.39172	-0.69478	1.505
1.79352	-0.6639	-0.39296	2.38602	-0.73118	1.505
3.43384	-0.67622	2.88768	2.3967	-0.6835	1.505
2.99812	-0.67802	2.01624	2.39682	-0.67552	1.505
2.14104	-0.66658	0.30208	2.39718	-0.6876	1.505
3.67584	-0.69046	3.37168	2.3754	-0.67092	1.505
2.15524	-0.66638	0.33048	2.3955	-0.69504	1.505
1.93676	-0.66334	-0.10648	2.3943	-0.7197	1.505
2.75042	-0.66978	1.52084	2.40372	-0.68438	1.505
2.2476	-0.6657	0.5152	2.4	-0.69242	1.505
2.2767	-0.66502	0.5734	2.40132	-0.68548	1.505
1.98722	-0.66486	-0.00556	2.3925	-0.66592	1.505
3.6731	-0.68782	3.3662	2.3787	-0.68466	1.505
2.19538	-0.6653	0.41076	2.39454	-0.70254	1.505
3.50054	-0.6749	3.02108	2.3967	-0.67666	1.505
2.76366	-0.67006	1.54732	2.4033	-0.6869	1.505
3.1382	-0.67674	2.2964	2.39844	-0.67502	1.505
2.94068	-0.66966	1.90136	2.4021	-0.68324	1.505
3.83934	-0.68502	3.69868	2.3583	-0.64546	1.505
1.80452	-0.66406	-0.37096	2.38374	-0.71636	1.505
2.10786	-0.6641	0.23572	2.39364	-0.7072	1.505
3.76998	-0.68298	3.55996	2.37072	-0.69068	1.505
1.93172	-0.66262	-0.11656	2.38704	-0.71576	1.505
2.71416	-0.6693	1.44832	2.40312	-0.68664	1.505
3.83398	-0.68546	3.68796	2.36142	-0.6973	1.505
2.6109	-0.6675	1.2418	2.40288	-0.68642	1.505
3.68296	-0.68818	3.38592	2.37756	-0.67288	1.505
2.56086	-0.66678	1.14172	2.40192	-0.6901	1.505
3.28768	-0.6713	2.59536	2.39238	-0.6729	1.505
3.56732	-0.68698	3.15464	2.38674	-0.67054	1.505
1.74738	-0.66222	-0.48524	2.3772	-0.71928	1.505
2.8758	-0.67874	1.7716	2.3964	-0.67668	1.505
1.99208	-0.66582	0.00416	2.39058	-0.68616	1.505
2.5851	-0.67042	1.1902	2.40138	-0.67344	1.505
1.94278	-0.66382	-0.09444	2.39106	-0.66966	1.505
3.72214	-0.68842	3.46428	2.37216	-0.67074	1.505
2.7303	-0.66842	1.4806	2.40264	-0.68422	1.505
3.66266	-0.68742	3.34532	2.37768	-0.66868	1.505
1.85536	-0.66422	-0.26928	2.38608	-0.67422	1.505
2.40458	-0.6653	0.82916	2.40066	-0.68406	1.505
3.07276	-0.67102	2.16552	2.39976	-0.6737	1.505
2.66196	-0.67814	1.34392	2.39202	-0.68332	1.505
2.163	-0.66598	0.346	2.39406	-0.68892	1.505
2.69772	-0.66486	1.41544	2.3925	-0.67798	1.505
1.9277	-0.66446	-0.1246	2.38608	-0.66174	1.505
1.9942	-0.66542	0.0084	2.38896	-0.66832	1.505
1.67604	-0.66098	-0.62792	2.36748	-0.48842	1.505
1.72326	-0.66246	-0.53348	2.37276	-0.66112	1.505
3.18986	-0.68138	2.39972	2.3958	-0.68106	1.505
2.43856	-0.66466	0.89712	2.39922	-0.69362	1.505
3.27992	-0.67346	2.57984	2.39604	-0.6671	1.505
3.34946	-0.67546	2.71892	2.4006	-0.67966	1.505
1.84678	-0.66366	-0.28644	2.38704	-0.71244	1.505
3.52862	-0.67786	3.07724	2.39244	-0.67834	1.505
3.00518	-0.67838	2.03036	2.39832	-0.67428	1.505
3.7585	-0.68366	3.537	2.37168	-0.67802	1.505
2.10614	-0.66602	0.23228	2.39658	-0.70328	1.505
2.65316	-0.6719	1.32632	2.4015	-0.6839	1.505
2.50606	-0.66594	1.03212	2.40258	-0.68974	1.505
3.6021	-0.67914	3.2242	2.38818	-0.6703	1.505
1.7381	-0.66242	-0.5038	2.37516	-0.70408	1.505
1.68596	-0.66046	-0.60808	2.36232	-0.44506	1.505
1.90766	-0.66414	-0.16468	2.3805	-0.66472	1.505
2.10606	-0.6641	0.23212	2.40018	-0.69874	1.505
1.90076	-0.66378	-0.17848	2.38656	-0.7105	1.505
2.5533	-0.66494	1.1266	2.39166	-0.69378	1.505
2.05956	-0.66754	0.13912	2.39502	-0.68696	1.505
1.91728	-0.66322	-0.14544	2.38722	-0.723	1.505
3.35552	-0.68154	2.73104	2.39442	-0.6776	1.505
3.1473	-0.67226	2.3146	2.40042	-0.67988	1.505
3.15628	-0.68066	2.33256	2.39652	-0.67962	1.505
2.9895	-0.67134	1.999	2.40132	-0.68378	1.505
1.8473	-0.66342	-0.2854	2.37876	-0.66524	1.505
2.7745	-0.66994	1.569	2.40306	-0.68454	1.505
3.54866	-0.68786	3.11732	2.38344	-0.66668	1.505
1.90206	-0.66334	-0.17588	2.38458	-0.71812	1.505
2.4332	-0.67578	0.8864	2.38308	-0.65826	1.505
2.0978	-0.66522	0.2156	2.39916	-0.70618	1.505
2.29666	-0.66602	0.61332	2.40024	-0.68922	1.505
2.666	-0.66942	1.352	2.40276	-0.69396	1.505
3.63498	-0.68766	3.28996	2.38266	-0.67518	1.505
3.31634	-0.68218	2.65268	2.39502	-0.67818	1.505
1.9774	-0.66186	-0.0252	2.39196	-0.70632	1.505
2.87492	-0.67062	1.76984	2.40072	-0.67388	1.505
2.8384	-0.6723	1.6968	2.40198	-0.6813	1.505
3.18316	-0.6733	2.38632	2.40264	-0.68332	1.505
2.90646	-0.6741	1.83292	2.40258	-0.6853	1.505
2.93172	-0.67254	1.88344	2.40204	-0.67244	1.505
3.02948	-0.67254	2.07896	2.4012	-0.67862	1.505
2.25344	-0.6677	0.52688	2.39832	-0.6994	1.505
2.45058	-0.66678	0.92116	2.40294	-0.688	1.505
3.25292	-0.68594	2.52584	2.38698	-0.68658	1.505
2.64498	-0.67478	1.30996	2.39472	-0.68332	1.505
2.82436	-0.6797	1.66872	2.39634	-0.68394	1.505
2.2689	-0.66578	0.5578	2.39508	-0.68586	1.505
1.91338	-0.66526	-0.15324	2.39046	-0.70916	1.505
3.7034	-0.68026	3.4268	2.3727	-0.67412	1.505
1.94866	-0.66338	-0.08268	2.38524	-0.68408	1.505
3.4721	-0.6849	2.9642	2.38824	-0.66822	1.505
3.68624	-0.6905	3.39248	2.37378	-0.67752	1.505
2.6789	-0.6699	1.3778	2.40126	-0.68874	1.505
3.43684	-0.68578	2.89368	2.3877	-0.68686	1.505
3.33202	-0.68734	2.68404	2.38122	-0.68162	1.505
1.77574	-0.6611	-0.42852	2.3727	-0.58752	1.505
2.9824	-0.66822	1.9848	2.4006	-0.67922	1.505
2.08362	-0.6663	0.18724	2.39406	-0.70502	1.505
3.7514	-0.6821	3.5228	2.37084	-0.68788	1.505
1.9016	-0.66382	-0.1768	2.3952	-0.6751	1.505
2.21306	-0.66482	0.44612	2.40168	-0.70066	1.505
3.15832	-0.66874	2.33664	2.3901	-0.6729	1.505
2.04004	-0.66634	0.10008	2.39016	-0.6836	1.505
3.63882	-0.68078	3.29764	2.388	-0.67478	1.505
3.72606	-0.68174	3.47212	2.37786	-0.65494	1.505
2.17472	-0.66502	0.36944	2.38398	-0.7004	1.505
3.39764	-0.6759	2.81528	2.39934	-0.67822	1.505
2.58938	-0.66626	1.19876	2.39394	-0.6841	1.505
2.8828	-0.67278	1.7856	2.4033	-0.68336	1.505
3.81982	-0.6927	3.65964	2.34762	-0.60402	1.505
1.96454	-0.66486	-0.05092	2.38866	-0.68702	1.505
2.72316	-0.66866	1.46632	2.40336	-0.6859	1.505
3.68364	-0.68798	3.38728	2.37672	-0.67848	1.505
2.82902	-0.68154	1.67804	2.39568	-0.66196	1.505
2.33656	-0.66822	0.69312	2.40066	-0.67932	1.505
2.5081	-0.6655	1.0362	2.40042	-0.6994	1.505
3.63406	-0.68654	3.28812	2.38344	-0.67244	1.505
2.00532	-0.66434	0.03064	2.38062	-0.6501	1.505
2.84752	-0.67026	1.71504	2.3985	-0.66318	1.505
2.74408	-0.6681	1.50816	2.40024	-0.69338	1.505
2.16824	-0.66474	0.35648	2.40234	-0.7024	1.505
2.5694	-0.66742	1.1588	2.40018	-0.6932	1.505
2.34054	-0.66606	0.70108	2.39724	-0.67612	1.505
3.58596	-0.67706	3.19192	2.3844	-0.67934	1.505
3.29586	-0.68078	2.61172	2.39586	-0.68174	1.505
3.4657	-0.68594	2.9514	2.38938	-0.67048	1.505
3.33016	-0.68522	2.68032	2.38878	-0.6791	1.505
3.44432	-0.67602	2.90864	2.39634	-0.67074	1.505
3.0368	-0.68214	2.0936	2.39652	-0.68362	1.505
3.22294	-0.67258	2.46588	2.39958	-0.68146	1.505
2.44844	-0.67002	0.91688	2.39808	-0.69634	1.505
1.98432	-0.6635	-0.01136	2.38788	-0.69422	1.505
1.56444	-0.6555	-0.85112	2.34396	-0.10982	1.505
3.36742	-0.68506	2.75484	2.38956	-0.68236	1.505
1.93116	-0.66294	-0.11768	2.3934	-0.71282	1.505
1.97966	-0.66422	-0.02068	2.39556	-0.7068	1.505
1.97186	-0.66358	-0.03628	2.38872	-0.72312	1.505
3.52266	-0.67634	3.06532	2.3949	-0.67476	1.505
2.26742	-0.67046	0.55484	2.38326	-0.60794	1.505
2.7301	-0.66922	1.4802	2.4006	-0.68706	1.505
2.2629	-0.6665	0.5458	2.39694	-0.67998	1.505
3.56724	-0.68754	3.15448	2.38356	-0.68284	1.505
3.54766	-0.6755	3.11532	2.38704	-0.67132	1.505
2.63816	-0.6701	1.29632	2.40108	-0.68642	1.505
3.6227	-0.67734	3.2654	2.37696	-0.66574	1.505
2.4114	-0.6673	0.8428	2.40222	-0.69652	1.505
3.741	-0.68094	3.502	2.37336	-0.69378	1.505
3.40552	-0.67306	2.83104	2.39418	-0.66848	1.505
2.7322	-0.6689	1.4844	2.40162	-0.67206	1.505
2.9975	-0.67538	2.015	2.40198	-0.68178	1.505
3.48546	-0.68418	2.99092	2.38794	-0.67546	1.505
3.45648	-0.67666	2.93296	2.3949	-0.66506	1.505
1.86842	-0.66506	-0.24316	2.3889	-0.69926	1.505
3.61174	-0.69154	3.24348	2.36274	-0.65566	1.505
2.79866	-0.66942	1.61732	2.40294	-0.68372	1.505
2.02246	-0.66486	0.06492	2.39796	-0.70848	1.505
1.79564	-0.66238	-0.38872	2.37834	-0.71758	1.505
2.72408	-0.66834	1.46816	2.40234	-0.67794	1.505
3.6704	-0.68974	3.3608	2.37024	-0.67188	1.505
2.7429	-0.68342	1.5058	2.38638	-0.67912	1.505
1.86422	-0.66366	-0.25156	2.39016	-0.70686	1.505
1.9574	-0.6649	-0.0652	2.39022	-0.6981	1.505
3.35144	-0.6725	2.72288	2.39928	-0.6754	1.505
2.28062	-0.66494	0.58124	2.39922	-0.68882	1.505
2.9689	-0.66818	1.9578	2.38518	-0.66672	1.505
1.81052	-0.66466	-0.35896	2.3868	-0.67908	1.505
2.77604	-0.66818	1.57208	2.4036	-0.68366	1.505
1.9861	-0.66214	-0.0078	2.3808	-0.7149	1.505
1.77034	-0.66466	-0.43932	2.3832	-0.71762	1.505
3.13016	-0.67358	2.28032	2.4018	-0.68172	1.505
2.82614	-0.68498	1.67228	2.37924	-0.67276	1.505
2.5309	-0.66546	1.0818	2.403	-0.6835	1.505
2.29666	-0.66698	0.61332	2.39964	-0.69952	1.505
2.10262	-0.66802	0.22524	2.37468	-0.57328	1.505
1.94062	-0.66494	-0.09876	2.39316	-0.68468	1.505
3.42606	-0.67698	2.87212	2.39556	-0.67684	1.505
3.69326	-0.6791	3.40652	2.37444	-0.68262	1.505
3.4685	-0.6825	2.957	2.38854	-0.67626	1.505
2.85996	-0.67158	1.73992	2.40042	-0.67448	1.505
3.70864	-0.68122	3.43728	2.3775	-0.68348	1.505
3.73354	-0.68962	3.48708	2.37378	-0.66012	1.505
2.23178	-0.66434	0.48356	2.38764	-0.70596	1.505
1.91496	-0.66478	-0.15008	2.40066	-0.71112	1.505
2.72932	-0.67098	1.47864	2.403	-0.68724	1.505
3.61784	-0.6871	3.25568	2.38086	-0.6817	1.505
3.61106	-0.67774	3.24212	2.38314	-0.6749	1.505
2.4163	-0.67066	0.8526	2.40204	-0.66368	1.505
1.9874	-0.66586	-0.0052	2.39676	-0.71774	1.505
2.58458	-0.66782	1.18916	2.40114	-0.69344	1.505
2.24172	-0.66326	0.50344	2.39544	-0.70366	1.505
3.24134	-0.6739	2.50268	2.39886	-0.68614	1.505
3.69446	-0.69074	3.40892	2.37426	-0.67698	1.505
1.95996	-0.66514	-0.06008	2.39094	-0.68092	1.505
3.4126	-0.67278	2.8452	2.39304	-0.67752	1.505
2.13196	-0.66782	0.28392	2.38908	-0.6684	1.505
3.29648	-0.67018	2.61296	2.39364	-0.67158	1.505
1.88036	-0.66402	-0.21928	2.38644	-0.6939	1.505
1.91624	-0.66474	-0.14752	2.39676	-0.6935	1.505
2.23446	-0.66862	0.48892	2.39322	-0.67046	1.505
3.38434	-0.68514	2.78868	2.38998	-0.68176	1.505
2.69602	-0.67042	1.41204	2.40024	-0.68128	1.505
2.21188	-0.66374	0.44376	2.40084	-0.70814	1.505
3.56402	-0.6891	3.14804	2.38032	-0.6722	1.505
2.17614	-0.6701	0.37228	2.38182	-0.64216	1.505
2.38402	-0.66954	0.78804	2.39718	-0.66594	1.505
1.95054	-0.66494	-0.07892	2.38332	-0.674	1.505
3.08152	-0.67998	2.18304	2.39892	-0.67796	1.505
2.54608	-0.67014	1.11216	2.403	-0.68904	1.505
2.32622	-0.6695	0.67244	2.39658	-0.68126	1.505
3.50276	-0.67926	3.02552	2.39544	-0.67006	1.505
3.14104	-0.6821	2.30208	2.3937	-0.68256	1.505
1.91016	-0.66318	-0.15968	2.3865	-0.7082	1.505
1.77808	-0.66334	-0.42384	2.38224	-0.69972	1.505
3.52172	-0.69322	3.06344	2.36526	-0.66744	1.505
3.63512	-0.67986	3.29024	2.38332	-0.67412	1.505
2.21474	-0.66502	0.44948	2.39244	-0.69222	1.505
2.1624	-0.6657	0.3448	2.39514	-0.69874	1.505
2.56222	-0.66598	1.14444	2.4012	-0.69156	1.505
2.16618	-0.66742	0.35236	2.38302	-0.68544	1.505
3.50624	-0.68398	3.03248	2.39028	-0.67682	1.505
2.55984	-0.66786	1.13968	2.40366	-0.69494	1.505
3.654	-0.6921	3.328	2.36436	-0.6541	1.505
2.0658	-0.66506	0.1516	2.39568	-0.6974	1.505
2.92796	-0.6673	1.87592	2.40084	-0.6798	1.505
2.99138	-0.68726	2.00276	2.3844	-0.68192	1.505
1.77412	-0.66226	-0.43176	2.38452	-0.68188	1.505
2.6362	-0.66858	1.2924	2.4006	-0.69434	1.505
3.46064	-0.67446	2.94128	2.3949	-0.6717	1.505
3.44864	-0.67746	2.91728	2.39478	-0.68128	1.505
2.16304	-0.66578	0.34608	2.39838	-0.6921	1.505
3.8005	-0.68334	3.621	2.36976	-0.67078	1.505
2.02332	-0.6659	0.06664	2.38476	-0.67174	1.505
1.89728	-0.66354	-0.18544	2.385	-0.70532	1.505
2.36464	-0.66982	0.74928	2.39208	-0.68932	1.505
3.31306	-0.68338	2.64612	2.39244	-0.67832	1.505
3.0965	-0.6745	2.213	2.39886	-0.68318	1.505
3.87748	-0.6929	3.77496	2.35038	-0.63614	1.505
1.92406	-0.6641	-0.13188	2.39028	-0.72058	1.505
2.51224	-0.66638	1.04448	2.38296	-0.6881	1.505
3.57928	-0.68802	3.17856	2.37498	-0.67314	1.505
2.43352	-0.66886	0.88704	2.3973	-0.69984	1.505
2.98248	-0.68798	1.98496	2.38152	-0.6804	1.505
3.07328	-0.67226	2.16656	2.40102	-0.67918	1.505
2.77618	-0.6701	1.57236	2.40114	-0.67212	1.505
3.04868	-0.67826	2.11736	2.39982	-0.68038	1.505
2.09498	-0.66594	0.20996	2.3928	-0.69032	1.505
3.19388	-0.67878	2.40776	2.39664	-0.67342	1.505
2.37704	-0.66502	0.77408	2.39892	-0.7042	1.505
2.14492	-0.6675	0.30984	2.39682	-0.69596	1.505
2.36686	-0.66394	0.75372	2.3979	-0.7077	1.505
3.81994	-0.69006	3.65988	2.36076	-0.66844	1.505
3.7497	-0.68218	3.5194	2.37444	-0.68566	1.505
3.34924	-0.67386	2.71848	2.39544	-0.66584	1.505
3.64178	-0.69102	3.30356	2.3745	-0.6756	1.505
3.0803	-0.6725	2.1806	2.40126	-0.68158	1.505
3.68556	-0.68074	3.39112	2.38218	-0.68416	1.505
2.96434	-0.6755	1.94868	2.39934	-0.67978	1.505
3.34454	-0.67078	2.70908	2.38926	-0.67396	1.505
2.73666	-0.66578	1.49332	2.39676	-0.67494	1.505
1.87808	-0.6639	-0.22384	2.3922	-0.7177	1.505
1.87968	-0.66446	-0.22064	2.3874	-0.67786	1.505
3.64802	-0.67986	3.31604	2.3523	-0.64918	1.505
1.83922	-0.66378	-0.30156	2.38368	-0.69484	1.505
3.13974	-0.6787	2.29948	2.39868	-0.68566	1.505
1.99764	-0.66466	0.01528	2.39352	-0.7149	1.505
2.76572	-0.66898	1.55144	2.40312	-0.68554	1.505
2.88148	-0.6685	1.78296	2.40048	-0.67582	1.505
2.73524	-0.66686	1.49048	2.40144	-0.6835	1.505
1.88678	-0.6635	-0.20644	2.39358	-0.7232	1.505
3.13966	-0.6713	2.29932	2.39898	-0.67442	1.505
2.71386	-0.6687	1.44772	2.4039	-0.67686	1.505
2.92238	-0.67426	1.86476	2.39934	-0.68564	1.505
3.25462	-0.68002	2.52924	2.39538	-0.6751	1.505
1.67758	-0.66298	-0.62484	2.3766	-0.69594	1.505
3.40236	-0.68214	2.82472	2.39118	-0.67578	1.505
3.5444	-0.6911	3.1088	2.37438	-0.66512	1.505
2.36538	-0.66886	0.75076	2.39712	-0.6756	1.505
3.712	-0.68962	3.444	2.37114	-0.66634	1.505
3.01804	-0.67242	2.05608	2.39796	-0.67482	1.505
1.95456	-0.66346	-0.07088	2.39364	-0.72036	1.505
1.74158	-0.66398	-0.49684	2.37348	-0.5672	1.505
3.2171	-0.67682	2.4542	2.39688	-0.68388	1.505
2.9466	-0.6749	1.9132	2.40246	-0.67668	1.505
2.02298	-0.66574	0.06596	2.3895	-0.69596	1.505
3.02246	-0.6757	2.06492	2.39856	-0.67762	1.505
2.28784	-0.66554	0.59568	2.40108	-0.69394	1.505
2.97768	-0.67286	1.97536	2.4036	-0.67104	1.505
1.90926	-0.66506	-0.16148	2.38908	-0.6752	1.505
2.43518	-0.66742	0.89036	2.40126	-0.68336	1.505
3.6175	-0.67946	3.255	2.388	-0.67462	1.505
2.80904	-0.6785	1.63808	2.39814	-0.6818	1.505
3.4607	-0.67658	2.9414	2.39286	-0.6817	1.505
2.55926	-0.66826	1.13852	2.4018	-0.67902	1.505
1.85678	-0.66298	-0.26644	2.39574	-0.71818	1.505
3.02942	-0.66802	2.07884	2.40072	-0.67414	1.505
2.1515	-0.66474	0.323	2.39754	-0.70558	1.505
2.02502	-0.66566	0.07004	2.39262	-0.69418	1.505
3.405	-0.67638	2.83	2.39622	-0.67752	1.505
1.89684	-0.66258	-0.18632	2.3889	-0.7178	1.505
3.2904	-0.6853	2.6008	2.3916	-0.67594	1.505
2.19694	-0.66662	0.41388	2.39874	-0.68554	1.505
3.43002	-0.6745	2.88004	2.39388	-0.66588	1.505
3.68658	-0.68806	3.39316	2.37756	-0.6662	1.505
2.91668	-0.67434	1.85336	2.39988	-0.67684	1.505
2.76776	-0.6679	1.55552	2.39994	-0.68772	1.505
1.86522	-0.6629	-0.24956	2.38614	-0.72022	1.505
2.14736	-0.66574	0.31472	2.39796	-0.6474	1.505
3.00814	-0.6699	2.03628	2.39046	-0.67372	1.505
2.25526	-0.66506	0.53052	2.3973	-0.6952	1.505
2.28388	-0.66442	0.58776	2.4006	-0.70204	1.505
2.9896	-0.6761	1.9992	2.40222	-0.68922	1.505
1.84214	-0.66358	-0.29572	2.38206	-0.67746	1.505
3.1297	-0.67214	2.2794	2.4036	-0.68508	1.505
2.1236	-0.66862	0.2672	2.3823	-0.61042	1.505
