1.495	-0.75112	0.32722	1.49752	-0.7232	1.495
1.495	-0.75086	0.27268	1.49568	-0.7265	1.495
1.495	-0.75048	0.27706	1.4962	-0.72736	1.495
1.495	-0.75008	0.30482	1.49584	-0.73152	1.495
1.495	-0.75056	0.2737	1.49656	-0.72318	1.495
1.495	-0.7514	0.27158	1.4958	-0.73006	1.495
1.495	-0.75044	0.26054	1.49652	-0.7246	1.495
1.495	-0.75096	0.25038	1.49564	-0.7247	1.495
1.495	-0.75122	0.2332	1.49472	-0.72742	1.495
1.495	-0.74952	0.2631	1.49524	-0.72828	1.495
1.495	-0.75124	0.22918	1.49652	-0.73112	1.495
1.495	-0.75018	0.2414	1.49536	-0.71856	1.495
1.495	-0.75036	0.27106	1.49756	-0.73178	1.495
1.495	-0.75058	0.23424	1.49568	-0.71088	1.495
1.495	-0.75018	0.22176	1.49432	-0.7199	1.495
1.495	-0.75034	0.29312	1.49512	-0.73098	1.495
1.495	-0.75002	0.26124	1.49384	-0.728	1.495
1.495	-0.74992	0.24114	1.49548	-0.73298	1.495
1.495	-0.75062	0.30996	1.49568	-0.72786	1.495
1.495	-0.75028	0.24198	1.4946	-0.72098	1.495
1.495	-0.75106	0.26708	1.49488	-0.72158	1.495
1.495	-0.75026	0.2606	1.49664	-0.71906	1.495
1.495	-0.75086	0.21956	1.49584	-0.72728	1.495
1.495	-0.75096	0.3043	1.49572	-0.72276	1.495
1.495	-0.75068	0.28594	1.496	-0.73216	1.495
1.495	-0.75124	0.20554	1.49644	-0.7294	1.495
1.495	-0.75026	0.25108	1.49568	-0.7238	1.495
1.495	-0.75106	0.24716	1.49616	-0.72534	1.495
1.495	-0.7497	0.26388	1.49612	-0.72106	1.495
1.495	-0.74964	0.24502	1.49524	-0.72568	1.495
1.495	-0.75042	0.21908	1.49432	-0.72864	1.495
1.495	-0.74994	0.27156	1.49504	-0.72742	1.495
1.495	-0.7508	0.22814	1.49664	-0.72508	1.495
1.495	-0.75146	0.27636	1.4942	-0.72924	1.495
1.495	-0.75148	0.30502	1.49576	-0.72772	1.495
1.495	-0.75066	0.24424	1.49528	-0.72548	1.495
1.495	-0.75076	0.27962	1.495	-0.72138	1.495
1.495	-0.75134	0.247	1.49452	-0.7104	1.495
1.495	-0.75062	0.29048	1.49664	-0.73038	1.495
1.495	-0.7509	0.25668	1.49588	-0.72356	1.495
1.495	-0.75028	0.20906	1.49504	-0.72878	1.495
1.495	-0.74992	0.23554	1.49448	-0.71908	1.495
1.495	-0.75092	0.19422	1.4948	-0.72812	1.495
1.495	-0.75162	0.25088	1.49516	-0.73232	1.495
1.495	-0.75096	0.22374	1.49464	-0.73066	1.495
1.495	-0.75164	0.2471	1.49596	-0.73218	1.495
1.495	-0.75102	0.26836	1.4954	-0.7273	1.495
1.495	-0.75078	0.29612	1.49344	-0.72818	1.495
1.495	-0.74978	0.29608	1.49636	-0.72756	1.495
1.495	-0.75074	0.30072	1.49404	-0.72656	1.495
1.495	-0.75124	0.31286	1.49476	-0.71434	1.495
1.495	-0.74984	0.21514	1.49548	-0.7318	1.495
1.495	-0.7502	0.20218	1.4964	-0.71388	1.495
1.495	-0.75028	0.2617	1.4952	-0.72664	1.495
1.495	-0.75008	0.22138	1.49576	-0.7222	1.495
1.495	-0.75112	0.26446	1.494	-0.72816	1.495
1.495	-0.7503	0.2654	1.49696	-0.7221	1.495
1.495	-0.75032	0.27654	1.49544	-0.72872	1.495
1.495	-0.74972	0.2741	1.49564	-0.72584	1.495
1.495	-0.74972	0.22298	1.495	-0.72042	1.495
1.495	-0.7519	0.27344	1.49696	-0.72794	1.495
1.495	-0.7507	0.30764	1.49528	-0.72738	1.495
1.495	-0.75126	0.19948	1.49544	-0.7268	1.495
1.495	-0.75126	0.28672	1.49716	-0.72706	1.495
1.495	-0.75062	0.19544	1.49464	-0.72564	1.495
1.495	-0.74964	0.23642	1.4962	-0.72802	1.495
1.495	-0.7507	0.2616	1.49396	-0.7292	1.495
1.495	-0.75	0.21546	1.49484	-0.72606	1.495
1.495	-0.74934	0.26744	1.49612	-0.72566	1.495
1.495	-0.75014	0.21716	1.49548	-0.7162	1.495
1.495	-0.7511	0.25584	1.49556	-0.73084	1.495
1.495	-0.7509	0.21148	1.49528	-0.72664	1.495
1.495	-0.75016	0.24334	1.49612	-0.7281	1.495
1.495	-0.74984	0.1721	1.496	-0.72668	1.495
1.495	-0.74994	0.223	1.49624	-0.7326	1.495
1.495	-0.74964	0.24382	1.4958	-0.73064	1.495
1.495	-0.7512	0.22234	1.49552	-0.71904	1.495
1.495	-0.7512	0.26558	1.49568	-0.73328	1.495
1.495	-0.74984	0.18122	1.49564	-0.73262	1.495
1.495	-0.75104	0.33926	1.49564	-0.7255	1.495
1.495	-0.75052	0.23338	1.49536	-0.72786	1.495
1.495	-0.75044	0.2807	1.49556	-0.72414	1.495
1.495	-0.74964	0.2091	1.4954	-0.72548	1.495
1.495	-0.75078	0.2778	1.49604	-0.72844	1.495
1.495	-0.75014	0.2352	1.49496	-0.7278	1.495
1.495	-0.75078	0.25964	1.49556	-0.72232	1.495
1.495	-0.7495	0.26108	1.49516	-0.72376	1.495
1.495	-0.75028	0.24518	1.49616	-0.7284	1.495
1.495	-0.74996	0.22182	1.49536	-0.73176	1.495
1.495	-0.7504	0.24986	1.4958	-0.71828	1.495
1.495	-0.75146	0.26872	1.49536	-0.72308	1.495
1.495	-0.751	0.28162	1.49476	-0.7294	1.495
1.495	-0.75038	0.22848	1.49612	-0.71888	1.495
1.495	-0.74934	0.17564	1.49512	-0.72312	1.495
1.495	-0.75122	0.25812	1.49412	-0.72518	1.495
1.495	-0.75248	0.32426	1.49544	-0.72506	1.495
1.495	-0.7492	0.25006	1.49436	-0.7281	1.495
1.495	-0.74958	0.24544	1.4956	-0.72822	1.495
1.495	-0.7523	0.26264	1.49604	-0.71948	1.495
1.495	-0.75004	0.21362	1.4978	-0.72234	1.495
1.495	-0.7497	0.24996	1.49536	-0.7302	1.495
1.495	-0.75028	0.25166	1.49596	-0.71996	1.495
1.495	-0.75068	0.3025	1.49696	-0.72154	1.495
1.495	-0.7499	0.29244	1.49708	-0.72294	1.495
1.495	-0.74992	0.26366	1.49556	-0.73034	1.495
1.495	-0.74998	0.33776	1.49548	-0.72648	1.495
1.495	-0.75132	0.21866	1.49516	-0.72492	1.495
1.495	-0.74946	0.3052	1.49596	-0.72548	1.495
1.495	-0.74936	0.30342	1.49568	-0.72722	1.495
1.495	-0.7494	0.23858	1.49552	-0.72698	1.495
1.495	-0.7509	0.2638	1.49476	-0.7278	1.495
1.495	-0.7514	0.24986	1.49492	-0.7306	1.495
1.495	-0.7522	0.26662	1.49504	-0.72242	1.495
1.495	-0.75096	0.32982	1.49608	-0.7185	1.495
1.495	-0.7494	0.23366	1.4964	-0.73158	1.495
1.495	-0.75046	0.26276	1.49644	-0.72506	1.495
1.495	-0.74914	0.19152	1.49676	-0.71322	1.495
1.495	-0.75076	0.25514	1.49556	-0.72552	1.495
1.495	-0.74964	0.28386	1.49636	-0.72492	1.495
1.495	-0.75116	0.35942	1.49524	-0.7138	1.495
1.495	-0.751	0.34538	1.4958	-0.71564	1.495
1.495	-0.75	0.23846	1.4934	-0.7213	1.495
1.495	-0.7498	0.22034	1.496	-0.7202	1.495
1.495	-0.7506	0.23522	1.4948	-0.73242	1.495
1.495	-0.74934	0.28528	1.49536	-0.72442	1.495
1.495	-0.75016	0.30342	1.49576	-0.71448	1.495
1.495	-0.75004	0.28198	1.4942	-0.72434	1.495
1.495	-0.75122	0.25332	1.4954	-0.7216	1.495
1.495	-0.74984	0.2567	1.49616	-0.71986	1.495
1.495	-0.75044	0.22186	1.49616	-0.72926	1.495
1.495	-0.7497	0.17816	1.4954	-0.71548	1.495
1.495	-0.74988	0.25134	1.49624	-0.72292	1.495
1.495	-0.7502	0.31454	1.49616	-0.72668	1.495
1.495	-0.7486	0.2235	1.49568	-0.73246	1.495
1.495	-0.75042	0.27712	1.49524	-0.72682	1.495
1.495	-0.74932	0.29234	1.49536	-0.71996	1.495
1.495	-0.7508	0.25786	1.49572	-0.72204	1.495
1.495	-0.75064	0.26094	1.49564	-0.71994	1.495
1.495	-0.75062	0.21056	1.49568	-0.73098	1.495
1.495	-0.75036	0.27134	1.49628	-0.73006	1.495
1.495	-0.75094	0.24656	1.49608	-0.72738	1.495
1.495	-0.75092	0.2799	1.49548	-0.72208	1.495
1.495	-0.75028	0.23914	1.49532	-0.73158	1.495
1.495	-0.74992	0.2505	1.4948	-0.72288	1.495
1.495	-0.7506	0.31358	1.49584	-0.71292	1.495
1.495	-0.74978	0.23136	1.49464	-0.73136	1.495
1.495	-0.7505	0.28028	1.49492	-0.71148	1.495
1.495	-0.7509	0.29216	1.4952	-0.72934	1.495
1.495	-0.74952	0.23086	1.49568	-0.72554	1.495
1.495	-0.75002	0.22884	1.4948	-0.72806	1.495
1.495	-0.7511	0.25348	1.4944	-0.72214	1.495
1.495	-0.75084	0.23022	1.49508	-0.71822	1.495
1.495	-0.75088	0.34758	1.49584	-0.7183	1.495
1.495	-0.75182	0.29464	1.49644	-0.72308	1.495
1.495	-0.75138	0.23424	1.49732	-0.72608	1.495
1.495	-0.75028	0.24322	1.497	-0.7292	1.495
1.495	-0.75044	0.23234	1.49548	-0.71498	1.495
1.495	-0.74922	0.25764	1.49536	-0.72412	1.495
1.495	-0.75168	0.19366	1.49576	-0.7298	1.495
1.495	-0.75026	0.28904	1.4942	-0.71482	1.495
1.495	-0.751	0.26898	1.49464	-0.72226	1.495
1.495	-0.74992	0.26434	1.49644	-0.73074	1.495
1.495	-0.75004	0.22038	1.49504	-0.6934	1.495
1.495	-0.75122	0.23688	1.49652	-0.72064	1.495
1.495	-0.74962	0.21656	1.4944	-0.73024	1.495
1.495	-0.74878	0.24216	1.49556	-0.72712	1.495
1.495	-0.7494	0.23614	1.49608	-0.71766	1.495
1.495	-0.7509	0.30404	1.49548	-0.72524	1.495
1.495	-0.74942	0.26156	1.49664	-0.7229	1.495
1.495	-0.74868	0.21334	1.4968	-0.72492	1.495
1.495	-0.75068	0.26538	1.49604	-0.73228	1.495
1.495	-0.74894	0.28664	1.49564	-0.72606	1.495
1.495	-0.75004	0.3311	1.4962	-0.72022	1.495
1.495	-0.75054	0.2782	1.49448	-0.72654	1.495
1.495	-0.75088	0.3085	1.49604	-0.7162	1.495
1.495	-0.75062	0.20688	1.49612	-0.72354	1.495
1.495	-0.75136	0.32042	1.49596	-0.71578	1.495
1.495	-0.75016	0.29974	1.49492	-0.72828	1.495
1.495	-0.7519	0.32592	1.4938	-0.71274	1.495
1.495	-0.75054	0.26284	1.49528	-0.71602	1.495
1.495	-0.74954	0.28908	1.4954	-0.72166	1.495
1.495	-0.75016	0.22682	1.49636	-0.71898	1.495
1.495	-0.74968	0.21058	1.49504	-0.729	1.495
1.495	-0.7502	0.2185	1.4946	-0.7156	1.495
1.495	-0.75012	0.24918	1.49624	-0.72174	1.495
1.495	-0.75034	0.25596	1.49356	-0.72174	1.495
1.495	-0.75194	0.28244	1.49528	-0.72552	1.495
1.495	-0.75052	0.27178	1.49572	-0.7288	1.495
1.495	-0.75102	0.29148	1.49576	-0.72338	1.495
1.495	-0.75026	0.21616	1.49592	-0.72476	1.495
1.495	-0.75012	0.26526	1.49592	-0.72942	1.495
1.495	-0.75028	0.19458	1.49624	-0.71918	1.495
1.495	-0.75026	0.27068	1.49476	-0.72388	1.495
1.495	-0.75048	0.26826	1.49496	-0.7308	1.495
1.495	-0.75042	0.29456	1.49472	-0.7272	1.495
1.495	-0.75124	0.28426	1.49656	-0.72194	1.495
1.495	-0.75	0.2991	1.49484	-0.72398	1.495
1.495	-0.75024	0.25478	1.49444	-0.71922	1.495
1.495	-0.74876	0.24066	1.49688	-0.71514	1.495
1.495	-0.75042	0.243	1.49396	-0.7306	1.495
1.495	-0.7502	0.25234	1.4944	-0.72904	1.495
1.495	-0.7507	0.23152	1.49656	-0.72012	1.495
1.495	-0.75046	0.1818	1.49592	-0.7242	1.495
1.495	-0.75042	0.21772	1.49536	-0.72416	1.495
1.495	-0.74916	0.23938	1.4962	-0.73034	1.495
1.495	-0.74958	0.273	1.49552	-0.72788	1.495
1.495	-0.75044	0.2577	1.49596	-0.73334	1.495
1.495	-0.75116	0.21918	1.49452	-0.725	1.495
1.495	-0.74984	0.2621	1.49672	-0.7295	1.495
1.495	-0.75054	0.29064	1.4964	-0.72236	1.495
1.495	-0.75104	0.24434	1.49676	-0.72318	1.495
1.495	-0.75032	0.27074	1.49664	-0.72306	1.495
1.495	-0.75044	0.2901	1.49616	-0.72292	1.495
1.495	-0.74982	0.28928	1.4962	-0.72654	1.495
1.495	-0.75056	0.26446	1.49576	-0.72838	1.495
1.495	-0.75044	0.26558	1.49424	-0.72772	1.495
1.495	-0.75096	0.28242	1.49392	-0.73076	1.495
1.495	-0.7513	0.2378	1.49616	-0.71444	1.495
1.495	-0.7507	0.29088	1.49608	-0.72428	1.495
1.495	-0.74992	0.21486	1.49584	-0.71342	1.495
1.495	-0.74976	0.27006	1.49644	-0.72932	1.495
1.495	-0.75078	0.28012	1.49704	-0.72266	1.495
1.495	-0.75126	0.24728	1.49572	-0.72184	1.495
1.495	-0.74908	0.18402	1.49592	-0.71798	1.495
1.495	-0.74974	0.2628	1.49636	-0.71038	1.495
1.495	-0.74948	0.22398	1.49504	-0.7304	1.495
1.495	-0.75126	0.26112	1.49624	-0.72762	1.495
1.495	-0.75056	0.28878	1.49476	-0.72568	1.495
1.495	-0.7492	0.22694	1.49596	-0.72788	1.495
1.495	-0.7511	0.26472	1.49444	-0.73152	1.495
1.495	-0.7499	0.25476	1.49648	-0.7232	1.495
1.495	-0.75062	0.23256	1.49688	-0.72832	1.495
1.495	-0.74956	0.2231	1.4952	-0.7238	1.495
1.495	-0.74954	0.24668	1.49592	-0.71766	1.495
1.495	-0.75076	0.32994	1.49536	-0.72082	1.495
1.495	-0.75082	0.2714	1.49704	-0.7238	1.495
1.495	-0.75014	0.29816	1.49664	-0.72818	1.495
1.495	-0.75132	0.23662	1.49556	-0.72904	1.495
1.495	-0.7505	0.31212	1.49544	-0.71712	1.495
1.495	-0.74888	0.2115	1.49644	-0.72752	1.495
1.495	-0.75022	0.29192	1.49636	-0.72258	1.495
1.495	-0.74998	0.22296	1.4956	-0.7263	1.495
1.495	-0.75036	0.19338	1.49488	-0.72566	1.495
1.495	-0.74978	0.2324	1.49648	-0.72332	1.495
1.495	-0.75052	0.23198	1.49416	-0.7159	1.495
1.495	-0.75058	0.24216	1.49516	-0.72034	1.495
1.495	-0.75142	0.2746	1.4948	-0.72068	1.495
1.495	-0.75042	0.21048	1.49596	-0.72318	1.495
1.495	-0.75066	0.30596	1.49568	-0.7239	1.495
1.495	-0.74946	0.20124	1.4962	-0.72354	1.495
1.495	-0.75074	0.26264	1.495	-0.71894	1.495
1.495	-0.7498	0.27046	1.49564	-0.73112	1.495
1.495	-0.75012	0.2609	1.49528	-0.72622	1.495
1.495	-0.74902	0.30856	1.49428	-0.7221	1.495
1.495	-0.75008	0.28618	1.49424	-0.73538	1.495
1.495	-0.7503	0.29444	1.49424	-0.7142	1.495
1.495	-0.7502	0.32826	1.49624	-0.72508	1.495
1.495	-0.75106	0.28448	1.49644	-0.72268	1.495
1.495	-0.75018	0.29936	1.49652	-0.72408	1.495
1.495	-0.75076	0.26162	1.49616	-0.73074	1.495
1.495	-0.75018	0.3006	1.4968	-0.72198	1.495
1.495	-0.75074	0.236	1.49704	-0.7176	1.495
1.495	-0.75026	0.29248	1.49604	-0.72416	1.495
1.495	-0.75136	0.2687	1.49532	-0.72946	1.495
1.495	-0.75022	0.18208	1.49652	-0.72864	1.495
1.495	-0.75112	0.22922	1.49408	-0.72654	1.495
1.495	-0.75086	0.19492	1.49716	-0.73098	1.495
1.495	-0.75208	0.20538	1.49448	-0.72858	1.495
1.495	-0.74986	0.26292	1.4954	-0.73012	1.495
1.495	-0.75028	0.24998	1.49708	-0.71422	1.495
1.495	-0.75042	0.18676	1.49548	-0.72982	1.495
1.495	-0.75068	0.18314	1.49592	-0.72408	1.495
1.495	-0.74948	0.28606	1.49584	-0.72888	1.495
1.495	-0.75072	0.2099	1.49568	-0.71144	1.495
1.495	-0.75042	0.24952	1.49548	-0.71876	1.495
1.495	-0.74984	0.2399	1.4956	-0.72496	1.495
1.495	-0.74922	0.29616	1.49672	-0.72676	1.495
1.495	-0.74958	0.2268	1.49596	-0.71326	1.495
1.495	-0.7513	0.24188	1.49648	-0.717	1.495
1.495	-0.75022	0.17304	1.49652	-0.72534	1.495
1.495	-0.75026	0.22744	1.49564	-0.72472	1.495
1.495	-0.74966	0.23648	1.49492	-0.7273	1.495
1.495	-0.7507	0.20956	1.49496	-0.72842	1.495
1.495	-0.75106	0.2972	1.49656	-0.70834	1.495
1.495	-0.75072	0.24602	1.4956	-0.72472	1.495
1.495	-0.7504	0.27586	1.49652	-0.7234	1.495
1.495	-0.7517	0.34764	1.49628	-0.71302	1.495
1.495	-0.74882	0.13704	1.4948	-0.72094	1.495
1.495	-0.74972	0.23654	1.497	-0.71822	1.495
1.495	-0.75002	0.24832	1.49624	-0.72772	1.495
1.495	-0.74992	0.28266	1.49556	-0.7285	1.495
1.495	-0.7508	0.2055	1.4964	-0.72446	1.495
1.495	-0.75088	0.25478	1.49616	-0.71996	1.495
1.495	-0.75024	0.20626	1.49532	-0.72626	1.495
1.495	-0.75068	0.2061	1.49472	-0.71028	1.495
1.495	-0.75074	0.25184	1.49572	-0.72526	1.495
1.495	-0.75056	0.2913	1.49628	-0.72106	1.495
1.495	-0.75008	0.22918	1.49628	-0.72042	1.495
1.495	-0.74966	0.22904	1.49528	-0.7255	1.495
1.495	-0.7512	0.2441	1.4954	-0.72754	1.495
1.495	-0.76108	1.2241	1.48108	-0.71306	1.495
1.495	-0.76196	1.27798	1.47812	-0.71442	1.495
1.495	-0.7606	1.24682	1.48048	-0.70734	1.495
1.495	-0.74892	0.19642	1.49532	-0.7251	1.495
1.495	-0.74626	-0.772	1.47952	-0.72834	1.495
1.495	-0.75722	0.9142	1.4928	-0.72564	1.495
1.495	-0.74746	-0.59028	1.4888	-0.72758	1.495
1.495	-0.7602	1.21366	1.48348	-0.70974	1.495
1.495	-0.74708	-0.72694	1.48392	-0.74382	1.495
1.495	-0.7479	-0.2242	1.4942	-0.73318	1.495
1.495	-0.7462	-0.76806	1.48064	-0.74004	1.495
1.495	-0.74534	-0.89332	1.46944	-0.7117	1.495
1.495	-0.76082	1.2592	1.47904	-0.712	1.495
1.495	-0.76194	1.27516	1.47868	-0.7015	1.495
1.495	-0.76054	1.20692	1.48056	-0.6977	1.495
1.495	-0.76264	1.26238	1.4788	-0.70476	1.495
1.495	-0.76366	1.36788	1.47016	-0.69522	1.495
1.495	-0.76452	1.37158	1.46936	-0.66788	1.495
1.495	-0.74734	-0.28612	1.49664	-0.73616	1.495
1.495	-0.74482	-0.91428	1.46584	-0.64918	1.495
1.495	-0.74688	-0.85514	1.47524	-0.6839	1.495
1.495	-0.75812	1.19506	1.47972	-0.71056	1.495
1.495	-0.75622	0.81436	1.49152	-0.72042	1.495
1.495	-0.75344	0.56098	1.49588	-0.72526	1.495
1.495	-0.75702	0.98832	1.48928	-0.71866	1.495
1.495	-0.76062	1.24912	1.48104	-0.7116	1.495
1.495	-0.76572	1.47098	1.44968	-0.4584	1.495
1.495	-0.75126	0.52108	1.49472	-0.71878	1.495
1.495	-0.7583	1.07656	1.48684	-0.72186	1.495
1.495	-0.76124	1.2659	1.4808	-0.7142	1.495
1.495	-0.7473	-0.3818	1.49276	-0.7267	1.495
1.495	-0.75432	0.76098	1.49316	-0.70404	1.495
1.495	-0.74634	-0.8722	1.47428	-0.70476	1.495
1.495	-0.75786	1.14468	1.48664	-0.7024	1.495
1.495	-0.74736	-0.61322	1.48892	-0.73974	1.495
1.495	-0.76258	1.35332	1.46964	-0.67618	1.495
1.495	-0.7467	-0.47876	1.49016	-0.71802	1.495
1.495	-0.7582	1.1555	1.484	-0.72628	1.495
1.495	-0.76084	1.2743	1.47824	-0.69628	1.495
1.495	-0.7593	1.18132	1.48348	-0.70068	1.495
1.495	-0.74614	-0.69	1.48388	-0.72362	1.495
1.495	-0.7482	-0.23098	1.4916	-0.73748	1.495
1.495	-0.75674	0.97884	1.49	-0.7174	1.495
1.495	-0.75742	1.003	1.4914	-0.71238	1.495
1.495	-0.74764	-0.67166	1.48704	-0.75016	1.495
1.495	-0.75296	0.5767	1.49356	-0.71776	1.495
1.495	-0.76102	1.27344	1.48076	-0.70156	1.495
1.495	-0.76126	1.27984	1.47728	-0.6978	1.495
1.495	-0.74544	-0.85674	1.47096	-0.71554	1.495
1.495	-0.74612	-0.60782	1.48824	-0.738	1.495
1.495	-0.76194	1.31748	1.4742	-0.68742	1.495
1.495	-0.75918	1.18072	1.48208	-0.70952	1.495
1.495	-0.74614	-0.8564	1.47324	-0.70984	1.495
1.495	-0.75354	0.61632	1.4942	-0.72374	1.495
1.495	-0.76242	1.28948	1.4786	-0.68828	1.495
1.495	-0.74776	-0.50642	1.49096	-0.7398	1.495
1.495	-0.76184	1.25538	1.4816	-0.69438	1.495
1.495	-0.74614	-0.84568	1.47444	-0.71432	1.495
1.495	-0.7462	-0.8533	1.47244	-0.70956	1.495
1.495	-0.74736	-0.65818	1.48696	-0.74676	1.495
1.495	-0.75576	0.8033	1.49268	-0.709	1.495
1.495	-0.75768	1.03294	1.48944	-0.70454	1.495
1.495	-0.74792	-0.31834	1.4938	-0.72126	1.495
1.495	-0.75054	0.42292	1.49476	-0.71926	1.495
1.495	-0.7469	-0.79176	1.47824	-0.68824	1.495
1.495	-0.76076	1.20138	1.48124	-0.69096	1.495
1.495	-0.74712	-0.5227	1.4908	-0.7318	1.495
1.495	-0.75744	1.03074	1.48832	-0.71718	1.495
1.495	-0.74698	-0.62172	1.49012	-0.72312	1.495
1.495	-0.74774	-0.47052	1.491	-0.7392	1.495
1.495	-0.7468	-0.58874	1.48732	-0.73332	1.495
1.495	-0.75624	0.86562	1.49344	-0.71406	1.495
1.495	-0.7573	1.05668	1.48936	-0.71346	1.495
1.495	-0.75266	0.53304	1.49476	-0.7216	1.495
1.495	-0.75334	0.71332	1.49236	-0.71466	1.495
1.495	-0.7466	-0.53738	1.4894	-0.74588	1.495
1.495	-0.7619	1.2878	1.478	-0.69082	1.495
1.495	-0.74722	-0.5382	1.4902	-0.74598	1.495
1.495	-0.76414	1.36728	1.4676	-0.674	1.495
1.495	-0.7458	-0.84986	1.47584	-0.6768	1.495
1.495	-0.75462	0.79472	1.49332	-0.72322	1.495
1.495	-0.76088	1.2253	1.48196	-0.70036	1.495
1.495	-0.76216	1.28334	1.47736	-0.699	1.495
1.495	-0.74798	-0.6124	1.4894	-0.75076	1.495
1.495	-0.76026	1.24296	1.47764	-0.71274	1.495
1.495	-0.75718	1.08044	1.48512	-0.71562	1.495
1.495	-0.7467	-0.76952	1.48084	-0.7023	1.495
1.495	-0.74948	0.28726	1.4954	-0.72172	1.495
1.495	-0.74694	-0.4722	1.4882	-0.73522	1.495
1.495	-0.75498	0.73716	1.49336	-0.72528	1.495
1.495	-0.75866	1.09796	1.48544	-0.71236	1.495
1.495	-0.7465	-0.75388	1.48068	-0.7424	1.495
1.495	-0.7465	-0.74996	1.48368	-0.72852	1.495
1.495	-0.74862	-0.13396	1.4934	-0.72508	1.495
1.495	-0.75752	0.9349	1.49008	-0.72222	1.495
1.495	-0.74868	-0.14094	1.49596	-0.73524	1.495
1.495	-0.7666	1.4631	1.45336	-0.45812	1.495
1.495	-0.76268	1.31678	1.47556	-0.67602	1.495
1.495	-0.7453	-0.87564	1.46876	-0.69074	1.495
1.495	-0.7622	1.29394	1.4764	-0.68146	1.495
1.495	-0.74706	-0.63144	1.4844	-0.7387	1.495
1.495	-0.7449	-0.91104	1.46736	-0.53606	1.495
1.495	-0.7568	1.0671	1.48824	-0.70868	1.495
1.495	-0.73888	-0.97222	1.45204	-0.13518	1.495
1.495	-0.7618	1.30246	1.47504	-0.68428	1.495
1.495	-0.74682	-0.65276	1.4862	-0.74258	1.495
1.495	-0.7613	1.26152	1.48016	-0.71666	1.495
1.495	-0.75024	0.28574	1.49668	-0.72736	1.495
1.495	-0.74602	-0.83708	1.47568	-0.73472	1.495
1.495	-0.74754	-0.68004	1.48388	-0.7434	1.495
1.495	-0.74744	-0.7677	1.47968	-0.73752	1.495
1.495	-0.7474	-0.71762	1.48204	-0.72716	1.495
1.495	-0.76146	1.26488	1.4774	-0.7176	1.495
1.495	-0.7575	1.08788	1.48716	-0.7178	1.495
1.495	-0.76458	1.42256	1.46244	-0.608	1.495
1.495	-0.75372	0.71358	1.494	-0.71914	1.495
1.495	-0.74852	-0.23258	1.49328	-0.7316	1.495
1.495	-0.74692	-0.7127	1.48436	-0.71408	1.495
1.495	-0.75714	0.94196	1.49052	-0.71694	1.495
1.495	-0.74722	-0.5772	1.49	-0.7344	1.495
1.495	-0.75336	0.65814	1.49376	-0.71464	1.495
1.495	-0.76268	1.3029	1.4768	-0.67716	1.495
1.495	-0.76394	1.4164	1.4646	-0.60002	1.495
1.495	-0.7655	1.46696	1.44992	-0.4904	1.495
1.495	-0.76118	1.28052	1.4786	-0.6661	1.495
1.495	-0.74648	-0.79986	1.47652	-0.70814	1.495
1.495	-0.75898	1.06712	1.48852	-0.70818	1.495
1.495	-0.7582	0.98518	1.48972	-0.70306	1.495
1.495	-0.747	-0.41662	1.4944	-0.73274	1.495
1.495	-0.75694	0.99168	1.49032	-0.7221	1.495
1.495	-0.74662	-0.79492	1.47876	-0.71612	1.495
1.495	-0.749	-0.06902	1.49516	-0.7317	1.495
1.495	-0.7468	-0.63566	1.48752	-0.7358	1.495
1.495	-0.76334	1.33292	1.47268	-0.6996	1.495
1.495	-0.74752	-0.6189	1.48876	-0.74232	1.495
1.495	-0.75862	1.08052	1.484	-0.71998	1.495
1.495	-0.74936	-0.30214	1.49428	-0.7277	1.495
1.495	-0.74618	-0.86988	1.47148	-0.69694	1.495
1.495	-0.74754	-0.82932	1.47568	-0.6827	1.495
1.495	-0.74732	-0.34554	1.49424	-0.7328	1.495
1.495	-0.7464	-0.69578	1.48544	-0.75236	1.495
1.495	-0.74838	0.07068	1.49584	-0.71532	1.495
1.495	-0.74694	-0.69792	1.48456	-0.73472	1.495
1.495	-0.76204	1.25894	1.4776	-0.71624	1.495
1.495	-0.7659	1.4176	1.46432	-0.62436	1.495
1.495	-0.76086	1.26684	1.478	-0.71952	1.495
1.495	-0.7476	-0.68254	1.4854	-0.74594	1.495
1.495	-0.75728	0.98538	1.49088	-0.70418	1.495
1.495	-0.74842	-0.21384	1.49432	-0.72734	1.495
1.495	-0.76158	1.21396	1.47916	-0.71418	1.495
1.495	-0.74676	-0.88638	1.46996	-0.67562	1.495
1.495	-0.75968	1.19438	1.48268	-0.70358	1.495
1.495	-0.75374	0.62284	1.4944	-0.72688	1.495
1.495	-0.74602	-0.64124	1.485	-0.7316	1.495
1.495	-0.74708	-0.6795	1.4862	-0.73154	1.495
1.495	-0.75056	0.25854	1.49596	-0.7164	1.495
1.495	-0.75434	0.77664	1.49456	-0.72472	1.495
1.495	-0.74618	-0.85312	1.47288	-0.69962	1.495
1.495	-0.74788	-0.77262	1.4808	-0.67128	1.495
1.495	-0.74788	-0.65086	1.48644	-0.73018	1.495
1.495	-0.74512	-0.89214	1.46752	-0.64554	1.495
1.495	-0.74794	-0.34212	1.4914	-0.73538	1.495
1.495	-0.76094	1.22536	1.4808	-0.68882	1.495
1.495	-0.74622	-0.7622	1.48108	-0.73094	1.495
1.495	-0.74574	-0.90068	1.46908	-0.64058	1.495
1.495	-0.7584	1.09322	1.48756	-0.7128	1.495
1.495	-0.76064	1.26142	1.47972	-0.70912	1.495
1.495	-0.74762	-0.1814	1.49388	-0.73728	1.495
1.495	-0.74546	-0.89456	1.46872	-0.66244	1.495
1.495	-0.74734	-0.5788	1.4884	-0.72558	1.495
1.495	-0.76594	1.47404	1.44896	-0.34216	1.495
1.495	-0.74732	-0.72802	1.4814	-0.71644	1.495
1.495	-0.7465	-0.79488	1.481	-0.71316	1.495
1.495	-0.74634	-0.69404	1.48472	-0.74916	1.495
1.495	-0.76244	1.33938	1.47368	-0.6566	1.495
1.495	-0.76292	1.36926	1.47012	-0.69012	1.495
1.495	-0.7489	0.0286	1.4962	-0.7307	1.495
1.495	-0.74736	-0.6029	1.48768	-0.73612	1.495
1.495	-0.7462	-0.78742	1.47864	-0.709	1.495
1.495	-0.7482	-0.23006	1.49416	-0.74054	1.495
1.495	-0.7492	-0.20802	1.49372	-0.73302	1.495
1.495	-0.74826	-0.5068	1.49112	-0.74086	1.495
1.495	-0.75072	0.46934	1.49444	-0.71602	1.495
1.495	-0.76068	1.2627	1.47916	-0.7123	1.495
1.495	-0.75068	0.43394	1.4944	-0.72842	1.495
1.495	-0.74808	-0.70342	1.48396	-0.74882	1.495
1.495	-0.74754	-0.4778	1.49472	-0.74614	1.495
1.495	-0.7466	-0.8271	1.47624	-0.70256	1.495
1.495	-0.7466	-0.76326	1.48344	-0.73	1.495
1.495	-0.74668	-0.7817	1.48192	-0.69966	1.495
1.495	-0.74678	-0.72864	1.48256	-0.69338	1.495
1.495	-0.76006	1.2346	1.48068	-0.72512	1.495
1.495	-0.74786	-0.14456	1.49596	-0.73756	1.495
1.495	-0.7624	1.3333	1.47416	-0.66208	1.495
1.495	-0.75994	1.19208	1.48288	-0.6826	1.495
1.495	-0.76064	1.20658	1.48368	-0.70748	1.495
1.495	-0.76404	1.3887	1.46804	-0.64252	1.495
1.495	-0.76036	1.24958	1.47836	-0.70722	1.495
1.495	-0.76092	1.29066	1.4752	-0.66368	1.495
1.495	-0.74656	-0.85318	1.47612	-0.65792	1.495
1.495	-0.76458	1.38788	1.4684	-0.62356	1.495
1.495	-0.7661	1.46464	1.45316	-0.4607	1.495
1.495	-0.76358	1.34164	1.473	-0.67966	1.495
1.495	-0.75056	0.36842	1.49656	-0.71614	1.495
1.495	-0.7476	-0.42418	1.49368	-0.7446	1.495
1.495	-0.74736	-0.33094	1.49448	-0.72708	1.495
1.495	-0.74752	-0.62318	1.48568	-0.74096	1.495
1.495	-0.7516	0.50518	1.49452	-0.7238	1.495
1.495	-0.7473	-0.81244	1.48012	-0.71334	1.495
1.495	-0.7531	0.67124	1.49384	-0.72124	1.495
1.495	-0.7452	-0.86578	1.4712	-0.72776	1.495
1.495	-0.75902	1.17512	1.48468	-0.7158	1.495
1.495	-0.7595	1.12524	1.48536	-0.71196	1.495
1.495	-0.75128	0.4527	1.49652	-0.7225	1.495
1.495	-0.75952	1.07414	1.48612	-0.72234	1.495
1.495	-0.75438	0.74416	1.4934	-0.72184	1.495
1.495	-0.75656	0.91414	1.49112	-0.71808	1.495
1.495	-0.74604	-0.87818	1.47356	-0.67706	1.495
1.495	-0.75192	0.42882	1.49496	-0.71616	1.495
1.495	-0.75704	0.98122	1.4914	-0.72412	1.495
1.495	-0.75522	0.71436	1.4946	-0.71506	1.495
1.495	-0.76184	1.3047	1.47448	-0.6952	1.495
1.495	-0.74638	-0.62032	1.48712	-0.72814	1.495
1.495	-0.7462	-0.80926	1.47688	-0.70672	1.495
1.495	-0.76402	1.35968	1.47288	-0.65004	1.495
1.495	-0.74676	-0.71402	1.48664	-0.71548	1.495
1.495	-0.75366	0.5726	1.49408	-0.71786	1.495
1.495	-0.74732	-0.6849	1.48412	-0.69512	1.495
1.495	-0.74772	-0.60114	1.49028	-0.73768	1.495
1.495	-0.74678	-0.8328	1.47644	-0.63712	1.495
1.495	-0.74506	-0.87696	1.47028	-0.70092	1.495
1.495	-0.7487	-0.18568	1.49364	-0.73788	1.495
1.495	-0.75068	0.45582	1.4966	-0.71922	1.495
1.495	-0.75538	0.84544	1.49224	-0.71862	1.495
1.495	-0.75054	0.37636	1.49368	-0.71726	1.495
1.495	-0.76206	1.26692	1.47644	-0.70492	1.495
1.495	-0.76058	1.16436	1.48396	-0.71102	1.495
1.495	-0.76018	1.25716	1.47984	-0.71058	1.495
1.495	-0.74684	-0.56738	1.48676	-0.74196	1.495
1.495	-0.74564	-0.83302	1.47612	-0.7108	1.495
1.495	-0.74652	-0.78358	1.48068	-0.71976	1.495
1.495	-0.74708	-0.69782	1.4866	-0.74962	1.495
1.495	-0.76034	1.12296	1.48448	-0.7187	1.495
1.495	-0.7476	-0.67906	1.48444	-0.7487	1.495
1.495	-0.76234	1.3086	1.4742	-0.65608	1.495
1.495	-0.74764	-0.0885	1.49464	-0.73814	1.495
1.495	-0.76084	1.23486	1.48056	-0.69278	1.495
1.495	-0.74756	-0.17906	1.49456	-0.73842	1.495
1.495	-0.75004	0.18902	1.4958	-0.72474	1.495
1.495	-0.74812	-0.50902	1.49408	-0.72096	1.495
1.495	-0.75998	1.16772	1.48196	-0.72078	1.495
1.495	-0.74738	-0.5466	1.49276	-0.73046	1.495
1.495	-0.76112	1.26334	1.4786	-0.69468	1.495
1.495	-0.7467	-0.64396	1.4846	-0.73388	1.495
1.495	-0.7458	-0.84422	1.4732	-0.72664	1.495
1.495	-0.76294	1.35008	1.47244	-0.6528	1.495
1.495	-0.76148	1.27258	1.48068	-0.69864	1.495
1.495	-0.74666	-0.88432	1.46988	-0.66072	1.495
1.495	-0.74572	-0.82786	1.4774	-0.68296	1.495
1.495	-0.76304	1.36526	1.46912	-0.64946	1.495
1.495	-0.74618	-0.78776	1.4786	-0.71806	1.495
1.495	-0.74738	-0.66128	1.48564	-0.73046	1.495
1.495	-0.76068	1.2187	1.48096	-0.71218	1.495
1.495	-0.74882	0.02072	1.49452	-0.7334	1.495
1.495	-0.74782	-0.17944	1.49412	-0.7337	1.495
1.495	-0.76312	1.36706	1.47136	-0.66762	1.495
1.495	-0.76044	1.16386	1.48208	-0.7136	1.495
1.495	-0.74674	-0.79528	1.48024	-0.72536	1.495
1.495	-0.76518	1.41304	1.46368	-0.62592	1.495
1.495	-0.74764	-0.58118	1.48756	-0.71858	1.495
1.495	-0.76352	1.39166	1.46792	-0.6549	1.495
1.495	-0.74724	-0.39786	1.49408	-0.74144	1.495
1.495	-0.75686	0.88788	1.49056	-0.70586	1.495
1.495	-0.74688	-0.7517	1.4824	-0.72656	1.495
1.495	-0.75604	0.95526	1.49088	-0.71686	1.495
1.495	-0.74836	0.14042	1.4944	-0.72642	1.495
1.495	-0.75434	0.69796	1.4938	-0.71614	1.495
1.495	-0.7628	1.32114	1.47476	-0.69486	1.495
1.495	-0.75956	1.08702	1.48948	-0.72358	1.495
1.495	-0.75304	0.73986	1.49344	-0.71734	1.495
1.495	-0.76058	1.20728	1.48032	-0.70304	1.495
1.495	-0.74718	-0.758	1.48076	-0.74616	1.495
1.495	-0.74664	-0.74778	1.48112	-0.7242	1.495
1.495	-0.7474	-0.63706	1.48664	-0.74326	1.495
1.495	-0.748	-0.30806	1.4926	-0.73098	1.495
1.495	-0.75758	1.07476	1.49176	-0.70638	1.495
1.495	-0.74648	-0.53366	1.49204	-0.74208	1.495
1.495	-0.74566	-0.76	1.48192	-0.739	1.495
1.495	-0.76362	1.32176	1.47516	-0.7143	1.495
1.495	-0.74706	-0.58468	1.4896	-0.72098	1.495
1.495	-0.74636	-0.66606	1.48372	-0.7359	1.495
1.495	-0.74704	-0.69002	1.48524	-0.74204	1.495
1.495	-0.7567	1.01216	1.48988	-0.72726	1.495
1.495	-0.75648	0.96354	1.48804	-0.71864	1.495
1.495	-0.75348	0.62238	1.49328	-0.71996	1.495
1.495	-0.76138	1.30824	1.4748	-0.68832	1.495
1.495	-0.76338	1.32028	1.47492	-0.66882	1.495
1.495	-0.76006	1.19588	1.4852	-0.71178	1.495
1.495	-0.7641	1.37688	1.46748	-0.69442	1.495
1.495	-0.74724	-0.58106	1.48868	-0.73924	1.495
1.495	-0.75008	0.1307	1.49476	-0.72148	1.495
1.495	-0.74674	-0.66464	1.48332	-0.72612	1.495
1.495	-0.74654	-0.78016	1.48196	-0.7399	1.495
1.495	-0.74712	-0.62554	1.48652	-0.7275	1.495
1.495	-0.74908	-0.01278	1.4956	-0.72334	1.495
1.495	-0.74784	-0.75726	1.48196	-0.70714	1.495
1.495	-0.74684	-0.80574	1.47844	-0.69834	1.495
1.495	-0.76436	1.40262	1.46592	-0.63994	1.495
1.495	-0.7475	-0.28448	1.49424	-0.72924	1.495
1.495	-0.74742	-0.19304	1.4948	-0.73866	1.495
1.495	-0.7612	1.2261	1.48156	-0.71916	1.495
1.495	-0.75818	1.13496	1.48388	-0.72458	1.495
1.495	-0.76198	1.23088	1.4806	-0.69914	1.495
1.495	-0.76088	1.22302	1.48068	-0.70978	1.495
1.495	-0.76086	1.2322	1.47976	-0.71404	1.495
1.495	-0.74696	-0.5931	1.48976	-0.72302	1.495
1.495	-0.74658	-0.7274	1.48256	-0.73976	1.495
1.495	-0.74772	-0.64266	1.48512	-0.71126	1.495
1.495	-0.76432	1.37982	1.4684	-0.67364	1.495
1.495	-0.7468	-0.57314	1.4892	-0.74424	1.495
1.495	-0.75226	0.5242	1.49612	-0.7095	1.495
1.495	-0.74708	-0.73314	1.48248	-0.74258	1.495
1.495	-0.763	1.31906	1.47348	-0.67048	1.495
1.495	-0.75976	1.19182	1.48432	-0.71916	1.495
1.495	-0.76154	1.2684	1.48168	-0.69448	1.495
1.495	-0.762	1.31902	1.47668	-0.70566	1.495
1.495	-0.74702	-0.43428	1.49192	-0.74562	1.495
1.495	-0.74758	-0.80464	1.4794	-0.73234	1.495
1.495	-0.74968	0.37802	1.49568	-0.72492	1.495
1.495	-0.76064	1.25262	1.48264	-0.70138	1.495
1.495	-0.76064	1.23194	1.4774	-0.69094	1.495
1.495	-0.75412	0.67006	1.49432	-0.72518	1.495
1.495	-0.75848	1.13702	1.48232	-0.71424	1.495
1.495	-0.75842	1.02816	1.48912	-0.7233	1.495
1.495	-0.75502	0.8386	1.4918	-0.71976	1.495
1.495	-0.76412	1.39038	1.46796	-0.6759	1.495
1.495	-0.74214	-0.9432	1.46108	-0.47452	1.495
1.495	-0.74572	-0.86338	1.47164	-0.69804	1.495
1.495	-0.75986	1.219	1.48228	-0.72824	1.495
1.495	-0.74624	-0.86462	1.4736	-0.70186	1.495
1.495	-0.74654	-0.69484	1.48508	-0.69154	1.495
1.495	-0.76086	1.25436	1.47976	-0.71286	1.495
1.495	-0.74728	-0.83298	1.47556	-0.70118	1.495
1.495	-0.74614	-0.7084	1.48424	-0.7256	1.495
1.495	-0.7635	1.30112	1.4764	-0.68638	1.495
1.495	-0.75612	0.88518	1.49088	-0.72262	1.495
1.495	-0.7621	1.26524	1.47916	-0.6985	1.495
1.495	-0.74746	-0.6916	1.48616	-0.72958	1.495
1.495	-0.75572	0.9371	1.49096	-0.72768	1.495
1.495	-0.76294	1.36664	1.47116	-0.67042	1.495
1.495	-0.7489	0.03912	1.49628	-0.73208	1.495
1.495	-0.7635	1.36532	1.47128	-0.66566	1.495
1.495	-0.74918	-0.05948	1.49696	-0.72888	1.495
1.495	-0.7472	-0.67646	1.48416	-0.75278	1.495
1.495	-0.7611	1.28944	1.47868	-0.68954	1.495
1.495	-0.75132	0.49766	1.49404	-0.71632	1.495
1.495	-0.74734	-0.67416	1.48432	-0.74528	1.495
1.495	-0.74824	-0.3207	1.4952	-0.73938	1.495
1.495	-0.76254	1.30068	1.47756	-0.69256	1.495
1.495	-0.74524	-0.8883	1.46884	-0.6605	1.495
1.495	-0.75364	0.60658	1.49568	-0.72098	1.495
1.495	-0.75774	1.07812	1.48608	-0.7181	1.495
1.495	-0.75756	1.04414	1.487	-0.72618	1.495
1.495	-0.74776	-0.46526	1.49228	-0.7473	1.495
1.495	-0.7472	-0.6453	1.49048	-0.73106	1.495
1.495	-0.74878	-0.14244	1.49408	-0.73102	1.495
1.495	-0.75834	1.04184	1.48796	-0.70252	1.495
1.495	-0.74666	-0.65652	1.48668	-0.73634	1.495
1.495	-0.7471	-0.3764	1.49596	-0.73984	1.495
1.495	-0.7438	-0.92658	1.46568	-0.5748	1.495
1.495	-0.7634	1.33686	1.47208	-0.71516	1.495
1.495	-0.74434	-0.92684	1.464	-0.5872	1.495
1.495	-0.76174	1.25524	1.48008	-0.71452	1.495
1.495	-0.7462	-0.90622	1.46792	-0.6334	1.495
1.495	-0.74702	-0.53084	1.49156	-0.7239	1.495
1.495	-0.75022	0.41296	1.49564	-0.72584	1.495
1.495	-0.74426	-0.923	1.46452	-0.60356	1.495
1.495	-0.75682	0.899	1.4922	-0.72956	1.495
1.495	-0.76468	1.4021	1.46404	-0.60938	1.495
1.495	-0.76268	1.32674	1.47272	-0.69686	1.495
1.495	-0.7467	-0.7362	1.48088	-0.73686	1.495
1.495	-0.76304	1.39378	1.466	-0.68886	1.495
1.495	-0.7506	0.35454	1.49572	-0.7266	1.495
1.495	-0.74994	0.17012	1.49608	-0.72552	1.495
1.495	-0.74742	-0.6952	1.48512	-0.71936	1.495
1.495	-0.74796	-0.06038	1.49344	-0.72866	1.495
1.495	-0.74598	-0.89268	1.46812	-0.68522	1.495
1.495	-0.76194	1.26312	1.48032	-0.68758	1.495
1.495	-0.74692	-0.5207	1.49176	-0.73846	1.495
1.495	-0.76594	1.47472	1.44856	-0.37682	1.495
1.495	-0.74666	-0.54292	1.49096	-0.73502	1.495
1.495	-0.74452	-0.91634	1.46472	-0.59342	1.495
1.495	-0.74676	-0.69282	1.48616	-0.7332	1.495
1.495	-0.7453	-0.91392	1.46412	-0.63256	1.495
1.495	-0.74686	-0.65188	1.48488	-0.75772	1.495
1.495	-0.76208	1.28202	1.47744	-0.6895	1.495
1.495	-0.7625	1.3376	1.47252	-0.69182	1.495
1.495	-0.74756	-0.2761	1.49324	-0.73516	1.495
1.495	-0.76208	1.33918	1.47364	-0.70208	1.495
1.495	-0.76298	1.291	1.47736	-0.69134	1.495
1.495	-0.76346	1.37028	1.47	-0.66114	1.495
1.495	-0.74716	-0.58346	1.49224	-0.72938	1.495
1.495	-0.74756	-0.51026	1.48928	-0.74928	1.495
1.495	-0.74832	-0.0697	1.49544	-0.72434	1.495
1.495	-0.7477	-0.7324	1.48056	-0.73152	1.495
1.495	-0.7487	-0.53648	1.4918	-0.7392	1.495
1.495	-0.761	1.1999	1.48424	-0.69648	1.495
1.495	-0.76312	1.33874	1.47292	-0.69874	1.495
1.495	-0.76294	1.35228	1.47084	-0.68804	1.495
1.495	-0.76388	1.35674	1.47224	-0.72262	1.495
1.495	-0.74692	-0.5359	1.49108	-0.72602	1.495
1.495	-0.74598	-0.91008	1.46724	-0.65558	1.495
1.495	-0.74814	-0.2316	1.49404	-0.74096	1.495
1.495	-0.75804	1.06314	1.4894	-0.71842	1.495
1.495	-0.74856	0.24218	1.49624	-0.7278	1.495
1.495	-0.74902	-0.32064	1.4946	-0.7289	1.495
1.495	-0.7606	1.29246	1.47616	-0.70008	1.495
1.495	-0.76416	1.39674	1.46472	-0.60926	1.495
1.495	-0.76146	1.23652	1.48008	-0.72822	1.495
1.495	-0.74718	-0.7556	1.48124	-0.70448	1.495
1.495	-0.76202	1.30484	1.47564	-0.70942	1.495
1.495	-0.75706	1.04052	1.48776	-0.72118	1.495
1.495	-0.74616	-0.86306	1.47108	-0.67054	1.495
1.495	-0.7599	1.10972	1.48536	-0.70992	1.495
1.495	-0.7467	-0.5358	1.48904	-0.72006	1.495
1.495	-0.76578	1.45904	1.45508	-0.49768	1.495
1.495	-0.74642	-0.66412	1.4856	-0.73402	1.495
1.495	-0.7591	1.06644	1.48652	-0.72226	1.495
1.495	-0.76374	1.3332	1.47168	-0.69874	1.495
1.495	-0.74822	-0.3622	1.49492	-0.73298	1.495
1.495	-0.7471	-0.7078	1.48308	-0.75306	1.495
1.495	-0.74748	-0.8169	1.4778	-0.72842	1.495
1.495	-0.74728	-0.65142	1.4884	-0.73946	1.495
1.495	-0.74782	-0.47224	1.4894	-0.73522	1.495
1.495	-0.75838	1.0606	1.48704	-0.71918	1.495
1.495	-0.76318	1.33672	1.47312	-0.678	1.495
1.495	-0.7487	-0.21148	1.49468	-0.7229	1.495
1.495	-0.75998	1.18748	1.4828	-0.70996	1.495
1.495	-0.75984	1.1975	1.48128	-0.67846	1.495
1.495	-0.747	-0.73662	1.48232	-0.71312	1.495
1.495	-0.75436	0.60714	1.49432	-0.72266	1.495
1.495	-0.76082	1.2706	1.47756	-0.6477	1.495
1.495	-0.76542	1.41736	1.4636	-0.6475	1.495
1.495	-0.74666	-0.72388	1.48308	-0.71972	1.495
1.495	-0.7628	1.35946	1.4714	-0.6805	1.495
1.495	-0.74716	-0.4495	1.49724	-0.72534	1.495
1.495	-0.7462	-0.81422	1.47932	-0.7171	1.495
1.495	-0.76378	1.3744	1.46836	-0.6646	1.495
1.495	-0.7542	0.71662	1.49468	-0.72202	1.495
1.495	-0.74696	-0.56282	1.48912	-0.74586	1.495
1.495	-0.74744	0.19086	1.49192	-0.73356	1.495
1.495	-0.75012	0.23818	1.4958	-0.72554	1.495
1.495	-0.75618	0.56504	1.4908	-0.7122	1.495
1.495	-0.74706	-0.67348	1.48396	-0.76464	1.495
1.495	-0.75004	0.3221	1.49524	-0.72218	1.495
1.495	-0.75012	0.24322	1.49472	-0.71064	1.495
1.495	-0.74774	-0.5034	1.49164	-0.71108	1.495
1.495	-0.7475	-0.29956	1.49228	-0.74508	1.495
1.495	-0.75302	0.83352	1.49072	-0.7137	1.495
1.495	-0.75098	0.20008	1.49384	-0.72382	1.495
1.495	-0.75212	0.57546	1.4942	-0.71644	1.495
1.495	-0.74854	-0.53684	1.47796	-0.70072	1.495
1.495	-0.74242	-0.83944	1.45988	-0.27464	1.495
1.495	-0.75984	0.57054	1.48776	-0.72428	1.495
1.495	-0.74634	-0.74468	1.4814	-0.73942	1.495
1.495	-0.75994	0.9714	1.48864	-0.7179	1.495
1.495	-0.7544	1.12574	1.48048	-0.71458	1.495
1.495	-0.75252	0.22574	1.49636	-0.73002	1.495
1.495	-0.76112	1.05558	1.48572	-0.69852	1.495
1.495	-0.75056	0.32186	1.49476	-0.73098	1.495
1.495	-0.75128	0.03382	1.49448	-0.72322	1.495
1.495	-0.74748	-0.64414	1.48264	-0.70414	1.495
1.495	-0.75046	0.28856	1.49536	-0.71712	1.495
1.495	-0.74602	-0.6388	1.4856	-0.75294	1.495
1.495	-0.74718	-0.36636	1.49568	-0.74014	1.495
1.495	-0.75196	0.31682	1.49608	-0.71578	1.495
1.495	-0.74708	-0.65774	1.48364	-0.74938	1.495
1.495	-0.75186	0.85284	1.49152	-0.72042	1.495
1.495	-0.74734	-0.08596	1.49272	-0.73146	1.495
1.495	-0.74916	0.1207	1.49568	-0.72852	1.495
1.495	-0.75268	0.31814	1.49572	-0.72	1.495
1.495	-0.74914	0.52404	1.49284	-0.71894	1.495
1.495	-0.74886	0.50604	1.4934	-0.7105	1.495
1.495	-0.748	-0.60214	1.4826	-0.73304	1.495
1.495	-0.74798	-0.4836	1.49148	-0.74264	1.495
1.495	-0.75464	0.89354	1.49156	-0.71506	1.495
1.495	-0.75282	0.78364	1.49348	-0.7137	1.495
1.495	-0.76354	0.86904	1.48152	-0.72096	1.495
1.495	-0.74664	-0.34898	1.4942	-0.73116	1.495
1.495	-0.75234	0.42976	1.4954	-0.72408	1.495
1.495	-0.7553	1.12444	1.4854	-0.70368	1.495
1.495	-0.74748	-0.38306	1.49068	-0.73318	1.495
1.495	-0.75764	0.08634	1.48176	-0.712	1.495
1.495	-0.75658	1.1424	1.48528	-0.7196	1.495
1.495	-0.74688	-0.65966	1.48584	-0.74574	1.495
1.495	-0.74944	-0.13274	1.49656	-0.73314	1.495
1.495	-0.748	-0.11434	1.49332	-0.74166	1.495
1.495	-0.7548	1.04266	1.49128	-0.71342	1.495
1.495	-0.75146	0.30056	1.4958	-0.71632	1.495
1.495	-0.75138	-0.15316	1.49128	-0.71042	1.495
1.495	-0.74738	-0.43132	1.49308	-0.72812	1.495
1.495	-0.75174	0.74988	1.49432	-0.71248	1.495
1.495	-0.7618	0.66582	1.48696	-0.71946	1.495
1.495	-0.74664	-0.67038	1.48388	-0.7482	1.495
1.495	-0.74658	-0.3226	1.492	-0.74118	1.495
1.495	-0.7509	0.28608	1.4962	-0.7248	1.495
1.495	-0.7537	0.5982	1.49516	-0.7137	1.495
1.495	-0.74634	-0.6826	1.4808	-0.66508	1.495
1.495	-0.75494	0.32272	1.49308	-0.73338	1.495
1.495	-0.74826	-0.50108	1.48628	-0.71412	1.495
1.495	-0.74678	-0.64608	1.48	-0.6341	1.495
1.495	-0.74858	0.37252	1.4914	-0.72728	1.495
1.495	-0.75728	0.84186	1.49192	-0.72336	1.495
1.495	-0.74666	-0.72504	1.47972	-0.67894	1.495
1.495	-0.75316	0.8749	1.49372	-0.71152	1.495
1.495	-0.75084	0.25518	1.4954	-0.70486	1.495
1.495	-0.7538	0.68966	1.49292	-0.71306	1.495
1.495	-0.74684	0.0855	1.49444	-0.72168	1.495
1.495	-0.75112	0.36798	1.49436	-0.73152	1.495
1.495	-0.7465	-0.6282	1.48288	-0.73458	1.495
1.495	-0.74784	-0.47518	1.48908	-0.73548	1.495
1.495	-0.7466	-0.8443	1.47232	-0.71304	1.495
1.495	-0.76362	1.1262	1.47908	-0.71424	1.495
1.495	-0.7636	1.2959	1.47184	-0.69554	1.495
1.495	-0.75838	0.77492	1.49208	-0.71574	1.495
1.495	-0.76346	1.08084	1.48256	-0.7024	1.495
1.495	-0.75022	-0.01568	1.49608	-0.72898	1.495
1.495	-0.7456	-0.76314	1.47968	-0.68456	1.495
1.495	-0.75186	0.51032	1.49348	-0.72	1.495
1.495	-0.7555	1.01848	1.4902	-0.7288	1.495
1.495	-0.75134	0.06488	1.49704	-0.71668	1.495
1.495	-0.75388	1.0789	1.48236	-0.72006	1.495
1.495	-0.74854	-0.37192	1.49076	-0.72372	1.495
1.495	-0.74806	-0.30948	1.49532	-0.72964	1.495
1.495	-0.76334	1.10496	1.47856	-0.71118	1.495
1.495	-0.74734	-0.62336	1.49	-0.7517	1.495
1.495	-0.75632	0.43586	1.49304	-0.71656	1.495
1.495	-0.74776	-0.14834	1.49044	-0.71832	1.495
1.495	-0.75964	0.92482	1.4862	-0.71672	1.495
1.495	-0.7465	-0.50808	1.4894	-0.74314	1.495
1.495	-0.75228	0.93006	1.48596	-0.71462	1.495
1.495	-0.75218	0.72896	1.49252	-0.71586	1.495
1.495	-0.7602	0.47338	1.49132	-0.7147	1.495
1.495	-0.7645	1.31948	1.4722	-0.709	1.495
1.495	-0.75002	0.16896	1.49616	-0.71976	1.495
1.495	-0.75676	0.5441	1.49208	-0.72512	1.495
1.495	-0.74874	-0.11744	1.49436	-0.73282	1.495
1.495	-0.75418	1.07984	1.48536	-0.72594	1.495
1.495	-0.75896	0.9383	1.48756	-0.71296	1.495
1.495	-0.74552	-0.81078	1.47408	-0.65892	1.495
1.495	-0.7467	-0.50132	1.49008	-0.74242	1.495
1.495	-0.75458	1.041	1.48728	-0.71248	1.495
1.495	-0.74654	-0.50632	1.48652	-0.74456	1.495
1.495	-0.76022	0.90456	1.48532	-0.71878	1.495
1.495	-0.74728	-0.73378	1.47916	-0.73798	1.495
1.495	-0.7502	-0.14546	1.49272	-0.7164	1.495
1.495	-0.74684	-0.65314	1.48764	-0.72552	1.495
1.495	-0.7474	-0.45194	1.48656	-0.75148	1.495
1.495	-0.74838	-0.3878	1.49008	-0.72914	1.495
1.495	-0.74754	0.0396	1.49368	-0.7254	1.495
1.495	-0.74832	0.51494	1.4848	-0.71068	1.495
1.495	-0.75078	0.01852	1.49532	-0.7328	1.495
1.495	-0.74688	-0.50002	1.48752	-0.74826	1.495
1.495	-0.76468	1.14346	1.47652	-0.71604	1.495
1.495	-0.74964	-0.18978	1.49056	-0.72304	1.495
1.495	-0.75842	0.58036	1.49252	-0.72848	1.495
1.495	-0.74714	-0.61144	1.48376	-0.69138	1.495
1.495	-0.74826	-0.49528	1.48384	-0.67886	1.495
1.495	-0.75026	0.0756	1.49608	-0.73054	1.495
1.495	-0.74792	-0.17774	1.4926	-0.73728	1.495
1.495	-0.7501	0.2598	1.49452	-0.71908	1.495
1.495	-0.74644	-0.42378	1.488	-0.74284	1.495
1.495	-0.75898	0.7896	1.49176	-0.71516	1.495
1.495	-0.75256	0.4737	1.49504	-0.71948	1.495
1.495	-0.74528	-0.55014	1.47712	-0.71918	1.495
1.495	-0.75734	0.8056	1.49236	-0.71914	1.495
1.495	-0.763	0.9259	1.48288	-0.71826	1.495
1.495	-0.7554	1.05234	1.48732	-0.71994	1.495
1.495	-0.74396	-0.87218	1.46816	-0.54542	1.495
1.495	-0.74744	-0.52286	1.48716	-0.7398	1.495
1.495	-0.74888	0.68538	1.49008	-0.7153	1.495
1.495	-0.74924	0.54614	1.49568	-0.7212	1.495
1.495	-0.74858	-0.36476	1.48544	-0.7238	1.495
1.495	-0.74788	-0.31654	1.48988	-0.74168	1.495
1.495	-0.74882	-0.43508	1.4838	-0.65346	1.495
1.495	-0.75196	0.36898	1.49476	-0.7248	1.495
1.495	-0.74754	-0.22472	1.49336	-0.74154	1.495
1.495	-0.75042	0.16068	1.49628	-0.72982	1.495
1.495	-0.74752	-0.39818	1.49304	-0.73208	1.495
1.495	-0.75828	0.75406	1.48848	-0.71812	1.495
1.495	-0.75558	0.63796	1.49352	-0.71348	1.495
1.495	-0.76046	1.0728	1.48336	-0.7097	1.495
1.495	-0.74826	0.14952	1.49496	-0.72994	1.495
1.495	-0.74886	-0.0146	1.49616	-0.72974	1.495
1.495	-0.74652	-0.3797	1.4946	-0.74384	1.495
1.495	-0.7595	1.31084	1.4712	-0.71566	1.495
1.495	-0.74846	0.07828	1.49588	-0.73216	1.495
1.495	-0.74538	-0.69472	1.47792	-0.65172	1.495
1.495	-0.7608	0.89122	1.48776	-0.70914	1.495
1.495	-0.74684	-0.62558	1.48396	-0.7217	1.495
1.495	-0.7475	-0.20324	1.49544	-0.73668	1.495
1.495	-0.74644	-0.65722	1.48196	-0.71502	1.495
1.495	-0.76306	1.16356	1.4828	-0.71488	1.495
1.495	-0.7502	0.2857	1.49568	-0.72684	1.495
1.495	-0.7486	-0.19446	1.49336	-0.7353	1.495
1.495	-0.7547	1.09972	1.48588	-0.7143	1.495
1.495	-0.74802	-0.10324	1.49556	-0.73476	1.495
1.495	-0.74766	-0.39716	1.48784	-0.72796	1.495
1.495	-0.75702	1.15528	1.48484	-0.72716	1.495
1.495	-0.74836	-0.54286	1.48748	-0.74278	1.495
1.495	-0.76052	1.05802	1.48332	-0.71394	1.495
1.495	-0.75236	0.35806	1.49544	-0.72846	1.495
1.495	-0.75968	0.64418	1.49044	-0.72098	1.495
1.495	-0.76118	1.07068	1.4834	-0.70938	1.495
1.495	-0.76128	1.06874	1.48304	-0.70456	1.495
1.495	-0.74552	-0.8229	1.4728	-0.72364	1.495
1.495	-0.75152	-0.04922	1.49364	-0.72316	1.495
1.495	-0.74778	0.1642	1.49468	-0.7135	1.495
1.495	-0.7553	0.96472	1.4902	-0.71996	1.495
1.495	-0.75156	0.39742	1.49436	-0.72988	1.495
1.495	-0.75026	0.28408	1.49564	-0.72788	1.495
1.495	-0.75658	1.21136	1.48104	-0.72158	1.495
1.495	-0.74836	-0.37658	1.48832	-0.70506	1.495
1.495	-0.74884	-0.00682	1.49584	-0.73518	1.495
1.495	-0.7498	0.53646	1.49336	-0.71432	1.495
1.495	-0.75496	1.03874	1.48836	-0.7142	1.495
1.495	-0.75084	0.84706	1.48508	-0.70304	1.495
1.495	-0.74692	-0.30994	1.49372	-0.7394	1.495
1.495	-0.75738	1.19408	1.4818	-0.71472	1.495
1.495	-0.75168	0.60322	1.4946	-0.71218	1.495
1.495	-0.74688	-0.44246	1.49256	-0.74844	1.495
1.495	-0.75094	0.65964	1.49468	-0.72476	1.495
1.495	-0.74888	-0.20302	1.49312	-0.73458	1.495
1.495	-0.74658	-0.55172	1.47712	-0.61366	1.495
1.495	-0.74784	-0.30438	1.48628	-0.72556	1.495
1.495	-0.74374	-0.86984	1.46732	-0.5106	1.495
1.495	-0.75794	1.19592	1.4828	-0.70688	1.495
1.495	-0.75656	1.19558	1.48132	-0.72366	1.495
1.495	-0.7612	0.7539	1.4882	-0.7081	1.495
1.495	-0.74928	-0.1321	1.494	-0.7259	1.495
1.495	-0.75266	0.30172	1.4946	-0.72128	1.495
1.495	-0.74714	-0.76956	1.47968	-0.75214	1.495
1.495	-0.7483	-0.04892	1.497	-0.72518	1.495
1.495	-0.74726	-0.47876	1.48468	-0.6895	1.495
1.495	-0.75622	1.10328	1.48572	-0.72124	1.495
1.495	-0.75526	1.121	1.488	-0.71966	1.495
1.495	-0.75114	0.16368	1.49568	-0.717	1.495
1.495	-0.75576	1.02474	1.48888	-0.71422	1.495
1.495	-0.75026	-0.11508	1.49124	-0.72886	1.495
1.495	-0.74692	-0.47478	1.49288	-0.73964	1.495
1.495	-0.74744	-0.21534	1.49552	-0.743	1.495
1.495	-0.74832	-0.40122	1.49252	-0.73724	1.495
1.495	-0.7474	-0.16818	1.494	-0.74048	1.495
1.495	-0.75834	0.1326	1.48392	-0.70934	1.495
1.495	-0.7517	0.34576	1.49504	-0.72588	1.495
1.495	-0.74734	-0.0896	1.49268	-0.73162	1.495
1.495	-0.74984	0.17246	1.49612	-0.72482	1.495
1.495	-0.74906	0.21804	1.47932	-0.67516	1.495
1.495	-0.75162	0.35656	1.49508	-0.72116	1.495
1.495	-0.75894	1.32808	1.4704	-0.72062	1.495
1.495	-0.75042	0.12976	1.49424	-0.73254	1.495
1.495	-0.74758	-0.33556	1.4928	-0.73876	1.495
1.495	-0.75764	1.19778	1.47852	-0.69176	1.495
1.495	-0.75656	1.24334	1.47448	-0.72814	1.495
1.495	-0.7472	-0.59766	1.48384	-0.72084	1.495
1.495	-0.75184	0.35278	1.49496	-0.72296	1.495
1.495	-0.74698	-0.51368	1.4922	-0.74658	1.495
1.495	-0.74682	-0.0962	1.49148	-0.73008	1.495
1.495	-0.7449	-0.7472	1.47072	-0.5111	1.495
1.495	-0.74982	0.45976	1.493	-0.7098	1.495
1.495	-0.75106	0.38588	1.495	-0.72458	1.495
1.495	-0.74806	0.23492	1.49428	-0.72718	1.495
1.495	-0.74868	-0.32478	1.4864	-0.68242	1.495
1.495	-0.76372	0.4787	1.48476	-0.71382	1.495
1.495	-0.74708	-0.59262	1.48544	-0.68002	1.495
1.495	-0.74694	-0.5858	1.48148	-0.68678	1.495
1.495	-0.74838	0.34492	1.49208	-0.70008	1.495
1.495	-0.75002	0.35964	1.49444	-0.73196	1.495
1.495	-0.74716	0.0577	1.49412	-0.73274	1.495
1.495	-0.75944	0.94394	1.48548	-0.7236	1.495
1.495	-0.75176	0.83306	1.49064	-0.71244	1.495
1.495	-0.75974	0.33964	1.49032	-0.72498	1.495
1.495	-0.74984	0.65442	1.49056	-0.71518	1.495
1.495	-0.75242	0.38828	1.49452	-0.7257	1.495
1.495	-0.74712	-0.59578	1.48352	-0.74474	1.495
1.495	-0.75386	0.89068	1.49036	-0.7106	1.495
1.495	-0.75068	0.0285	1.49528	-0.71734	1.495
1.495	-0.74922	0.1202	1.49616	-0.73698	1.495
1.495	-0.74758	-0.56868	1.48416	-0.69186	1.495
1.495	-0.75112	0.67854	1.49264	-0.72008	1.495
1.495	-0.76316	0.52034	1.48492	-0.71812	1.495
1.495	-0.75008	-0.45654	1.48212	-0.68254	1.495
1.495	-0.74828	-0.1799	1.49452	-0.73414	1.495
1.495	-0.74892	0.48394	1.49456	-0.71616	1.495
1.495	-0.7475	0.04868	1.4934	-0.7204	1.495
1.495	-0.75138	0.74024	1.4924	-0.72004	1.495
1.495	-0.75	0.09622	1.49584	-0.72698	1.495
1.495	-0.74822	-0.46696	1.49424	-0.72912	1.495
1.495	-0.74558	-0.516	1.47852	-0.7329	1.495
1.495	-0.75468	1.06146	1.48924	-0.71778	1.495
1.495	-0.75528	1.14282	1.4852	-0.71872	1.495
1.495	-0.75328	0.9605	1.49276	-0.71756	1.495
1.495	-0.75	0.2251	1.49612	-0.72084	1.495
1.495	-0.75958	0.8746	1.49072	-0.71686	1.495
1.495	-0.75036	0.30614	1.49636	-0.72744	1.495
1.495	-0.75384	0.10594	1.49312	-0.7356	1.495
1.495	-0.75686	0.67592	1.49232	-0.72014	1.495
1.495	-0.75536	0.34478	1.49608	-0.71848	1.495
1.495	-0.74626	-0.7584	1.4768	-0.65796	1.495
1.495	-0.75022	0.00312	1.49324	-0.71958	1.495
1.495	-0.74738	-0.32388	1.4932	-0.73814	1.495
1.495	-0.75094	0.76108	1.49216	-0.71746	1.495
1.495	-0.75608	1.1517	1.48316	-0.69256	1.495
1.495	-0.74886	-0.16548	1.49348	-0.72676	1.495
1.495	-0.76232	1.07938	1.48448	-0.72484	1.495
1.495	-0.76128	0.88558	1.48536	-0.72604	1.495
1.495	-0.7471	-0.79576	1.47636	-0.66674	1.495
1.495	-0.75974	0.74688	1.4902	-0.7112	1.495
1.495	-0.74832	-0.55438	1.48512	-0.69026	1.495
1.495	-0.74826	-0.03556	1.49592	-0.72792	1.495
1.495	-0.76478	0.98192	1.48148	-0.70968	1.495
1.495	-0.7477	-0.51228	1.48896	-0.71382	1.495
1.495	-0.7554	1.03246	1.493	-0.71058	1.495
1.495	-0.74988	0.17942	1.49444	-0.72694	1.495
1.495	-0.74774	0.11432	1.49468	-0.72896	1.495
1.495	-0.7474	-0.00714	1.4952	-0.7289	1.495
1.495	-0.7482	-0.4589	1.49004	-0.7489	1.495
1.495	-0.7477	-0.56832	1.48532	-0.68374	1.495
1.495	-0.7451	-0.74428	1.4742	-0.72466	1.495
1.495	-0.75376	0.21994	1.491	-0.72384	1.495
1.495	-0.74816	-0.44934	1.48252	-0.70968	1.495
1.495	-0.76622	1.1942	1.46484	-0.64544	1.495
1.495	-0.74704	-0.70298	1.4806	-0.69438	1.495
1.495	-0.75148	0.39602	1.49772	-0.7221	1.495
1.495	-0.7552	0.69382	1.49232	-0.723	1.495
1.495	-0.75792	0.84038	1.49096	-0.7143	1.495
1.495	-0.75956	0.85014	1.49076	-0.71182	1.495
1.495	-0.7635	0.92944	1.48408	-0.71114	1.495
1.495	-0.7535	0.80104	1.49092	-0.71156	1.495
1.495	-0.76152	0.97594	1.48424	-0.71938	1.495
1.495	-0.74816	-0.34686	1.49144	-0.71796	1.495
1.495	-0.75042	0.19876	1.49604	-0.72058	1.495
1.495	-0.74724	-0.6299	1.49032	-0.73504	1.495
1.495	-0.75354	1.09424	1.47624	-0.70986	1.495
1.495	-0.75866	1.2214	1.47892	-0.70852	1.495
1.495	-0.7466	-0.46694	1.49132	-0.73748	1.495
1.495	-0.74986	0.03212	1.49396	-0.73178	1.495
1.495	-0.75448	0.28638	1.49288	-0.71978	1.495
1.495	-0.75324	0.79118	1.49236	-0.71176	1.495
1.495	-0.75242	0.4288	1.495	-0.72154	1.495
1.495	-0.75064	0.0033	1.49316	-0.72944	1.495
1.495	-0.75408	0.42846	1.49428	-0.71718	1.495
1.495	-0.74802	-0.34696	1.48792	-0.73988	1.495
1.495	-0.75524	1.00214	1.49252	-0.71216	1.495
1.495	-0.75756	1.20786	1.48428	-0.71936	1.495
1.495	-0.763	1.16626	1.48012	-0.71792	1.495
1.495	-0.7491	0.30648	1.49592	-0.7191	1.495
1.495	-0.74892	0.16538	1.49588	-0.72844	1.495
1.495	-0.74698	-0.48568	1.49512	-0.74178	1.495
1.495	-0.74698	-0.71784	1.48312	-0.72976	1.495
1.495	-0.76216	0.5843	1.48508	-0.71452	1.495
1.495	-0.76266	0.80996	1.4864	-0.71664	1.495
1.495	-0.74856	-0.41582	1.48784	-0.69848	1.495
1.495	-0.75032	-0.12938	1.49388	-0.69588	1.495
1.495	-0.75152	0.74474	1.4942	-0.72082	1.495
1.495	-0.75072	0.29986	1.4966	-0.72594	1.495
1.495	-0.74756	-0.57974	1.49128	-0.73932	1.495
1.495	-0.7491	-0.00464	1.49476	-0.72538	1.495
1.495	-0.75034	-0.01672	1.4952	-0.73396	1.495
1.495	-0.748	-0.5391	1.49252	-0.7534	1.495
1.495	-0.7511	0.48216	1.49356	-0.72034	1.495
1.495	-0.74884	-0.07354	1.49548	-0.72454	1.495
1.495	-0.7504	0.35314	1.495	-0.73136	1.495
1.495	-0.76222	0.97784	1.48168	-0.72612	1.495
1.495	-0.75336	0.72134	1.49292	-0.72094	1.495
1.495	-0.74772	-0.37858	1.49224	-0.7155	1.495
1.495	-0.74644	-0.69938	1.481	-0.71656	1.495
1.495	-0.75022	0.36676	1.49448	-0.71672	1.495
1.495	-0.74798	0.06324	1.49472	-0.72978	1.495
1.495	-0.748	-0.56646	1.49048	-0.75098	1.495
1.495	-0.75142	0.38576	1.49544	-0.7256	1.495
1.495	-0.74854	-0.36556	1.48704	-0.7308	1.495
1.495	-0.75076	-0.08098	1.4912	-0.728	1.495
1.495	-0.75434	1.01056	1.48856	-0.69404	1.495
1.495	-0.74952	-0.1865	1.49516	-0.73324	1.495
1.495	-0.753	0.96342	1.4902	-0.71562	1.495
1.495	-0.74694	-0.11624	1.49408	-0.7274	1.495
1.495	-0.75144	0.1435	1.49516	-0.72036	1.495
1.495	-0.7594	0.98646	1.48584	-0.7239	1.495
1.495	-0.75398	1.07464	1.47012	-0.69666	1.495
1.495	-0.74676	0.1687	1.48836	-0.71554	1.495
1.495	-0.75532	0.32758	1.49348	-0.72106	1.495
1.495	-0.75202	0.6132	1.49436	-0.72504	1.495
1.495	-0.75686	1.2134	1.48008	-0.72032	1.495
1.495	-0.748	-0.66074	1.48424	-0.75592	1.495
1.495	-0.74752	-0.61646	1.48252	-0.7016	1.495
1.495	-0.7505	-0.16392	1.49236	-0.72798	1.495
1.495	-0.74722	-0.13616	1.49568	-0.73906	1.495
1.495	-0.74976	-0.37562	1.48812	-0.72722	1.495
1.495	-0.74776	-0.16238	1.49152	-0.73532	1.495
1.495	-0.74738	-0.62052	1.48312	-0.71526	1.495
1.495	-0.75846	1.27236	1.47616	-0.73002	1.495
1.495	-0.74824	0.10014	1.49404	-0.72626	1.495
1.495	-0.75496	0.50014	1.49288	-0.72916	1.495
1.495	-0.74812	-0.42266	1.48756	-0.69806	1.495
1.495	-0.76128	0.2627	1.48492	-0.718	1.495
1.495	-0.75566	1.1892	1.4804	-0.7139	1.495
1.495	-0.74964	0.01634	1.49688	-0.73776	1.495
1.495	-0.75662	1.24132	1.475	-0.72064	1.495
1.495	-0.7479	-0.11108	1.49536	-0.73902	1.495
1.495	-0.75224	0.9453	1.48596	-0.70582	1.495
1.495	-0.74582	-0.51536	1.48992	-0.74782	1.495
1.495	-0.74938	-0.23856	1.49032	-0.71242	1.495
1.495	-0.7464	-0.8107	1.4764	-0.7502	1.495
1.495	-0.7613	1.00024	1.48548	-0.71164	1.495
1.495	-0.74682	-0.42316	1.48992	-0.73938	1.495
1.495	-0.7537	0.8346	1.49312	-0.71812	1.495
1.495	-0.74854	0.13836	1.49644	-0.72714	1.495
1.495	-0.7466	-0.73174	1.48136	-0.74118	1.495
1.495	-0.75858	1.1932	1.48408	-0.7308	1.495
1.495	-0.75582	1.0878	1.48912	-0.7047	1.495
1.495	-0.74926	-0.38488	1.48408	-0.68548	1.495
1.495	-0.76066	0.97056	1.48584	-0.7216	1.495
1.495	-0.74812	-0.02694	1.49528	-0.74054	1.495
1.495	-0.75554	1.09788	1.4852	-0.72354	1.495
1.495	-0.74816	-0.20254	1.4954	-0.72836	1.495
1.495	-0.74668	-0.69242	1.48036	-0.71032	1.495
1.495	-0.74904	0.6451	1.48836	-0.72168	1.495
1.495	-0.74758	-0.61756	1.49112	-0.7425	1.495
1.495	-0.74976	0.59614	1.49304	-0.72046	1.495
1.495	-0.74654	-0.32268	1.49148	-0.72354	1.495
1.495	-0.75068	0.24086	1.49544	-0.72638	1.495
1.495	-0.74948	0.40666	1.49468	-0.71942	1.495
1.495	-0.75384	0.90922	1.49276	-0.72106	1.495
1.495	-0.76264	1.03554	1.4842	-0.7086	1.495
1.495	-0.7488	-0.14582	1.49304	-0.73736	1.495
1.495	-0.76004	1.03454	1.48704	-0.71802	1.495
1.495	-0.74556	-0.67514	1.48	-0.69716	1.495
1.495	-0.74704	-0.6225	1.48	-0.70396	1.495
1.495	-0.76076	0.85226	1.48688	-0.71502	1.495
1.495	-0.76234	1.20936	1.47804	-0.71092	1.495
1.495	-0.76212	0.76934	1.4876	-0.71362	1.495
1.495	-0.7527	0.70136	1.4942	-0.72412	1.495
1.495	-0.75212	0.70802	1.49488	-0.72006	1.495
1.495	-0.75042	0.3366	1.49568	-0.7221	1.495
1.495	-0.7469	-0.73108	1.47932	-0.752	1.495
1.495	-0.74616	-0.52942	1.4886	-0.74762	1.495
1.495	-0.75462	0.62016	1.49504	-0.71258	1.495
1.495	-0.74546	-0.71968	1.4862	-0.73016	1.495
1.495	-0.75586	0.71344	1.49272	-0.72248	1.495
1.495	-0.75756	1.16402	1.48204	-0.71604	1.495
1.495	-0.74994	0.22912	1.49608	-0.72368	1.495
1.495	-0.76094	0.9006	1.48552	-0.71518	1.495
1.495	-0.74894	-0.224	1.49404	-0.72462	1.495
1.495	-0.75096	0.63738	1.49324	-0.7119	1.495
1.495	-0.74858	-0.03036	1.49536	-0.73072	1.495
1.495	-0.7457	-0.50036	1.47844	-0.74396	1.495
1.495	-0.75618	1.1354	1.48604	-0.70342	1.495
1.495	-0.74824	-0.5877	1.48452	-0.71878	1.495
1.495	-0.76012	0.85126	1.48756	-0.72732	1.495
1.495	-0.75812	1.22386	1.46676	-0.71216	1.495
1.495	-0.75386	0.92544	1.49024	-0.7136	1.495
1.495	-0.7521	0.79104	1.49384	-0.71338	1.495
1.495	-0.7634	0.98222	1.4814	-0.71918	1.495
1.495	-0.7593	0.30284	1.48752	-0.72936	1.495
1.495	-0.7523	0.60584	1.49332	-0.71854	1.495
1.495	-0.75602	1.079	1.48452	-0.71374	1.495
1.495	-0.75392	0.24106	1.493	-0.73122	1.495
1.495	-0.75634	0.56296	1.49072	-0.71624	1.495
1.495	-0.74878	-0.21372	1.4956	-0.72774	1.495
1.495	-0.76336	1.13626	1.48068	-0.72156	1.495
1.495	-0.75232	0.79998	1.4916	-0.72046	1.495
1.495	-0.75838	0.51228	1.48988	-0.72614	1.495
1.495	-0.75042	0.77324	1.49312	-0.7128	1.495
1.495	-0.7493	0.40804	1.4948	-0.71992	1.495
1.495	-0.75376	0.92034	1.492	-0.71586	1.495
1.495	-0.74814	-0.10472	1.49384	-0.7319	1.495
1.495	-0.7614	0.58506	1.48868	-0.71278	1.495
1.495	-0.74848	0.05834	1.4884	-0.73206	1.495
1.495	-0.74718	-0.69148	1.4846	-0.76314	1.495
1.495	-0.75438	0.94884	1.49172	-0.72348	1.495
1.495	-0.75622	0.51312	1.4918	-0.71738	1.495
1.495	-0.74878	-0.34396	1.49204	-0.72464	1.495
1.495	-0.76446	1.19084	1.47752	-0.71016	1.495
1.495	-0.74862	-0.32976	1.49092	-0.7309	1.495
1.495	-0.74674	-0.54824	1.49012	-0.7527	1.495
1.495	-0.75064	0.26542	1.4964	-0.72436	1.495
1.495	-0.74814	-0.2374	1.49392	-0.72904	1.495
1.495	-0.7476	-0.2083	1.4948	-0.72296	1.495
1.495	-0.74768	-0.49778	1.48892	-0.70008	1.495
1.495	-0.76264	1.1881	1.47972	-0.72312	1.495
1.495	-0.74784	-0.28962	1.49028	-0.73794	1.495
1.495	-0.75328	1.01554	1.49172	-0.71814	1.495
1.495	-0.75064	0.27866	1.49612	-0.72778	1.495
1.495	-0.75526	0.6532	1.49288	-0.71556	1.495
1.495	-0.75026	0.45568	1.49532	-0.7248	1.495
1.495	-0.76052	1.35434	1.46612	-0.67942	1.495
1.495	-0.74722	-0.68048	1.48308	-0.7479	1.495
1.495	-0.74712	-0.37714	1.48968	-0.74248	1.495
1.495	-0.759	1.28498	1.4744	-0.72738	1.495
1.495	-0.7461	-0.55328	1.48528	-0.74702	1.495
1.495	-0.75018	0.22916	1.496	-0.72594	1.495
1.495	-0.7608	1.34898	1.4682	-0.73248	1.495
1.495	-0.74908	0.1259	1.49584	-0.72528	1.495
1.495	-0.7631	1.19796	1.47896	-0.7108	1.495
1.495	-0.74856	0.07586	1.4952	-0.72812	1.495
1.495	-0.75082	0.80268	1.48884	-0.71412	1.495
1.495	-0.76222	1.08232	1.48508	-0.7111	1.495
1.495	-0.746	-0.73762	1.47872	-0.7489	1.495
1.495	-0.75686	0.3908	1.49152	-0.71682	1.495
1.495	-0.74842	-0.49292	1.48764	-0.7213	1.495
1.495	-0.75108	0.1001	1.49484	-0.71178	1.495
1.495	-0.74692	-0.54222	1.48796	-0.70354	1.495
1.495	-0.76316	1.23714	1.47536	-0.70924	1.495
1.495	-0.7496	0.2453	1.49568	-0.72326	1.495
1.495	-0.76248	1.17766	1.47904	-0.70716	1.495
1.495	-0.74722	-0.62964	1.48464	-0.70688	1.495
1.495	-0.74776	-0.08042	1.49436	-0.72152	1.495
1.495	-0.75122	0.58776	1.49376	-0.71372	1.495
1.495	-0.75662	0.17696	1.4886	-0.72092	1.495
1.495	-0.7485	-0.322	1.48996	-0.72524	1.495
1.495	-0.74702	0.21272	1.48892	-0.71524	1.495
1.495	-0.74748	-0.5573	1.48464	-0.6951	1.495
1.495	-0.74806	-0.4908	1.48656	-0.7014	1.495
1.495	-0.74502	-0.80896	1.47224	-0.51564	1.495
1.495	-0.7462	-0.76174	1.47576	-0.69062	1.495
1.495	-0.75844	0.70486	1.49112	-0.72174	1.495
1.495	-0.74726	-0.04644	1.4934	-0.73046	1.495
1.495	-0.75262	0.79492	1.49128	-0.70858	1.495
1.495	-0.754	0.86446	1.49432	-0.72008	1.495
1.495	-0.74704	-0.63822	1.48528	-0.74616	1.495
1.495	-0.75532	1.04362	1.48888	-0.71746	1.495
1.495	-0.75668	0.52018	1.4928	-0.71452	1.495
1.495	-0.75944	1.2735	1.47504	-0.71576	1.495
1.495	-0.74844	-0.37886	1.49164	-0.7393	1.495
1.495	-0.7521	0.16816	1.49492	-0.72426	1.495
1.495	-0.74808	0.02106	1.49564	-0.7293	1.495
1.495	-0.75636	1.1171	1.48604	-0.7094	1.495
1.495	-0.74616	-0.7469	1.47736	-0.73314	1.495
1.495	-0.74462	-0.79904	1.4688	-0.4702	1.495
1.495	-0.74724	-0.57734	1.48092	-0.69668	1.495
1.495	-0.74708	-0.37894	1.49404	-0.73438	1.495
1.495	-0.74706	-0.58424	1.48496	-0.74458	1.495
1.495	-0.74732	0.0683	1.48836	-0.73032	1.495
1.495	-0.74938	-0.42544	1.4906	-0.72212	1.495
1.495	-0.74674	-0.56772	1.4854	-0.75528	1.495
1.495	-0.7585	0.87052	1.4902	-0.72038	1.495
1.495	-0.7518	0.6623	1.4942	-0.72068	1.495
1.495	-0.75794	0.67128	1.4916	-0.72048	1.495
1.495	-0.7514	0.5045	1.4948	-0.72482	1.495
1.495	-0.74668	-0.6377	1.47976	-0.69704	1.495
1.495	-0.75064	0.2895	1.49596	-0.72338	1.495
1.495	-0.76284	1.06366	1.48288	-0.70904	1.495
1.495	-0.7466	-0.58294	1.48364	-0.75008	1.495
1.495	-0.75514	-0.0518	1.48264	-0.69476	1.495
1.495	-0.7479	-0.3872	1.49336	-0.74262	1.495
1.495	-0.74832	-0.18834	1.49408	-0.7269	1.495
1.495	-0.75042	0.181	1.49576	-0.73244	1.495
1.495	-0.7626	1.14998	1.48236	-0.71654	1.495
1.495	-0.75884	0.83134	1.4906	-0.7192	1.495
1.495	-0.74554	-0.5076	1.48856	-0.73948	1.495
1.495	-0.75094	0.38992	1.4944	-0.71394	1.495
1.495	-0.75226	0.3534	1.49524	-0.72126	1.495
1.495	-0.75262	0.69816	1.49568	-0.72574	1.495
1.495	-0.75344	0.42146	1.49564	-0.72554	1.495
1.495	-0.75242	0.44672	1.49528	-0.71246	1.495
1.495	-0.75226	0.54448	1.49472	-0.71938	1.495
1.495	-0.74946	-0.23156	1.4928	-0.73618	1.495
1.495	-0.74868	-0.03442	1.49588	-0.72742	1.495
1.495	-0.76174	0.76792	1.48524	-0.7272	1.495
1.495	-0.75416	0.15998	1.4904	-0.72262	1.495
1.495	-0.7577	0.33936	1.49148	-0.72408	1.495
1.495	-0.74812	-0.2161	1.49064	-0.72352	1.495
1.495	-0.74808	-0.57162	1.48756	-0.74176	1.495
1.495	-0.75702	1.2184	1.47572	-0.71324	1.495
1.495	-0.74676	-0.53634	1.48408	-0.71824	1.495
1.495	-0.76076	0.9871	1.48608	-0.7068	1.495
1.495	-0.76466	1.20124	1.47644	-0.71744	1.495
1.495	-0.75068	0.1939	1.49476	-0.72824	1.495
1.495	-0.76146	0.95184	1.48572	-0.72614	1.495
1.495	-0.76272	0.84702	1.4814	-0.72268	1.495
1.495	-0.74512	-0.70926	1.47572	-0.61734	1.495
1.495	-0.74914	0.4974	1.49432	-0.72012	1.495
1.495	-0.74864	-0.40138	1.48996	-0.74142	1.495
1.495	-0.7583	1.2664	1.47448	-0.72578	1.495
1.495	-0.74706	-0.5834	1.49072	-0.70798	1.495
1.495	-0.74756	-0.27194	1.49504	-0.73758	1.495
1.495	-0.74914	0.67332	1.48732	-0.71546	1.495
1.495	-0.7487	-0.44496	1.48736	-0.71908	1.495
1.495	-0.75748	1.15382	1.48592	-0.71286	1.495
1.495	-0.75816	1.24106	1.47916	-0.69134	1.495
1.495	-0.74758	-0.31028	1.48324	-0.73402	1.495
1.495	-0.75414	0.91264	1.49348	-0.71912	1.495
1.495	-0.74812	0.10438	1.48988	-0.7221	1.495
1.495	-0.75254	0.3978	1.49612	-0.72398	1.495
1.495	-0.76624	1.33482	1.459	-0.63708	1.495
1.495	-0.74776	-0.52046	1.48636	-0.7211	1.495
1.495	-0.74986	0.23816	1.49616	-0.72602	1.495
1.495	-0.76294	1.19864	1.4784	-0.71824	1.495
1.495	-0.759	0.34402	1.49104	-0.70098	1.495
1.495	-0.74982	-0.14844	1.49436	-0.71594	1.495
1.495	-0.74764	0.0231	1.4942	-0.73832	1.495
1.495	-0.76196	1.14906	1.48288	-0.70984	1.495
1.495	-0.74726	-0.47968	1.481	-0.68354	1.495
1.495	-0.75066	0.36252	1.49292	-0.70288	1.495
1.495	-0.74938	0.25908	1.49408	-0.73282	1.495
1.495	-0.74734	-0.31676	1.49548	-0.73946	1.495
1.495	-0.74906	0.0844	1.49404	-0.73336	1.495
1.495	-0.74836	-0.14446	1.49208	-0.71422	1.495
1.495	-0.7547	1.10096	1.48352	-0.71928	1.495
1.495	-0.75796	0.81086	1.49116	-0.72234	1.495
1.495	-0.76156	0.9807	1.48684	-0.71134	1.495
1.495	-0.76118	0.84516	1.48644	-0.71996	1.495
1.495	-0.75422	0.95932	1.49148	-0.71116	1.495
1.495	-0.75918	0.5518	1.4916	-0.72526	1.495
1.495	-0.75208	0.73794	1.49364	-0.72162	1.495
1.495	-0.75098	-0.03656	1.49264	-0.7344	1.495
1.495	-0.74682	-0.50068	1.48584	-0.72894	1.495
1.495	-0.74102	-0.92056	1.45656	-0.12914	1.495
1.495	-0.76096	0.88242	1.48696	-0.72104	1.495
1.495	-0.7465	-0.55384	1.48952	-0.74666	1.495
1.495	-0.7472	-0.50534	1.49096	-0.74204	1.495
1.495	-0.74676	-0.51314	1.4864	-0.755	1.495
1.495	-0.75436	1.03766	1.49052	-0.71504	1.495
1.495	-0.75156	-0.21758	1.48276	-0.64342	1.495
1.495	-0.75008	0.2451	1.49432	-0.728	1.495
1.495	-0.74856	-0.2221	1.49188	-0.71724	1.495
1.495	-0.76262	1.08224	1.48296	-0.72268	1.495
1.495	-0.75356	1.06266	1.48528	-0.71218	1.495
1.495	-0.7509	0.15316	1.49464	-0.72528	1.495
1.495	-0.75492	1.1377	1.47856	-0.70574	1.495
1.495	-0.74906	-0.0736	1.4954	-0.73468	1.495
1.495	-0.75758	1.256	1.47616	-0.73166	1.495
1.495	-0.75202	0.92052	1.49004	-0.70996	1.495
1.495	-0.74994	0.2472	1.495	-0.7126	1.495
1.495	-0.75448	0.5125	1.49524	-0.7232	1.495
1.495	-0.76032	1.00046	1.48588	-0.71438	1.495
1.495	-0.7547	0.97148	1.49052	-0.7048	1.495
1.495	-0.74788	-0.61658	1.48652	-0.73204	1.495
1.495	-0.76528	1.12674	1.46908	-0.6975	1.495
1.495	-0.75024	0.31366	1.49588	-0.7231	1.495
1.495	-0.7478	-0.46254	1.49256	-0.74316	1.495
1.495	-0.74602	-0.68936	1.47948	-0.7482	1.495
1.495	-0.74954	0.23908	1.49548	-0.7172	1.495
1.495	-0.76406	1.1854	1.47408	-0.71304	1.495
1.495	-0.76044	0.2579	1.48484	-0.71876	1.495
1.495	-0.747	-0.62078	1.48736	-0.73954	1.495
1.495	-0.74762	-0.5276	1.4874	-0.73254	1.495
1.495	-0.75182	0.86644	1.49344	-0.7166	1.495
1.495	-0.74756	-0.20438	1.4934	-0.72592	1.495
1.495	-0.74892	0.4839	1.48404	-0.70636	1.495
1.495	-0.74758	-0.67448	1.48512	-0.71096	1.495
1.495	-0.74938	0.29104	1.49632	-0.7233	1.495
1.495	-0.74572	-0.4989	1.48112	-0.74642	1.495
1.495	-0.7478	-0.71466	1.48272	-0.74896	1.495
1.495	-0.75274	0.64516	1.49512	-0.7231	1.495
1.495	-0.76152	0.34114	1.48008	-0.7127	1.495
1.495	-0.74772	0.0459	1.49592	-0.72176	1.495
1.495	-0.74888	-0.18834	1.49368	-0.7375	1.495
1.495	-0.7498	-0.38238	1.47704	-0.60544	1.495
1.495	-0.7478	-0.54438	1.48936	-0.71856	1.495
1.495	-0.755	0.94106	1.49096	-0.71478	1.495
1.495	-0.75624	1.20826	1.47688	-0.72222	1.495
1.495	-0.75896	0.9835	1.48628	-0.71622	1.495
1.495	-0.75178	0.37496	1.4942	-0.71462	1.495
1.495	-0.75786	1.22364	1.47892	-0.7233	1.495
1.495	-0.764	1.24854	1.47644	-0.69744	1.495
1.495	-0.74712	-0.25322	1.48568	-0.74042	1.495
1.495	-0.74766	-0.57004	1.49436	-0.7444	1.495
1.495	-0.75126	0.24432	1.49592	-0.72742	1.495
1.495	-0.76226	1.13284	1.48116	-0.72234	1.495
1.495	-0.75528	1.12606	1.48268	-0.7155	1.495
1.495	-0.7514	-0.0687	1.49528	-0.7011	1.495
1.495	-0.74854	-0.4976	1.49176	-0.75236	1.495
1.495	-0.74932	0.09958	1.49468	-0.73306	1.495
1.495	-0.74646	-0.24328	1.49088	-0.73978	1.495
1.495	-0.75292	0.75634	1.49316	-0.72574	1.495
1.495	-0.76468	1.20946	1.47676	-0.71548	1.495
1.495	-0.74802	-0.52504	1.48788	-0.7161	1.495
1.495	-0.75186	0.9276	1.48928	-0.71966	1.495
1.495	-0.74966	-0.35304	1.48664	-0.70398	1.495
1.495	-0.75022	0.81148	1.48968	-0.71434	1.495
1.495	-0.74734	-0.60464	1.48488	-0.72704	1.495
1.495	-0.74762	-0.56876	1.49176	-0.7279	1.495
1.495	-0.75028	-0.25054	1.4894	-0.70694	1.495
1.495	-0.76112	0.89934	1.48724	-0.72288	1.495
1.495	-0.75108	0.21102	1.49408	-0.7213	1.495
1.495	-0.74674	-0.27312	1.49448	-0.74364	1.495
1.495	-0.76372	1.07902	1.4808	-0.71368	1.495
1.495	-0.75116	-0.30886	1.4818	-0.67706	1.495
1.495	-0.7506	-0.10098	1.49204	-0.70274	1.495
1.495	-0.7478	-0.53446	1.4828	-0.70646	1.495
1.495	-0.7577	0.59652	1.4932	-0.7172	1.495
1.495	-0.75094	0.06108	1.49592	-0.72718	1.495
1.495	-0.75068	-0.15878	1.49164	-0.71958	1.495
1.495	-0.75634	1.01776	1.49088	-0.7095	1.495
1.495	-0.75902	0.65604	1.48972	-0.72358	1.495
1.495	-0.7465	-0.57484	1.48492	-0.74088	1.495
1.495	-0.7469	-0.70692	1.48208	-0.731	1.495
1.495	-0.76658	1.03672	1.47076	-0.70836	1.495
1.495	-0.75686	1.15012	1.4828	-0.71278	1.495
1.495	-0.74764	-0.27026	1.48888	-0.72724	1.495
1.495	-0.74826	-0.3226	1.49068	-0.73514	1.495
1.495	-0.748	0.07722	1.49472	-0.73136	1.495
1.495	-0.74928	-0.31882	1.4826	-0.7208	1.495
1.495	-0.76006	1.02124	1.48744	-0.715	1.495
1.495	-0.74934	0.07484	1.49636	-0.73406	1.495
1.495	-0.76566	1.169	1.47016	-0.69472	1.495
1.495	-0.74786	-0.4192	1.49104	-0.73332	1.495
1.495	-0.74886	0.44296	1.49448	-0.7188	1.495
1.495	-0.763	0.50638	1.48352	-0.72266	1.495
1.495	-0.74594	-0.71088	1.4836	-0.71308	1.495
1.495	-0.74986	0.1512	1.49432	-0.7341	1.495
1.495	-0.7531	0.97564	1.49052	-0.71192	1.495
1.495	-0.7553	0.96364	1.49044	-0.72168	1.495
1.495	-0.74838	-0.32196	1.49284	-0.7284	1.495
1.495	-0.7594	1.3155	1.47376	-0.7058	1.495
1.495	-0.7483	-0.46168	1.48376	-0.70582	1.495
1.495	-0.7469	-0.58772	1.48392	-0.73834	1.495
1.495	-0.75082	-0.12036	1.48864	-0.72612	1.495
1.495	-0.75984	0.82806	1.48888	-0.71808	1.495
1.495	-0.75348	0.6115	1.49316	-0.7223	1.495
1.495	-0.76638	1.39248	1.46084	-0.6695	1.495
1.495	-0.74724	-0.56094	1.48744	-0.75364	1.495
1.495	-0.74822	0.02724	1.48256	-0.72602	1.495
1.495	-0.76298	1.09428	1.47724	-0.71386	1.495
1.495	-0.75018	-0.05148	1.49212	-0.73748	1.495
1.495	-0.76338	0.49748	1.4816	-0.72148	1.495
1.495	-0.75202	0.58828	1.4946	-0.71886	1.495
1.495	-0.75084	0.29118	1.49468	-0.71222	1.495
1.495	-0.75646	0.56368	1.4938	-0.72128	1.495
1.495	-0.7484	-0.39002	1.48912	-0.72572	1.495
1.495	-0.75678	0.70888	1.49168	-0.71334	1.495
1.495	-0.7475	-0.10796	1.4932	-0.73986	1.495
1.495	-0.74946	-0.34008	1.4918	-0.73154	1.495
1.495	-0.7468	-0.11814	1.49252	-0.74336	1.495
1.495	-0.76444	1.33494	1.46776	-0.70376	1.495
1.495	-0.75848	1.2647	1.47688	-0.7216	1.495
1.495	-0.75258	0.86424	1.49088	-0.70726	1.495
1.495	-0.76492	1.15678	1.47692	-0.71582	1.495
1.495	-0.75208	0.5953	1.49476	-0.72122	1.495
1.495	-0.75746	1.20056	1.48204	-0.72374	1.495
1.495	-0.75452	0.47934	1.49348	-0.71968	1.495
1.495	-0.75052	0.85954	1.48676	-0.7164	1.495
1.495	-0.74768	0.25166	1.49176	-0.71166	1.495
1.495	-0.74702	-0.60692	1.48872	-0.75092	1.495
1.495	-0.74754	-0.60532	1.48552	-0.71064	1.495
1.495	-0.7566	1.16302	1.46212	-0.68838	1.495
1.495	-0.747	-0.64578	1.48304	-0.72772	1.495
1.495	-0.75668	0.65474	1.49304	-0.727	1.495
1.495	-0.74762	-0.48736	1.4896	-0.74928	1.495
1.495	-0.74982	0.28072	1.496	-0.72622	1.495
1.495	-0.74954	0.39648	1.49424	-0.71592	1.495
1.495	-0.74858	0.25024	1.49488	-0.723	1.495
1.495	-0.74676	-0.59822	1.48964	-0.75634	1.495
1.495	-0.75116	0.65466	1.49324	-0.71526	1.495
1.495	-0.75	0.22886	1.49652	-0.71724	1.495
1.495	-0.75356	0.43738	1.49348	-0.72586	1.495
1.495	-0.7576	0.76962	1.49084	-0.7155	1.495
1.495	-0.74656	-0.80742	1.47832	-0.72332	1.495
1.495	-0.75894	0.91736	1.48804	-0.71788	1.495
1.495	-0.76506	1.0594	1.47684	-0.70688	1.495
1.495	-0.75024	-0.11962	1.492	-0.71326	1.495
1.495	-0.76398	1.227	1.47468	-0.70564	1.495
1.495	-0.75218	0.53304	1.49256	-0.71502	1.495
1.495	-0.74682	-0.53044	1.48968	-0.75314	1.495
1.495	-0.74716	-0.74342	1.47624	-0.59752	1.495
1.495	-0.75532	0.7321	1.49184	-0.72384	1.495
1.495	-0.7541	0.4616	1.49556	-0.71732	1.495
1.495	-0.74828	-0.46202	1.48692	-0.73096	1.495
1.495	-0.7546	0.53746	1.49296	-0.71888	1.495
1.495	-0.74806	-0.19716	1.49464	-0.7312	1.495
1.495	-0.75242	0.49268	1.49632	-0.71162	1.495
1.495	-0.748	-0.57574	1.48664	-0.7089	1.495
1.495	-0.749	-0.04982	1.49476	-0.72214	1.495
1.495	-0.75656	1.1325	1.48592	-0.71398	1.495
1.495	-0.7567	0.32404	1.49268	-0.72088	1.495
1.495	-0.7546	0.9757	1.48916	-0.72186	1.495
1.495	-0.74956	0.07426	1.49512	-0.71778	1.495
1.495	-0.74656	-0.62822	1.49108	-0.75118	1.495
1.495	-0.74908	0.54442	1.4944	-0.71412	1.495
1.495	-0.74756	-0.3335	1.49228	-0.7409	1.495
1.495	-0.74824	-0.45998	1.489	-0.7298	1.495
1.495	-0.7545	0.92	1.4914	-0.7178	1.495
1.495	-0.7461	-0.58816	1.48652	-0.74832	1.495
1.495	-0.76134	0.8054	1.48832	-0.716	1.495
1.495	-0.74876	-0.28806	1.49308	-0.72192	1.495
1.495	-0.75308	0.94502	1.48984	-0.70606	1.495
1.495	-0.76292	1.20158	1.47896	-0.70458	1.495
1.495	-0.75358	0.43168	1.49384	-0.71608	1.495
1.495	-0.74906	0.28276	1.49388	-0.72784	1.495
1.495	-0.74636	-0.61978	1.48468	-0.75244	1.495
1.495	-0.74822	-0.33764	1.49256	-0.68288	1.495
1.495	-0.7502	0.52314	1.48756	-0.71334	1.495
1.495	-0.7476	-0.22974	1.49212	-0.73234	1.495
1.495	-0.74722	-0.20112	1.49432	-0.73986	1.495
1.495	-0.7549	0.5046	1.4954	-0.72996	1.495
1.495	-0.74688	-0.64286	1.48196	-0.70894	1.495
1.495	-0.75192	0.6447	1.49632	-0.72534	1.495
1.495	-0.75026	-0.3614	1.48212	-0.64434	1.495
