* 0 0.4784406894287897 2 5 1.222994573228909
0.012975348500408893 0.025517264642121736 0.05357085128210996 0.10803436954530474 0.1584474517884121 0.1585470772829541 0.15125903356196427 0.10018053561076905 0.049565398992857765 0.025434854551989156 0.014827758530971808 0.009437743017916148
0.01783543996796491 0.04087840587384079 0.1131858457100492 0.37876466588727836 0.8430329715942414 0.5560478961136089 0.8264202362282845 0.3544658885367188 0.10102550128206798 0.041560822192733125 0.022642527446181778 0.013826071453905872
0.021496753950623396 0.054168642989471785 0.1801889990287949 0.9096989957749154 1.1705110785220876 1.222994573228909 0.8488428799344381 0.8197492681000709 0.1529478097152307 0.06442369982502055 0.03612218928984046 0.021234522509070076
0.021933366220941053 0.05474916606379084 0.18083236272516306 0.9102221636055919 1.1664029948800148 1.0011671851997639 0.8549200640552327 0.39715416179927776 0.19908527150647723 0.12514444713279071 0.0676946480372463 0.0354130454735062
0.01921903536824453 0.04281625005745637 0.1155046718521285 0.3807785747695401 0.8403820141009731 0.4185581296829148 0.2530657293518258 0.4030954063964042 0.8334265248947124 0.402464823194375 0.1535115179760087 0.06315000395023236
0.015510751058944902 0.029386660264332322 0.05903636171783737 0.11443687753822673 0.16194947207345434 0.1501154630146565 0.19372654182126073 0.8389619156494562 0.9193837222466295 1.1615495678191605 0.39858964658906476 0.10988462265929891
0.012753160900549693 0.021592018388038727 0.0365754022630657 0.058375982400080795 0.08156393697227883 0.1030419691368889 0.16314680463598477 0.4385315739589771 1.17694037373185 0.9227014826616986 0.8259661241049958 0.1433856239498608
0.011506880387525027 0.019548706914069264 0.03489626385206324 0.06544760201037254 0.12100004615109859 0.17229111859765683 0.19754496541715832 0.42518243625990676 0.9355563866347555 0.9227629945917304 0.3862760977509181 0.11002595341079381
0.011295931043234694 0.02089462737745841 0.04452383994959387 0.1166810103346261 0.38106274184544414 0.8400433131982245 0.4347814069641683 0.8399859833689679 0.8343231400028923 0.8372812849831995 0.1858072730527557 0.06892004392435301
0.011174485515067504 0.022351353670839763 0.054628220698263466 0.1795911089267033 0.907782418476089 1.159748248680076 0.9233893050155226 0.43080991547644093 0.8203318379040802 0.35742874685968284 0.10774927915066591 0.04365957258840877
0.010390450947219566 0.021215579984472918 0.05305312731720585 0.17753767524544178 0.9054644667357047 1.156158548182445 0.9123650866698525 0.22813569851824872 0.15708416381893908 0.10262156783619679 0.051949370507854545 0.026438361907018336
0.008809868194096116 0.01721258659068689 0.03933200282289455 0.1097942036820139 0.3724920885214127 0.828517928097738 0.37694057798348046 0.12523690328668052 0.06497455837720459 0.041779962454962336 0.026061380989566243 0.015830778463941618
* 1 0.4524131954276739 5 10 1.3986972558924906
0.0029739711608562053 0.0035391053235501136 0.004017962338622682 0.0044062548426182175 0.004822122047761547 0.00550012157160706 0.0067341160073860745 0.008764038397149879 0.011640502465365021 0.01467775318136668 0.016275977707892336 0.015269846229190804
0.00483950581888092 0.005977475733564482 0.006802230970669899 0.0072069832905458505 0.007502607490668816 0.008317425184891114 0.010456068416848418 0.01494617124782355 0.023006636651206693 0.033845459511034987 0.040496076537190916 0.036196463111852144
0.008695062611376042 0.01157746152312292 0.01336765595416591 0.01331292627596056 0.012496861152633328 0.012788821006085098 0.016085387578312987 0.025645190680702968 0.049448557646929805 0.09800680781890103 0.13836682954061622 0.1074059285351229
0.017604529408728514 0.027409332529275875 0.03338997658940916 0.0299087867478705 0.023147269366432546 0.020129481821867655 0.023873056916882712 0.041261204996229074 0.10374608167168829 0.35785110051494645 0.8221690136453603 0.39694515804929703
0.039590484921460035 0.08521480596175166 0.1222425335003321 0.08879856001580146 0.048434464379564834 0.03318545671654721 0.034146979794506406 0.057004841299171875 0.15880808364631713 0.8341848961287553 0.926689689758007 1.1625273819008894
0.08606748207649075 0.33770249492264864 0.801166895589291 0.3419849186443611 0.1035858860969769 0.05944513998270774 0.05164717035166408 0.06912715704037731 0.1680307896653187 0.5719302149685307 1.3986972558924906 0.9951123680731391
0.1254881440486479 0.8021649491036387 0.8040452265849555 0.8075320634195959 0.17976602453704427 0.14527360889270777 0.10581151972343683 0.08551772918540197 0.16891238597039746 0.8392656233910722 0.9308072882538956 1.1655970674697846
0.10452940562968854 0.3468316635959332 0.8078718741927896 0.3752692050078959 0.37603427626157293 0.8101747348437877 0.3516589970452306 0.12101083440985283 0.1317247743289938 0.3727379195041331 0.8321968655910759 0.40687368089973425
0.14316930543199233 0.14916598377055262 0.15897566207633104 0.1845105393874543 0.8115726327627502 0.810492530831667 0.8127578160228296 0.15931052440038346 0.1131185254907297 0.17024901680056956 0.22471695397166702 0.167858469951841
0.8024023115777257 0.3471412502833114 0.11932854818884364 0.11834509387561033 0.3509133430110152 0.8120828539534876 0.37976999395761374 0.19466782902649699 0.16934066506073706 0.36553449526247805 0.8144102748097887 0.3527188156222286
0.8002145358264262 0.8026232861885579 0.13452799620695924 0.07339730474939427 0.11014831293546704 0.1823406249785964 0.37795832280974023 0.8152218515102417 0.3994447232452176 0.8225257670533712 0.8096882923128709 0.8057784101432247
0.7987009907610911 0.3383680061159657 0.09248833348694623 0.04849169594133477 0.060303677175211484 0.14284408754289765 0.808037601415443 0.8092525350544921 0.8199371947539783 0.3937974958078807 0.8070259012071695 0.34161637143615176
* 2 0.48772439161844966 1 7 1.1537079419621794
0.030652714023033188 0.08798041626304529 0.34021377448096984 0.8052577547892965 0.37420147643403606 0.3783763700799416 0.8211151597234785 0.5313698698940608 0.8163143433279768 0.3437859065090134 0.08851050946780852 0.02879679844058164
0.04097660932015652 0.1271545512538179 0.8039644434269718 0.807581359497314 0.8297997781838949 0.8328080150657045 0.8325058540005746 1.1537079419621794 0.8268713179485977 0.8046084298413508 0.12503552579021193 0.034496482418217574
0.053915706767909334 0.10386630557353678 0.3463211277061837 0.8090976374141803 0.377791398288094 0.38141194438862414 0.8234438756987043 0.533714416261379 0.8181687886984891 0.34560254346038244 0.09018086962476839 0.03014959204593436
0.13143860812457897 0.1150266623313707 0.11855787951800921 0.14299523453707977 0.12163257987570401 0.1244776150845084 0.15605536871478526 0.15412845962095664 0.14866996757787362 0.09786782178717773 0.046597279601714295 0.02196570522043319
0.8043558747574975 0.3501863980412138 0.121707864515782 0.07793025845257494 0.06405699534872382 0.06351012203213466 0.07144641840288682 0.07457249450848859 0.0652887893231361 0.04681930652145836 0.02902266083154145 0.01723732041223073
0.8063780688873029 0.8183996398695119 0.21017283058553168 0.11581283304116549 0.06900263637183061 0.06675709876349087 0.10245399050194517 0.1346339492645536 0.09800382647031321 0.05219288843423546 0.028724011981991714 0.0173503560670711
0.8159142762805573 0.5304031180880922 0.8188175977257259 0.35092773404333333 0.11045064870742619 0.10912354902362506 0.3462049404520508 0.8056712715151217 0.3440116627648425 0.09512647316064432 0.0396155029125773 0.02271691861367406
0.20339906126510182 0.816361649634712 0.8075198289306693 0.8067195040795178 0.1445694737041911 0.1446380564634635 0.8067859365651571 0.8064854374484061 0.8069931481322357 0.1400478975838961 0.06102478678169598 0.037804792101608815
0.10329720903001582 0.34445838631076386 0.8036310940490382 0.34335834091127004 0.10598209180743184 0.10793354071492561 0.34788786110583475 0.8097267638111617 0.3603495650436164 0.158055565167095 0.14146706605945908 0.09292894499162153
0.04579865217339772 0.08963608390352876 0.12515561498582667 0.09188232792867249 0.056874703403901924 0.06373335214856266 0.11726971941856866 0.18846956565973408 0.22343990590861634 0.38263422727529195 0.8087599566950967 0.3419312959522094
0.02051425971994153 0.030144117279828953 0.03617182394372104 0.0340508438095996 0.03292710694008037 0.04719636444254351 0.10717789596243708 0.35669119340418887 0.8307980887611075 0.9055552754253103 0.8172169402433577 0.8037519047078765
0.010367063742029881 0.01347541397233895 0.01587841328852865 0.017718821027490977 0.022549366576890918 0.041493988987457785 0.1294402734256223 0.8062870991818581 0.8177093235992817 0.9033360332212067 0.8255957183221532 0.34553106617773827
