186979	16517	124958	170195	15282	125250
186110	16539	123220	170111	16014	125250
187806	16477	126612	170138	15887	125250
185739	16555	122478	170012	15612	125250
186004	16561	123008	170189	15999	125250
187069	16611	125138	170036	15782	125250
184475	16687	119950	170120	15670	125250
185522	16567	122044	170159	15670	125250
189857	16535	130714	170108	15639	125250
188224	16439	127448	170027	15895	125250
185606	16617	122212	170156	15374	125250
185767	16513	122534	170135	15824	125250
186417	16507	123834	170135	15556	125250
186245	16563	123490	170156	15649	125250
187990	16537	126980	170207	15504	125250
186270	16583	123540	170171	15624	125250
185596	16531	122192	170204	15750	125250
187651	16555	126302	170159	15759	125250
186360	16531	123720	170093	15573	125250
188537	16455	128074	170168	15480	125250
187396	16553	125792	170174	15594	125250
186069	16577	123138	170255	15586	125250
187224	16507	125448	170102	15643	125250
183910	16613	118820	170174	15805	125250
187176	16551	125352	170150	16006	125250
184494	16519	119988	170102	15947	125250
190156	16459	131312	170108	15714	125250
187073	16473	125146	170072	16098	125250
188781	16411	128562	170180	15659	125250
187479	16509	125958	170105	15985	125250
189185	16483	129370	170120	16253	125250
186943	16471	124886	170165	15499	125250
192788	16393	136576	170144	15542	125250
185030	16537	121060	170192	15405	125250
190348	16481	131696	170156	15515	125250
187590	16439	126180	170114	15520	125250
189308	16573	129616	170084	16133	125250
187215	16593	125430	170063	16103	125250
185358	16559	121716	170081	15585	125250
186448	16533	123896	170108	15686	125250
189923	16399	130846	170069	15649	125250
186364	16523	123728	170201	15648	125250
184913	16599	120826	170150	15497	125250
187565	16573	126130	170081	15859	125250
189808	16447	130616	170144	15894	125250
190708	16547	132416	170141	15907	125250
187987	16561	126974	170156	15638	125250
184589	16535	120178	170054	15862	125250
189987	16453	130974	170165	15612	125250
184893	16533	120786	170204	15805	125250
188681	16551	128362	170075	15743	125250
186379	16435	123758	170099	15642	125250
185511	16579	122022	170168	15683	125250
186454	16579	123908	170081	15710	125250
189060	16529	129120	170057	15736	125250
187408	16525	125816	170177	15697	125250
189134	16427	129268	170045	15818	125250
188088	16511	127176	170075	15845	125250
190461	16487	131922	170207	15879	125250
185766	16509	122532	170243	15820	125250
185682	16537	122364	170111	16364	125250
190261	16371	131522	169976	15712	125250
186097	16441	123194	170078	16294	125250
186197	16405	123394	170192	15485	125250
188305	16573	127610	170063	15864	125250
187792	16519	126584	170132	15556	125250
186182	16537	123364	170192	16113	125250
187747	16443	126494	170213	16322	125250
187475	16461	125950	170171	15920	125250
188256	16467	127512	170111	15733	125250
189477	16551	129954	170180	15829	125250
186864	16583	124728	170069	16129	125250
186963	16493	124926	170111	15592	125250
186879	16399	124758	170126	15405	125250
185468	16577	121936	170210	15384	125250
185077	16511	121154	170201	15779	125250
185850	16537	122700	170180	15769	125250
195710	16399	142420	170135	15903	125250
189258	16405	129516	170171	16037	125250
188936	16541	128872	170030	15670	125250
185100	16523	121200	170228	15806	125250
188217	16539	127434	170144	15948	125250
188307	16589	127614	170072	16271	125250
188098	16567	127196	170132	15982	125250
186519	16617	124038	170063	16080	125250
188475	16533	127950	170192	15810	125250
188927	16519	128854	170111	16256	125250
189665	16473	130330	170090	15583	125250
188456	16559	127912	170156	15682	125250
187254	16443	125508	170198	15985	125250
186460	16619	123920	170009	15945	125250
188248	16537	127496	170192	15514	125250
189057	16509	129114	170201	16053	125250
187198	16545	125396	170243	15767	125250
181690	16603	114380	170144	15528	125250
184476	16465	119952	170114	15828	125250
186924	16561	124848	170099	15827	125250
189036	16477	129072	170081	15800	125250
186604	16595	124208	170186	16041	125250
184940	16493	120880	170090	16628	125250
186265	16555	123530	170222	15738	125250
186819	16557	124638	170078	15603	125250
189595	16563	130190	170147	15924	125250
186348	16611	123696	170033	16232	125250
187047	16435	125094	170141	15512	125250
187875	16457	126750	170030	15542	125250
185368	16475	121736	170240	15670	125250
188123	16465	127246	170006	15610	125250
188738	16471	128476	170063	16010	125250
183307	16567	117614	170042	15382	125250
189175	16545	129350	170081	16331	125250
187272	16605	125544	170102	15428	125250
187275	16501	125550	170057	15405	125250
185059	16523	121118	170105	16103	125250
184692	16603	120384	170153	15795	125250
185312	16487	121624	170102	15852	125250
189613	16543	130226	170165	15940	125250
188182	16501	127364	170204	16239	125250
185626	16495	122252	170165	16228	125250
185169	16547	121338	170156	15458	125250
184525	16569	120050	170111	15433	125250
188232	16553	127464	170120	16091	125250
185523	16575	122046	170201	15481	125250
187086	16545	125172	170309	16169	125250
188632	16457	128264	170117	15329	125250
187291	16495	125582	170165	16133	125250
186238	16551	123476	170003	15885	125250
185424	16529	121848	170189	15615	125250
183992	16491	118984	170111	16021	125250
187539	16487	126078	170021	15822	125250
186627	16623	124254	170153	15341	125250
187200	16537	125400	170120	15893	125250
184288	16457	119576	170105	15545	125250
183794	16469	118588	170132	15589	125250
187136	16519	125272	170087	16108	125250
185698	16393	122396	170144	15658	125250
187494	16495	125988	170078	15922	125250
188700	16575	128400	170165	15308	125250
188474	16575	127948	170120	15845	125250
187439	16439	125878	170066	15786	125250
186333	16559	123666	170171	16369	125250
187084	16499	125168	170090	15877	125250
185500	16521	122000	170081	15579	125250
183561	16587	118122	170186	15641	125250
188273	16481	127546	170030	15767	125250
185241	16569	121482	170231	16076	125250
186246	16503	123492	170102	15495	125250
187458	16467	125916	170129	15939	125250
186022	16593	123044	170105	15644	125250
188669	16507	128338	170048	15778	125250
184460	16539	119920	170180	15378	125250
189681	16449	130362	170060	15561	125250
185961	16459	122922	170105	15993	125250
190910	16479	132820	170162	15715	125250
187954	16587	126908	170063	15760	125250
187205	16575	125410	170138	15815	125250
189132	16511	129264	170114	15572	125250
187108	16513	125216	170132	16194	125250
184841	16645	120682	170168	15702	125250
191861	16375	134722	170219	15846	125250
184577	16571	120154	170036	15518	125250
189533	16505	130066	169973	15817	125250
187280	16471	125560	170075	15725	125250
185363	16575	121726	170000	15436	125250
187345	16497	125690	170153	15695	125250
187227	16557	125454	170078	15581	125250
188934	16507	128868	170210	15970	125250
184904	16485	120808	169973	16043	125250
187840	16603	126680	170102	15876	125250
189289	16519	129578	170087	16022	125250
186184	16551	123368	170078	15576	125250
187254	16573	125508	170114	15691	125250
185464	16625	121928	170174	16062	125250
188886	16533	128772	170198	15614	125250
188837	16551	128674	170072	15596	125250
187026	16531	125052	170150	15881	125250
185929	16527	122858	170138	15793	125250
189874	16447	130748	170075	15884	125250
187894	16569	126788	170144	16076	125250
186144	16551	123288	170099	15395	125250
186668	16505	124336	170090	15695	125250
183996	16489	118992	170234	15633	125250
186061	16527	123122	170072	15333	125250
187628	16575	126256	170135	16137	125250
188109	16409	127218	170084	15487	125250
187288	16495	125576	170135	16077	125250
184815	16559	120630	170051	16179	125250
184978	16561	120956	170156	15582	125250
186971	16461	124942	170126	16016	125250
186139	16515	123278	170234	15941	125250
185316	16425	121632	170147	15469	125250
192686	16513	136372	170105	15840	125250
187488	16545	125976	170168	15454	125250
187795	16473	126590	170084	15613	125250
185081	16563	121162	170132	15506	125250
189106	16569	129212	170195	15655	125250
188646	16477	128292	170183	15700	125250
187063	16499	125126	170093	15570	125250
188500	16551	128000	170147	15934	125250
187739	16541	126478	170180	15375	125250
187084	16545	125168	170108	15823	125250
188913	16537	128826	170117	15825	125250
184150	16611	119300	170087	16001	125250
188415	16549	127830	170084	15635	125250
188317	16599	127634	170168	15657	125250
186663	16387	124326	170093	16000	125250
189749	16493	130498	170177	15998	125250
185369	16559	121738	170195	15936	125250
188077	16567	127154	170153	15951	125250
189016	16517	129032	170123	15930	125250
189250	16517	129500	170036	15596	125250
184552	16609	120104	170135	15598	125250
185567	16547	122134	170180	15569	125250
186801	16569	124602	170135	15901	125250
185596	16543	122192	170123	15754	125250
187872	16441	126744	170225	15454	125250
189642	16449	130284	170084	15729	125250
187690	16511	126380	170162	15636	125250
185831	16609	122662	170246	15797	125250
188165	16487	127330	170084	15906	125250
187935	16525	126870	170138	16018	125250
188775	16449	128550	170174	15718	125250
189924	16523	130848	170222	15991	125250
186638	16559	124276	170141	15955	125250
186679	16543	124358	169991	15697	125250
186448	16471	123896	169982	15625	125250
187932	16535	126864	170138	16503	125250
189504	16523	130008	170204	16326	125250
189373	16465	129746	170156	15674	125250
187215	16561	125430	170123	15731	125250
186837	16595	124674	170114	15499	125250
189157	16487	129314	170180	15990	125250
187111	16471	125222	170258	15837	125250
188606	16489	128212	170015	15442	125250
186416	16547	123832	170129	15734	125250
190436	16467	131872	170147	15866	125250
187488	16509	125976	170117	15769	125250
187128	16561	125256	170177	16040	125250
186009	16537	123018	170207	16137	125250
184176	16563	119352	170096	15429	125250
185762	16477	122524	170147	15623	125250
188409	16509	127818	170141	15762	125250
187253	16525	125506	170258	15566	125250
191453	16511	133906	170108	15869	125250
186258	16465	123516	170171	15621	125250
185126	16471	121252	170126	15797	125250
186290	16547	123580	170180	15631	125250
188589	16467	128178	169982	15379	125250
187777	16495	126554	170228	15601	125250
183630	16643	118260	170183	15934	125250
187820	16519	126640	170195	15601	125250
186096	16509	123192	170093	15560	125250
182714	16571	116428	170078	15949	125250
189319	16519	129638	170060	15661	125250
183945	16483	118890	170057	15871	125250
187729	16497	126458	170192	15428	125250
188699	16575	128398	170126	15497	125250
188279	16607	127558	170054	15625	125250
187592	16439	126184	170171	15913	125250
184371	16587	119742	169988	15468	125250
186283	16531	123566	170195	15796	125250
187471	16587	125942	170087	15529	125250
189797	16389	130594	170054	16132	125250
188098	16543	127196	170114	15752	125250
188579	16627	128158	170033	16243	125250
184648	16583	120296	170045	15594	125250
187218	16483	125436	170201	15609	125250
184670	16559	120340	170156	15697	125250
188788	16509	128576	170108	15998	125250
186554	16451	124108	170081	15443	125250
186357	16465	123714	170099	15373	125250
187979	16523	126958	170039	15657	125250
186646	16527	124292	170123	15463	125250
184876	16585	120752	170072	15545	125250
185835	16573	122670	170123	16599	125250
185537	16553	122074	170024	15690	125250
182640	16551	116280	170078	15398	125250
185928	16577	122856	170018	15822	125250
187146	16515	125292	170159	16369	125250
185184	16563	121368	170162	15261	125250
187013	16569	125026	170126	15593	125250
188476	16463	127952	170147	15469	125250
186717	16521	124434	170078	16394	125250
187887	16529	126774	170102	15638	125250
187001	16533	125002	170072	16664	125250
185436	16583	121872	170120	15531	125250
186907	16533	124814	170162	15753	125250
187281	16521	125562	170174	15818	125250
186746	16637	124492	170219	16626	125250
186949	16531	124898	170135	15389	125250
183605	16557	118210	170123	15529	125250
186686	16475	124372	169991	15615	125250
185468	16565	121936	170039	15468	125250
185527	16513	122054	170096	15427	125250
188856	16505	128712	170159	16018	125250
186854	16489	124708	170189	15896	125250
190180	16455	131360	170159	15809	125250
189888	16489	130776	170132	15605	125250
189426	16553	129852	170147	15801	125250
184575	16631	120150	170063	15574	125250
237525	15633	226050	168911	18118	125250
215704	16089	182408	169841	16339	125250
136961	16853	24922	169028	14778	125250
218882	16077	188764	169832	15706	125250
211838	16171	174676	169994	15784	125250
237943	15713	226886	168899	17036	125250
171712	16739	94424	169916	15426	125250
231613	15821	214226	169406	16260	125250
133064	16849	17128	168689	16050	125250
244574	15459	240148	167717	18792	125250
191602	16437	134204	170093	15650	125250
226028	15987	203056	169616	16173	125250
132211	16805	15422	168596	15779	125250
165351	16723	81702	170018	15694	125250
202281	16333	155562	170096	15991	125250
193285	16453	137570	170084	15883	125250
240734	15605	232468	168410	17846	125250
235567	15797	222134	169085	16262	125250
130255	16963	11510	168248	19263	125250
231464	15805	213928	169382	15836	125250
128999	16949	8998	168170	19675	125250
142751	16871	36502	169343	15061	125250
139065	16857	29130	169436	14627	125250
140661	16771	32322	169226	14633	125250
132965	16917	16930	168668	15489	125250
152676	16787	56352	169943	15058	125250
236433	15699	223866	168962	16228	125250
218896	16139	188792	169766	15753	125250
129763	16895	10526	168020	21026	125250
129344	16899	9688	168167	20494	125250
235660	15787	222320	169079	17152	125250
150132	16727	51264	169868	15248	125250
247996	15431	246992	166628	32971	125250
231794	15775	214588	169193	16366	125250
152816	16771	56632	169808	15041	125250
220867	15993	192734	169997	15957	125250
247878	15375	246756	166631	32536	125250
188306	16561	127612	170144	15348	125250
133700	16799	18400	168857	16720	125250
143671	16793	38342	169640	14746	125250
130756	16933	12512	168383	17452	125250
132980	16871	16960	168683	15868	125250
194236	16379	139472	170120	16283	125250
222557	15983	196114	169703	16616	125250
142460	16783	35920	169616	14245	125250
207669	16249	166338	169889	16403	125250
196261	16415	143522	170126	15551	125250
248145	15401	247290	166556	37218	125250
230865	15815	212730	169457	16402	125250
134349	16859	19698	168812	15384	125250
234350	15825	219700	169145	17252	125250
239836	15609	230672	168605	15334	125250
127372	17071	5744	167570	24920	125250
133410	16833	17820	168797	15925	125250
134189	16829	19378	169127	16763	125250
241075	15609	233150	168533	17152	125250
135963	16785	22926	169073	17553	125250
136502	16763	24004	169160	14268	125250
148145	16757	47290	169763	16219	125250
135469	16873	21938	168977	16162	125250
232098	15851	215196	169316	15934	125250
240595	15595	232190	168518	16673	125250
179724	16535	110448	170111	15599	125250
140104	16813	31208	169412	14723	125250
241801	15575	234602	168335	17704	125250
136106	16869	23212	168908	15009	125250
182731	16641	116462	170027	15442	125250
132546	16821	16092	168725	16953	125250
209415	16207	169830	170009	15944	125250
143002	16801	37004	169535	14309	125250
230453	15911	211906	169271	15819	125250
158299	16689	67598	170048	15761	125250
155126	16757	61252	170099	14639	125250
240963	15561	232926	168440	17062	125250
189110	16505	129220	170159	15519	125250
228275	15911	207550	169580	16415	125250
209200	16241	169400	169964	15962	125250
132406	16861	15812	168644	16218	125250
132845	16907	16690	168530	17021	125250
241483	15575	233966	168365	16980	125250
220189	16067	191378	169841	15978	125250
141848	16853	34696	169394	14530	125250
238165	15631	227330	168827	15807	125250
215186	16185	181372	169946	16039	125250
146550	16761	44100	169706	14577	125250
236494	15751	223988	169037	16255	125250
181192	16551	113384	170072	15545	125250
151386	16759	53772	169994	15802	125250
195450	16413	141900	170081	15889	125250
243117	15481	237234	167978	18790	125250
140091	16809	31182	169277	14898	125250
143474	16779	37948	169376	14818	125250
198848	16389	148696	170105	15803	125250
131703	16911	14406	168509	15626	125250
233134	15839	217268	169271	15801	125250
247960	15389	246920	166565	29933	125250
186855	16509	124710	170093	15677	125250
198951	16401	148902	169985	15653	125250
148205	16791	47410	169751	15070	125250
242827	15561	236654	168209	18992	125250
139909	16841	30818	169526	14395	125250
129045	16945	9090	168008	17207	125250
236587	15717	224174	168806	15136	125250
134636	16893	20272	168971	15592	125250
136058	16903	23116	168998	15663	125250
199281	16359	149562	170123	15951	125250
143830	16821	38660	169694	14830	125250
130740	16925	12480	168425	17405	125250
230714	15827	212428	169370	16329	125250
148624	16741	48248	169715	14224	125250
130982	16911	12964	168458	17860	125250
143700	16781	38400	169772	15333	125250
138327	16839	27654	169025	14756	125250
127062	17089	5124	167438	24878	125250
175025	16687	101050	170132	16395	125250
175811	16571	102622	170042	15360	125250
168586	16669	88172	170120	15463	125250
242511	15631	236022	168119	17766	125250
137175	16807	25350	169295	15492	125250
236484	15693	223968	169079	17133	125250
163970	16673	78940	170093	15163	125250
130935	16891	12870	168377	17292	125250
189631	16471	130262	170081	16033	125250
150201	16795	51402	169667	14920	125250
223828	15971	198656	169859	15639	125250
237063	15661	225126	168824	16987	125250
219828	16037	190656	169736	16186	125250
138500	16803	28000	169556	15531	125250
139531	16753	30062	169358	15850	125250
231181	15909	213362	169598	16121	125250
129841	16847	10682	168299	18123	125250
232041	15805	215082	169430	15945	125250
241887	15581	234774	168260	18025	125250
165866	16761	82732	170009	15678	125250
240174	15565	231348	168551	17588	125250
220853	16069	192706	169922	15931	125250
230816	15827	212632	169292	16964	125250
237160	15697	225320	168869	16529	125250
148708	16785	48416	169592	14493	125250
143175	16809	37350	169892	14102	125250
126162	17211	3324	167168	35570	125250
138887	16827	28774	169172	14868	125250
152009	16749	55018	169814	15259	125250
149425	16773	49850	169829	14726	125250
145675	16767	42350	169685	15119	125250
143145	16771	37290	169685	15920	125250
185330	16573	121660	170114	15745	125250
239287	15721	229574	168542	15696	125250
147103	16787	45206	169469	14823	125250
178346	16583	107692	170111	15489	125250
199024	16351	149048	170099	16787	125250
137468	16813	25936	169367	15660	125250
246739	15417	244478	167195	25013	125250
234759	15669	220518	169316	16536	125250
198059	16533	147118	170183	16141	125250
159306	16673	69612	169952	15714	125250
204438	16293	159876	169964	16156	125250
235680	15781	222360	169136	16968	125250
176456	16637	103912	170207	15621	125250
198766	16453	148532	170069	15847	125250
202002	16337	155004	170231	16108	125250
136461	16851	23922	169001	16049	125250
131816	16893	14632	168491	17335	125250
241080	15647	233160	168149	18019	125250
221402	15927	193804	169751	15926	125250
235127	15715	221254	169025	15659	125250
127303	17077	5606	167600	22171	125250
235413	15713	221826	169004	17249	125250
227462	15881	205924	169487	16347	125250
136602	16779	24204	168899	14537	125250
236098	15621	223196	168848	16104	125250
130836	16907	12672	168341	17905	125250
243324	15419	237648	168020	17905	125250
224622	15917	200244	169580	16448	125250
130157	16855	11314	168452	20346	125250
147165	16809	45330	170147	14289	125250
166776	16621	84552	170162	15489	125250
220867	16037	192734	169868	16124	125250
134390	16789	19780	168842	14697	125250
136946	16869	24892	169085	14531	125250
233169	15873	217338	169229	16125	125250
226573	15901	204146	169694	16443	125250
241381	15539	233762	168455	19450	125250
226270	15939	203540	169463	16917	125250
141154	16763	33308	169361	15468	125250
157412	16701	65824	170048	15000	125250
231102	15819	213204	169214	17233	125250
146138	16795	43276	169709	15901	125250
137804	16809	26608	169334	16583	125250
237081	15707	225162	168950	15073	125250
155508	16655	62016	169982	15092	125250
142933	16813	36866	169394	15232	125250
154102	16713	59204	169997	15197	125250
245663	15469	242326	167513	22175	125250
141189	16837	33378	169199	14459	125250
159542	16793	70084	170003	15419	125250
135705	16803	22410	169097	14312	125250
207453	16297	165906	169931	16035	125250
140008	16835	31016	169415	14699	125250
228435	15909	207870	169454	15832	125250
176268	16611	103536	170102	15604	125250
166291	16647	83582	169952	15085	125250
227178	15939	205356	169544	16176	125250
137019	16803	25038	168908	14764	125250
233045	15801	217090	169193	16685	125250
132770	16925	16540	168569	16604	125250
132881	16853	16762	168536	15538	125250
237515	15695	226030	168839	15918	125250
231629	15791	214258	169373	17176	125250
131488	16869	13976	168365	16169	125250
211713	16191	174426	169985	16240	125250
156831	16769	64662	169910	14718	125250
132647	16873	16294	168548	16591	125250
126401	17151	3802	167225	28071	125250
241312	15601	233624	168494	17058	125250
244429	15529	239858	167807	19338	125250
212999	16193	176998	169907	16164	125250
222830	15973	196660	169859	16986	125250
142907	16837	36814	169505	15668	125250
132080	16835	15160	168653	17703	125250
228256	15825	207512	169559	17105	125250
235557	15681	222114	169064	15930	125250
141644	16763	34288	169436	15645	125250
142935	16773	36870	169421	14456	125250
228825	15821	208650	169514	15896	125250
146734	16811	44468	169904	14650	125250
231096	15889	213192	169304	16064	125250
233464	15835	217928	169160	16026	125250
190162	16509	131324	170132	15669	125250
240671	15617	232342	168389	16646	125250
134074	16847	19148	168635	14659	125250
134933	16887	20866	168782	16191	125250
188560	16471	128120	170114	15588	125250
139828	16789	30656	169412	14719	125250
242526	15533	236052	168311	19039	125250
241227	15643	233454	168545	16791	125250
131961	16885	14922	168440	16779	125250
239420	15677	229840	168647	16783	125250
208672	16211	168344	169850	15986	125250
138182	16817	27364	169346	14985	125250
215363	16065	181726	169862	15890	125250
140020	16899	31040	169496	14520	125250
228317	15867	207634	169442	15880	125250
148572	16767	48144	169826	14695	125250
230444	15879	211888	169391	17102	125250
197169	16411	145338	170069	15763	125250
159137	16699	69274	170066	15137	125250
181238	16603	113476	170237	15307	125250
138500	16821	28000	169121	14923	125250
234905	15807	220810	169142	15424	125250
136961	16873	24922	169160	14693	125250
181962	16543	114924	170204	15631	125250
135822	16869	22644	169052	14194	125250
223067	16025	197134	169874	15543	125250
225443	15911	201886	169619	17178	125250
136310	16793	23620	169199	15547	125250
245117	15425	241234	167795	19879	125250
193924	16503	138848	170171	15809	125250
145816	16803	42632	169685	14847	125250
233269	15749	217538	169226	16813	125250
134840	16789	20680	168827	15940	125250
154129	16787	59258	169955	14600	125250
146179	16815	43358	169532	14782	125250
200920	16455	152840	170111	15958	125250
239924	15635	230848	168614	16527	125250
135604	16829	22208	168959	14490	125250
239827	15581	230654	168518	16868	125250
134718	16861	20436	168938	15619	125250
139443	16827	29886	169238	15800	125250
208151	16249	167302	170066	15932	125250
240634	15649	232268	168503	16708	125250
134691	16859	20382	168932	17178	125250
134491	16903	19982	168872	16663	125250
144098	16795	39196	169664	14971	125250
139281	16825	29562	169175	15450	125250
197938	16371	146876	170042	15808	125250
227706	15943	206412	169388	16087	125250
168046	16739	87092	170009	15814	125250
232729	15775	216458	169181	17393	125250
168124	16755	87248	170093	16031	125250
230979	15859	212958	169388	15513	125250
149596	16825	50192	170102	15050	125250
233981	15745	218962	169040	16872	125250
166431	16739	83862	169940	15115	125250
243247	15541	237494	167924	18635	125250
240233	15551	231466	168656	16796	125250
227574	15819	206148	169412	16724	125250
135023	16841	21046	169007	15518	125250
136364	16783	23728	169160	16341	125250
248695	15451	248390	166082	43431	125250
156634	16713	64268	169874	14987	125250
239307	15671	229614	168692	17795	125250
136289	16861	23578	169298	14687	125250
133520	16857	18040	168845	16612	125250
172944	16643	96888	170222	14938	125250
225183	15911	201366	169577	15624	125250
241474	15593	233948	168440	17168	125250
215555	16161	182110	169847	15763	125250
246205	15483	243410	167369	24081	125250
135048	16879	21096	169061	16732	125250
127218	17103	5436	167672	24893	125250
216286	16141	183572	169829	16107	125250
136900	16863	24800	169130	15194	125250
245110	15471	241220	167750	20787	125250
229009	15945	209018	169523	15657	125250
229165	15815	209330	169262	15952	125250
204866	16319	160732	169928	16005	125250
234028	15827	219056	169085	17630	125250
206414	16349	163828	170141	15799	125250
234431	15659	219862	169202	16898	125250
129239	16975	9478	168092	17205	125250
138354	16813	27708	169367	14791	125250
218247	16163	187494	169958	16523	125250
225761	16017	202522	169823	15912	125250
228564	15887	208128	169511	16384	125250
126224	17261	3448	167108	31254	125250
231440	15803	213880	169322	15697	125250
155071	16793	61142	170000	16717	125250
238806	15655	228612	168776	16060	125250
149838	16747	50676	169970	14552	125250
242978	15517	236956	168101	16428	125250
237938	15651	226876	168809	15612	125250
247747	15391	246494	166655	30008	125250
128469	16979	7938	167888	19520	125250
237966	15613	226932	168710	16140	125250
136593	16829	24186	169013	16179	125250
144207	16905	39414	169493	14962	125250
143894	16803	38788	169613	15374	125250
150690	16759	52380	169949	14939	125250
240996	15673	232992	168575	16889	125250
138476	16821	27952	169190	15447	125250
240017	15633	231034	168512	16894	125250
224765	15975	200530	169625	17132	125250
235064	15785	221128	169175	16718	125250
135665	16807	22330	169058	14594	125250
229634	15883	210268	169304	15695	125250
215135	16169	181270	169877	16363	125250
138680	16839	28360	169289	14413	125250
232531	15783	216062	169217	15642	125250
146999	16775	44998	169754	15069	125250
232591	15883	216182	169064	16369	125250
138354	16789	27708	168968	14390	125250
193230	16501	137460	170093	15607	125250
241341	15629	233682	168374	17678	125250
134550	16849	20100	168866	16965	125250
238708	15681	228416	168692	16153	125250
235296	15817	221592	169058	16878	125250
231197	15811	213394	169295	16607	125250
241228	15565	233456	168491	16032	125250
235412	15791	221824	169025	17632	125250
127627	17083	6254	167678	23321	125250
136590	16889	24180	168842	15184	125250
134271	16839	19542	168803	17517	125250
166266	16719	83532	170006	15095	125250
239696	15641	230392	168620	16996	125250
134734	16813	20468	169121	14554	125250
174725	16533	100450	170087	15394	125250
160103	16689	71206	170051	15033	125250
143986	16777	38972	169667	15587	125250
208668	16155	168336	170126	15706	125250
135981	16863	22962	169127	14369	125250
131253	16851	13506	168503	17897	125250
225288	15993	201576	169589	16488	125250
140991	16859	32982	169412	14375	125250
238079	15615	227158	168746	16892	125250
225497	15991	201994	169622	15884	125250
234004	15853	219008	169268	15184	125250
139375	16801	29750	169196	14961	125250
159762	16733	70524	169805	15064	125250
246703	15431	244406	167168	23906	125250
180985	16591	112970	170117	15644	125250
242337	15505	235674	168464	17102	125250
154816	16789	60632	169763	14562	125250
137427	16909	25854	168998	15710	125250
171620	16595	94240	170171	15865	125250
131147	16837	13294	168476	17804	125250
141124	16831	33248	169661	14087	125250
234395	15815	219790	169121	16536	125250
130397	16893	11794	168392	18037	125250
235118	15737	221236	169223	16066	125250
164468	16737	79936	170150	15418	125250
142247	16845	35494	169640	14303	125250
233087	15785	217174	169241	15762	125250
138186	16823	27372	169199	14762	125250
173516	16551	98032	170051	15122	125250
240749	15617	232498	168590	16078	125250
166832	16691	84664	170138	15720	125250
198060	16391	147120	170006	15941	125250
218476	16095	187952	169940	16275	125250
231058	15815	213116	169343	15962	125250
139392	16835	29784	169082	15237	125250
192630	16509	136260	170075	16333	125250
197462	16421	145924	170087	15751	125250
187808	16523	126616	170069	15410	125250
135789	16783	22578	168974	14197	125250
222525	16057	196050	169826	15833	125250
127145	17087	5290	167447	22443	125250
134793	16781	20586	168794	15895	125250
137358	16831	25716	169298	14126	125250
148865	16823	48730	169760	14986	125250
244213	15503	239426	167966	18774	125250
239006	15659	229012	168638	18395	125250
178067	16557	107134	170048	15752	125250
155770	16797	62540	169916	15130	125250
229886	15937	210772	169457	15771	125250
244136	15543	239272	168053	19148	125250
238005	15643	227010	169004	16185	125250
158526	16773	68052	170024	15755	125250
225307	15919	201614	169679	15566	125250
140072	16809	31144	169304	14162	125250
230400	15847	211800	169295	17411	125250
129446	16893	9892	168125	19504	125250
138185	16843	27370	169139	15624	125250
133638	16879	18276	168917	13871	125250
245460	15477	241920	167588	20324	125250
231176	15867	213352	169403	16816	125250
232435	15775	215870	169487	15886	125250
227603	15951	206206	169469	16364	125250
213815	16175	178630	170036	16155	125250
239492	15635	229984	168581	17672	125250
230294	15951	211588	169490	16749	125250
129483	16937	9966	168110	17677	125250
171921	16731	94842	170087	15836	125250
237931	15773	226862	168689	15677	125250
163918	16645	78836	169946	15173	125250
141629	16831	34258	169376	15039	125250
235653	15859	222306	168896	16362	125250
235541	15753	222082	169010	16192	125250
210168	16219	171336	170108	16048	125250
139771	16849	30542	169175	15014	125250
195382	16407	141764	170153	15684	125250
137092	16833	25184	169142	15484	125250
144103	16813	39206	169730	15891	125250
239537	15603	230074	168752	16383	125250
237736	15675	226472	168818	17755	125250
243159	15545	237318	168053	17063	125250
148716	16787	48432	169514	15571	125250
203704	16307	158408	170111	15839	125250
243266	15493	237532	168065	16929	125250
171794	16697	94588	170156	15332	125250
129524	16861	10048	168065	19624	125250
138590	16867	28180	169205	14533	125250
163974	16683	78948	170108	15235	125250
241130	15579	233260	168305	17699	125250
213501	16215	178002	170030	16294	125250
200736	16399	152472	170021	15728	125250
138967	16797	28934	169238	15419	125250
238442	15711	227884	168752	17688	125250
138272	16823	27544	169112	14753	125250
238816	15737	228632	168680	17369	125250
137594	16823	26188	168962	18786	125250
141858	16867	34716	169493	14355	125250
164321	16821	79642	169880	14641	125250
228733	15429	208466	168167	17437	125250
209625	16123	170250	169772	16923	125250
148811	16737	48622	169697	15558	125250
161769	16609	74538	169820	15399	125250
179665	16573	110330	170117	15478	125250
183925	16595	118850	170147	15590	125250
185041	16549	121082	170225	15551	125250
194888	15945	140776	169733	16015	125250
147767	16735	46534	169916	14173	125250
187684	16657	126368	169766	16461	125250
179073	16661	109146	170228	15692	125250
205986	16031	162972	169934	16274	125250
223879	16201	198758	169733	16499	125250
138508	16899	28016	168941	13909	125250
204046	16241	159092	170000	16183	125250
213657	16481	178314	169832	16227	125250
133489	16863	17978	168632	15439	125250
208191	16315	167382	169961	16504	125250
173603	16237	98206	169412	16532	125250
230278	16117	211556	169136	16026	125250
202625	16291	156250	170036	16510	125250
189462	16543	129924	170027	15557	125250
183086	16603	117172	170099	15406	125250
194376	16385	139752	170210	16311	125250
179810	16645	110620	169985	16201	125250
221576	16323	194152	168788	17144	125250
193521	16675	138042	169127	16347	125250
224238	15785	199476	169595	15991	125250
160083	16673	71166	170072	15793	125250
146986	16807	44972	169583	14326	125250
209534	16359	170068	170033	16607	125250
198811	16327	148622	169982	16077	125250
156683	16785	64366	169970	14736	125250
161616	16733	74232	169943	14643	125250
145626	16821	42252	170081	14993	125250
164588	16253	80176	168956	19367	125250
176047	16681	103094	169988	15458	125250
144282	16775	39564	169277	16004	125250
220647	15803	192294	169544	16402	125250
205038	16419	161076	170063	15900	125250
149409	16787	49818	170042	14386	125250
197796	15883	146592	169613	15993	125250
189940	16623	130880	170120	15963	125250
172045	16681	95090	170066	15459	125250
146078	16813	43156	169271	14366	125250
166198	16777	83396	169934	15234	125250
210072	16473	171144	169679	16367	125250
196923	16333	144846	170075	15909	125250
145706	16769	42412	169331	16048	125250
227202	15739	205404	169166	16032	125250
236989	15881	224978	168563	15608	125250
197733	16049	146466	169934	16102	125250
160647	16613	72294	169922	15854	125250
209679	15743	170358	169607	16377	125250
195056	16473	141112	170132	15957	125250
159966	16753	70932	169730	15322	125250
206825	16219	164650	169964	15680	125250
219393	16471	189786	169601	16356	125250
212565	15725	176130	169382	16140	125250
202884	15361	156768	168524	15950	125250
173128	16745	97256	169892	15702	125250
220203	15747	191406	169490	16280	125250
212823	16295	176646	170039	16379	125250
184361	16483	119722	170153	15630	125250
197937	16317	146874	170093	15862	125250
193588	16001	138176	169880	15736	125250
177344	16627	105688	170132	15373	125250
141026	16835	33052	169526	14658	125250
208859	16381	168718	169958	16495	125250
149757	16835	50514	169520	14117	125250
176890	16503	104780	169865	16149	125250
230580	15617	212160	168893	16641	125250
213285	16481	177570	169703	16533	125250
214632	15783	180264	169589	16200	125250
188126	16485	127252	170072	15594	125250
174337	16537	99674	169958	15637	125250
184973	16589	120946	170180	15661	125250
234095	16015	219190	168974	16591	125250
242273	15447	235546	167762	16938	125250
196639	16549	144278	170084	16363	125250
160976	16699	72952	169952	14596	125250
185066	16607	121132	170006	15675	125250
159547	16701	70094	169925	15215	125250
204227	15715	159454	169568	15755	125250
151522	16715	54044	169325	16669	125250
129687	16981	10374	167978	17597	125250
168658	16595	88316	170072	15560	125250
162852	16735	76704	169940	14776	125250
211506	16327	174012	169898	16176	125250
156112	16687	63224	169535	16105	125250
141380	16867	33760	168395	22438	125250
140225	16799	31450	169271	17225	125250
142339	16793	35678	169310	14025	125250
179197	16661	109394	170141	15302	125250
232550	16065	216100	169037	15573	125250
180025	16173	111050	169514	15826	125250
147563	16855	46126	168236	17287	125250
157796	16787	66592	170021	14659	125250
185735	16595	122470	170165	15608	125250
199720	16327	150440	170195	15752	125250
144903	16821	40806	169238	14621	125250
178597	16745	108194	170024	15784	125250
168792	16663	88584	169955	15248	125250
157156	16747	65312	169547	15900	125250
194585	16285	140170	169970	16412	125250
212968	16009	176936	169658	15918	125250
218214	15755	187428	169544	16090	125250
227267	15705	205534	169235	16008	125250
176343	16655	103686	170057	15090	125250
205447	16579	161894	169763	16219	125250
227699	15615	206398	169091	16296	125250
178266	16593	107532	170090	15923	125250
156317	16751	63634	169733	14636	125250
167788	16629	86576	170099	15331	125250
179454	16721	109908	169718	16424	125250
161479	16733	73958	169919	15686	125250
185719	16479	122438	170129	15328	125250
195248	16507	141496	170132	15967	125250
140037	16821	31074	169307	16373	125250
189665	16535	130330	170114	15936	125250
219606	15897	190212	169676	15867	125250
230446	15617	211892	169058	16203	125250
185803	16583	122606	170216	15754	125250
184559	16353	120118	170024	15848	125250
171186	16713	93372	169811	15085	125250
221618	16313	194236	168056	17215	125250
159487	16731	69974	170069	14805	125250
188088	16173	127176	169910	15990	125250
193503	16003	138006	169901	16376	125250
184338	16053	119676	169493	15301	125250
146542	16819	44084	169592	14883	125250
170661	16551	92322	169796	16804	125250
180619	16475	112238	170042	15466	125250
230329	16161	211658	169007	16543	125250
217070	15969	185140	169682	15888	125250
175142	16623	101284	170132	15388	125250
157928	16717	66856	170012	14544	125250
162859	16535	76718	169634	17074	125250
217590	16443	186180	169454	16921	125250
224511	15821	200022	169328	16608	125250
166823	16737	84646	169727	14518	125250
146748	16797	44496	169391	15240	125250
181896	16611	114792	170225	15431	125250
190874	16391	132748	170168	15975	125250
175275	16643	101550	169976	15325	125250
180537	16615	112074	170072	16256	125250
204568	16355	160136	170051	16058	125250
156704	16781	64408	169850	14646	125250
143080	16799	37160	169334	14271	125250
187714	16103	126428	169817	15733	125250
207721	16525	166442	169808	16016	125250
167911	16719	86822	170015	15096	125250
230655	15413	212310	168719	16139	125250
174627	16595	100254	170210	15331	125250
193643	16455	138286	170141	16143	125250
158681	16773	68362	169661	14677	125250
220384	16369	191768	169322	16760	125250
220374	15847	191748	169751	16172	125250
214837	16297	180674	170078	16026	125250
219740	15885	190480	169661	16274	125250
221067	16325	193134	169346	16845	125250
197650	15567	146300	169064	16147	125250
224932	16225	200864	169403	16710	125250
146898	16843	44796	169970	14211	125250
175651	16495	102302	169772	15661	125250
149110	16777	49220	169709	14782	125250
162647	16675	76294	169949	15435	125250
176005	16665	103010	170129	15389	125250
183423	16711	117846	170141	15976	125250
215571	16257	182142	169835	16297	125250
212017	16399	175034	170000	15851	125250
169233	16613	89466	170057	16196	125250
235098	15575	221196	168875	15869	125250
187567	16615	126134	169928	16033	125250
226948	15693	204896	169238	15950	125250
165899	16711	82798	170171	15343	125250
205090	16035	161180	169898	16128	125250
224109	15719	199218	169364	16361	125250
173977	16315	98954	169367	17347	125250
149603	16717	50206	169682	15837	125250
193893	16147	138786	169973	15506	125250
160110	16721	71220	170063	15570	125250
191251	16561	133502	170075	15686	125250
185053	16155	121106	169820	15554	125250
156230	16681	63460	169847	15640	125250
128787	17031	8574	167510	23180	125250
196040	15741	143080	169481	15829	125250
193942	16355	138884	170123	15623	125250
220130	15743	191260	169397	16024	125250
200035	16585	151070	169985	16712	125250
195288	15629	141576	169193	16106	125250
161345	16611	73690	169631	17321	125250
222541	16279	196082	169676	16206	125250
177043	16685	105086	170072	15864	125250
190271	16555	131542	170102	15878	125250
170486	16735	91972	169958	15063	125250
229762	15731	210524	169034	16093	125250
206013	15537	163026	169202	16818	125250
237787	15885	226574	168386	15508	125250
159566	16731	70132	170087	14895	125250
170221	16569	91442	170042	15676	125250
157861	16591	66722	169595	15919	125250
220344	16293	191688	169784	16834	125250
181240	16593	113480	170165	16163	125250
138735	16847	28470	169085	16772	125250
231671	16127	214342	169046	16179	125250
231022	15671	213044	169211	16598	125250
213635	16347	178270	169910	16186	125250
231411	15635	213822	168962	16570	125250
185333	16357	121666	170027	15850	125250
230907	15427	212814	168482	16778	125250
237042	15935	225084	168860	15762	125250
161776	16739	74552	169943	15213	125250
189997	16439	130994	170141	15859	125250
237979	15467	226958	168410	16650	125250
144070	16839	39140	169148	15619	125250
161348	16643	73696	169784	15767	125250
189525	16531	130050	170093	15718	125250
153286	16771	57572	169985	14487	125250
182056	16495	115112	170111	15826	125250
172262	16623	95524	170126	16224	125250
213227	15979	177454	169748	16291	125250
169192	16655	89384	170012	15674	125250
185789	16677	122578	170201	16087	125250
230155	15977	211310	169433	16403	125250
194776	16495	140552	170132	15662	125250
195184	16621	141368	170018	15904	125250
165618	16559	82236	170048	14952	125250
184783	16449	120566	170057	15822	125250
146777	16767	44554	169523	14324	125250
147865	16759	46730	169583	14390	125250
149515	16805	50030	169484	14671	125250
218908	15895	188816	169688	15796	125250
209175	16575	169350	169628	16101	125250
223924	15547	198848	169163	16137	125250
204963	15977	160926	169844	16227	125250
177934	16669	106868	170198	15452	125250
217893	15543	186786	168974	16032	125250
187360	16417	125720	170096	15412	125250
215953	16303	182906	167141	19294	125250
228678	16193	208356	169373	16176	125250
171079	16467	93158	170105	16807	125250
183909	16605	118818	170195	15630	125250
239339	15495	229678	168350	16553	125250
185687	16463	122374	170249	15348	125250
159074	16659	69148	169748	15840	125250
217043	16291	185086	169856	16197	125250
209394	15965	169788	169856	15678	125250
195599	16617	142198	169838	17345	125250
221750	16233	194500	169736	17106	125250
135757	16993	22514	168215	24317	125250
204517	16211	160034	169976	16064	125250
197481	16417	145962	170141	15781	125250
183548	16529	118096	170120	15873	125250
228037	15527	207074	169184	16060	125250
155855	16707	62710	169379	15439	125250
184536	16511	120072	170123	15716	125250
162706	16725	76412	170084	15485	125250
176388	16569	103776	169925	15885	125250
221537	16139	194074	169811	16034	125250
233334	15995	217668	168914	16086	125250
225012	15441	201024	168482	16622	125250
232784	15507	216568	169007	16191	125250
194681	16465	140362	170123	15741	125250
183714	16539	118428	170186	15493	125250
156780	16693	64560	169826	14606	125250
205168	16453	161336	170069	16077	125250
164834	16645	80668	169871	14734	125250
216354	15851	183708	169559	15814	125250
233107	15995	217214	169139	16321	125250
182238	16533	115476	170120	15897	125250
145264	16739	41528	169646	14530	125250
162874	16793	76748	170003	15300	125250
184727	16545	120454	170141	16186	125250
163976	16705	78952	170048	14828	125250
230813	15631	212626	169028	16257	125250
174852	16689	100704	170057	15481	125250
202675	16431	156350	169952	16039	125250
200138	16563	151276	170042	16223	125250
191776	16613	134552	170114	15775	125250
138845	16855	28690	169187	14230	125250
197433	16413	145866	170069	15680	125250
148622	16833	48244	169799	14487	125250
233640	15435	218280	168602	15836	125250
245042	15417	241084	167393	19213	125250
198519	16593	148038	170072	15693	125250
180002	15991	111004	169208	16093	125250
187133	16437	125266	170207	15726	125250
160081	16721	71162	169946	14856	125250
142905	16791	36810	169631	14110	125250
222231	15821	195462	169592	15908	125250
136387	16823	23774	168668	17928	125250
239698	15861	230396	168572	16795	125250
208276	16445	167552	169898	16462	125250
173406	16609	97812	170159	15528	125250
207475	16537	165950	169751	16438	125250
242810	15361	236620	167684	16678	125250
201585	16445	154170	170117	16338	125250
192633	16435	136266	170210	15854	125250
187342	16669	125684	170072	15785	125250
233504	15677	218008	169076	16039	125250
190995	16599	132990	169964	15786	125250
156663	16719	64326	169925	15963	125250
239669	15393	230338	167996	16083	125250
235750	15897	222500	168743	15766	125250
230309	15693	211618	169130	15801	125250
217000	16289	185000	169802	16128	125250
225432	15753	201864	169352	16076	125250
160011	16659	71022	169430	16235	125250
138518	17001	28036	167720	44207	125250
202663	15799	156326	169625	16112	125250
146010	16795	43020	169292	15213	125250
159190	16737	69380	170042	14946	125250
199702	16237	150404	169934	15725	125250
154865	16735	60730	169574	15606	125250
228396	16145	207792	169226	16165	125250
234493	15961	219986	168935	16012	125250
204622	16529	160244	169883	16321	125250
230539	15739	212078	169160	15963	125250
220841	16251	192682	169646	16188	125250
144226	16895	39452	169268	14143	125250
187324	16545	125648	170270	16494	125250
164511	16339	80022	168923	18223	125250
187718	16469	126436	170021	16183	125250
216930	16243	184860	169772	16641	125250
193910	16443	138820	170162	15789	125250
187560	16577	126120	170018	15681	125250
193074	16663	137148	169952	16270	125250
161903	16773	74806	169937	15199	125250
185621	16357	122242	170078	16039	125250
163694	16585	78388	169871	16747	125250
159099	16709	69198	169562	14472	125250
168152	16689	87304	169964	15993	125250
168377	16731	87754	170069	15333	125250
139928	16799	30856	169262	14736	125250
200206	16025	151412	169835	16080	125250
218615	16255	188230	169949	16174	125250
198961	16409	148922	170036	15757	125250
183207	16599	117414	170168	15585	125250
225535	15701	202070	169064	16675	125250
146534	16833	44068	169526	15498	125250
230190	15579	211380	169133	16005	125250
223911	16253	198822	169529	16373	125250
170235	16653	91470	170123	15184	125250
206690	16557	164380	169487	16429	125250
171604	16601	94208	170096	14861	125250
163092	16805	77184	169976	14781	125250
237501	15871	226002	168752	17130	125250
185644	16501	122288	169964	15939	125250
212148	15733	175296	169349	16151	125250
173071	16463	97142	169823	15945	125250
229456	15945	209912	169319	16652	125250
204060	16055	159120	169823	16132	125250
150643	16797	52286	169556	14310	125250
220207	15847	191414	169607	16160	125250
148225	16723	47450	169154	16582	125250
143097	16791	37194	169259	16191	125250
162518	16773	76036	169937	15450	125250
157462	16875	65924	169880	14556	125250
220063	15773	191126	169655	16095	125250
212910	15773	176820	169478	16375	125250
190213	16591	131426	170129	15418	125250
208810	16349	168620	170144	16036	125250
192255	16401	135510	170054	15859	125250
144528	16725	40056	169433	16983	125250
221185	15819	193370	169580	16133	125250
188095	16201	127190	169826	15542	125250
200629	16475	152258	170012	16204	125250
175439	16639	101878	170177	15742	125250
140196	16799	31392	168956	14382	125250
197488	15599	145976	169259	16526	125250
173825	16579	98650	170012	15458	125250
185166	16455	121332	169970	15784	125250
156516	16603	64032	169124	17043	125250
238005	15893	227010	168779	15998	125250
148283	16827	47566	169721	14868	125250
204506	16317	160012	170024	16162	125250
186583	16537	124166	170063	15393	125250
228875	16135	208750	169535	15970	125250
204904	16383	160808	170003	16419	125250
220933	15781	192866	169472	16542	125250
182328	16407	115656	170012	15534	125250
227932	16083	206864	169532	15928	125250
229718	15719	210436	169214	15954	125250
205712	16563	162424	169703	16735	125250
228167	15701	207334	169367	16434	125250
235685	15459	222370	168143	17910	125250
184795	16599	120590	170126	15782	125250
209861	16041	170722	169910	15943	125250
176038	16447	103076	170051	15650	125250
232906	16193	216812	167888	18744	125250
165997	16595	82994	170117	15632	125250
175011	16625	101022	170090	15765	125250
174630	16671	100260	170174	16282	125250
167505	16581	86010	170042	15644	125250
143068	16793	37136	169346	14574	125250
216812	16233	184624	169850	16447	125250
154821	16589	60642	169016	17611	125250
190825	16285	132650	170168	16045	125250
153205	16725	57410	169592	16111	125250
226155	15545	203310	169037	16267	125250
225799	16169	202598	169676	16431	125250
217384	16037	185768	169646	16108	125250
230778	15603	212556	169106	16537	125250
237150	15547	225300	168560	16704	125250
223267	15687	197534	169586	16065	125250
246728	15541	244456	166781	21191	125250
201367	16509	153734	170012	15930	125250
161188	16779	73376	169808	15215	125250
218409	15807	187818	169502	15901	125250
143158	16873	37316	168746	21777	125250
195968	16297	142936	170066	16227	125250
227831	16139	206662	169376	16094	125250
166013	16777	83026	169889	14787	125250
184890	16601	120780	169943	15683	125250
197711	16151	146422	169925	15722	125250
238614	15483	228228	168686	16676	125250
140676	16819	32352	169280	13850	125250
232035	16051	215070	169352	15626	125250
141079	16853	33158	168764	16926	125250
188016	16201	127032	169994	15986	125250
165098	16821	81196	169883	15361	125250
162379	16645	75758	169484	16639	125250
137788	16799	26576	169259	13424	125250
141474	16875	33948	168503	17566	125250
154338	16825	59676	169865	14564	125250
194783	16493	140566	170024	16159	125250
166820	16635	84640	170027	15156	125250
228171	16111	207342	169403	16070	125250
195306	16203	141612	170042	15986	125250
165049	16705	81098	170021	15697	125250
166430	16805	83860	170075	14829	125250
209500	16309	170000	169985	15878	125250
172124	16705	95248	170036	15802	125250
163068	16769	77136	169421	15595	125250
200833	16163	152666	169907	16073	125250
190972	16531	132944	170162	15501	125250
218664	15893	188328	169550	16017	125250
189663	16517	130326	170132	15523	125250
175816	16607	102632	170048	15210	125250
231490	16119	213980	169244	16034	125250
140647	16841	32294	168911	16913	125250
182035	16737	115070	170018	15478	125250
158675	16697	68350	169814	15418	125250
143534	16779	38068	169733	14524	125250
184814	16625	120628	170015	15217	125250
176646	16407	104292	169895	16483	125250
211903	15785	174806	169556	16043	125250
223117	15667	197234	169355	16004	125250
185780	16103	122560	169922	15577	125250
189169	16495	129338	170132	16050	125250
226804	16187	204608	169589	16135	125250
159056	16783	69112	169061	15149	125250
166738	16813	84476	169907	15230	125250
161007	16619	73014	170048	16177	125250
213249	16285	177498	170015	16080	125250
146348	16837	43696	169757	14674	125250
217617	16295	186234	169871	16448	125250
139208	16821	29416	169226	16393	125250
179791	16583	110582	170171	15284	125250
197045	16369	145090	170051	15721	125250
186851	16315	124702	170030	15976	125250
176664	16735	104328	169457	16154	125250
168724	16707	88448	170066	15006	125250
139105	16765	29210	168869	16811	125250
144958	16779	40916	169631	14088	125250
135281	16873	21562	168605	16490	125250
237920	15529	226840	168644	16694	125250
175736	16787	102472	169910	15570	125250
239976	15817	230952	168173	16415	125250
198802	16023	148604	170027	15688	125250
223157	16273	197314	169547	15962	125250
233471	15965	217942	169010	16393	125250
134060	16835	19120	168536	20061	125250
216744	16161	184488	169880	16066	125250
152684	16673	56368	169010	18148	125250
191794	16253	134588	169925	15806	125250
236753	15571	224506	168776	18045	125250
187054	16339	125108	170054	15577	125250
146181	16735	43362	169835	14849	125250
179967	16699	110934	170036	15612	125250
143343	16811	37686	169400	14246	125250
195016	16455	141032	170012	16300	125250
148356	16777	47712	169802	14326	125250
179263	16625	109526	170153	15541	125250
225683	16207	202366	169703	15780	125250
211347	16053	173694	169955	16403	125250
239001	15529	229002	168359	17189	125250
134962	16897	20924	168932	15390	125250
182022	16679	115044	169976	15562	125250
220984	15523	192968	168917	16568	125250
210549	16077	172098	169985	16202	125250
211256	16307	173512	170075	16319	125250
140084	16785	31168	169283	14382	125250
188345	16591	127690	170129	16147	125250
212112	16381	175224	169865	15522	125250
198167	16527	147334	170093	15650	125250
185221	16589	121442	169298	16893	125250
218232	15715	187464	169346	16066	125250
181779	16647	114558	169994	15990	125250
187626	16585	126252	170090	15869	125250
187782	16523	126564	170069	16261	125250
232103	15941	215206	168992	16216	125250
172837	16491	96674	170003	16254	125250
138427	16747	27854	169181	14473	125250
188299	16521	127598	170090	15858	125250
173927	16615	98854	170003	15735	125250
196781	16595	144562	169676	16249	125250
139421	16837	29842	169469	13695	125250
200794	16337	152588	170030	16076	125250
237253	15895	225506	168683	17077	125250
189319	16491	129638	170045	15961	125250
233076	16039	217152	169232	15506	125250
189858	16559	130716	170039	15574	125250
166781	16779	84562	169760	15146	125250
212381	15713	175762	169529	16268	125250
149911	16799	50822	169115	17960	125250
167388	16331	85776	169355	15528	125250
239747	15467	230494	168173	15910	125250
148315	16731	47630	169712	14592	125250
229642	16095	210284	169112	15822	125250
146484	16793	43968	169061	16375	125250
183819	16233	118638	169991	15516	125250
203846	16561	158692	169721	16219	125250
145470	16845	41940	169574	13947	125250
150107	16811	51214	169322	16020	125250
218367	16397	187734	169445	16934	125250
189884	16651	130768	169688	16466	125250
194235	16363	139470	170144	16035	125250
187903	16083	126806	169886	15776	125250
184159	16681	119318	169826	16326	125250
208667	16551	168334	169814	16585	125250
209971	16069	170942	169985	16185	125250
234886	15971	220772	169004	16484	125250
180130	16211	111260	169466	15440	125250
228178	15687	207356	169259	15910	125250
200630	16139	152260	169958	15978	125250
229258	15715	209516	169247	15972	125250
165600	16767	82200	169922	14203	125250
184404	16615	119808	170174	15839	125250
169474	16653	89948	170090	15379	125250
182782	16637	116564	170222	15686	125250
208502	16411	168004	170093	16175	125250
211417	16379	173834	170027	15956	125250
181759	16497	114518	170192	15653	125250
163674	16703	78348	169784	14879	125250
136082	17007	23164	168176	17922	125250
167444	16441	85888	169667	15560	125250
229596	16125	210192	169073	16410	125250
214636	16275	180272	169955	15760	125250
160583	16655	72166	170045	15204	125250
200799	16459	152598	170048	15666	125250
133243	16883	17486	168269	22530	125250
149222	16795	49444	169934	14828	125250
145712	16781	42424	169853	14354	125250
180083	16589	111166	170147	15841	125250
213208	16029	177416	169820	16182	125250
143768	16857	38536	169286	15235	125250
188917	16475	128834	170186	15601	125250
189202	16237	129404	169877	15894	125250
191536	16681	134072	169907	15728	125250
221175	16205	193350	169784	16043	125250
200837	16247	152674	170012	15969	125250
174222	16761	99444	169592	15740	125250
152053	16749	55106	169796	14571	125250
186009	16475	123018	170111	16561	125250
157702	16733	66404	169622	15649	125250
156086	16687	63172	169535	15397	125250
200029	16521	151058	170063	15951	125250
144570	16777	40140	169292	16044	125250
143139	16805	37278	169175	16499	125250
204880	15925	160760	169859	16306	125250
138807	16859	28614	168914	17202	125250
199700	16327	150400	170168	15866	125250
165586	16773	82172	169409	15500	125250
196526	16239	144052	170084	16343	125250
157140	16677	65280	169718	15095	125250
197268	16291	145536	170015	15600	125250
188449	16585	127898	170096	15458	125250
236085	15981	223170	168719	16335	125250
199437	16571	149874	169940	16546	125250
178127	16645	107254	170135	15400	125250
189877	16453	130754	170018	15559	125250
153446	16789	57892	169490	16053	125250
230220	15449	211440	168872	16585	125250
139372	16845	29744	168947	18079	125250
233894	15887	218788	169178	15685	125250
238948	15545	228896	168386	16005	125250
202318	16297	155636	170072	15855	125250
226097	16131	203194	169466	16535	125250
181009	16657	113018	169706	15592	125250
145453	16807	41906	169391	14231	125250
219463	15919	189926	169721	16204	125250
189644	16601	130288	170066	15396	125250
183369	16565	117738	170234	15858	125250
231358	16099	213716	169220	15997	125250
182434	16583	115868	170099	15593	125250
153193	16763	57386	169988	14906	125250
236989	15543	224978	168587	17039	125250
143068	16789	37136	168779	18706	125250
164967	16599	80934	169937	15498	125250
233412	15553	217824	168848	16526	125250
183007	16737	117014	169760	15722	125250
180644	16733	112288	170096	15633	125250
182088	16419	115176	170042	16038	125250
223537	15795	198074	169559	16667	125250
202815	16483	156630	170009	15758	125250
161226	16553	73452	169712	15778	125250
179218	16703	109436	169682	15795	125250
142613	16765	36226	169163	17072	125250
182066	16567	115132	170159	15612	125250
185056	16551	121112	170030	15849	125250
239377	15481	229754	168425	16662	125250
220249	15701	191498	169559	16084	125250
197381	16299	145762	170093	15662	125250
183429	16289	117858	169946	16675	125250
156505	16721	64010	169643	15118	125250
165773	16613	82546	169871	15711	125250
144141	16759	39282	169340	15937	125250
181725	16615	114450	170153	15598	125250
161517	16659	74034	169772	14840	125250
170584	16571	92168	169901	15380	125250
206276	16463	163552	169961	15629	125250
188479	16531	127958	170126	15353	125250
168085	16509	87170	169520	16805	125250
150429	16731	51858	169118	18703	125250
135086	16929	21172	168536	16059	125250
196870	16225	144740	169859	16270	125250
148896	16763	48792	169475	14865	125250
202644	16427	156288	170111	16121	125250
167167	16575	85334	169652	15785	125250
215720	15805	182440	169535	16335	125250
155000	16783	61000	170111	14944	125250
199646	16165	150292	169934	16212	125250
212357	16025	175714	169745	16502	125250
158917	16637	68834	169454	15072	125250
232369	15579	215738	169130	16386	125250
222583	16297	196166	169880	15613	125250
191314	16471	133628	170099	15792	125250
190412	16249	131824	170153	15776	125250
179128	16233	109256	169658	15539	125250
156079	16683	63158	169010	17323	125250
167358	16733	85716	169865	14801	125250
160467	16355	71934	168377	21462	125250
163975	16689	78950	170105	15306	125250
160493	16645	71986	169865	15143	125250
234334	15595	219668	168749	15886	125250
190145	16529	131290	170111	15975	125250
148024	16785	47048	169445	16001	125250
143170	16807	37340	169433	13820	125250
194881	16399	140762	170192	15842	125250
220367	16225	191734	169835	15649	125250
190473	16511	131946	170084	15573	125250
223342	15753	197684	169283	16420	125250
233236	15611	217472	168803	16475	125250
161643	16563	74286	169331	16063	125250
172118	16675	95236	170096	15372	125250
209851	15805	170702	169466	16089	125250
227171	16085	205342	169610	15957	125250
234097	15569	219194	168977	16582	125250
141757	16831	34514	169367	14077	125250
199991	16603	150982	169769	16129	125250
153552	16773	58104	169646	15992	125250
221155	15755	193310	169490	16676	125250
238914	15867	228828	168560	16904	125250
156641	16561	64282	169334	16814	125250
171083	16691	93166	169691	15464	125250
146383	16775	43766	169166	16013	125250
202659	16433	156318	170066	16397	125250
213745	16359	178490	169823	16044	125250
177451	16509	105902	170177	15491	125250
147822	16791	46644	169328	15853	125250
156638	16839	64276	169538	14150	125250
144407	16805	39814	169601	15126	125250
206974	16351	164948	169952	15585	125250
226590	16223	204180	169361	16748	125250
153069	16715	57138	169496	15422	125250
230515	15567	212030	169025	15808	125250
157555	16777	66110	169943	14991	125250
171150	16805	93300	169397	14856	125250
190272	16373	131544	170021	15833	125250
180773	16635	112546	170096	15766	125250
142699	16819	36398	169073	16556	125250
187552	16625	126104	170045	15554	125250
191230	16619	133460	169979	16250	125250
144729	16841	40458	169688	14761	125250
197170	16479	145340	170129	16024	125250
234197	15631	219394	168824	16226	125250
177498	16559	105996	170018	15731	125250
234133	15487	219266	168971	15741	125250
139092	16833	29184	168977	16096	125250
215957	16059	182914	169865	15621	125250
199109	16319	149218	170003	15668	125250
195243	16413	141486	170171	16047	125250
136363	16881	23726	168788	17669	125250
203882	16433	158764	169943	15841	125250
231011	16021	213022	169421	17745	125250
177931	16669	106862	170237	15674	125250
172441	16705	95882	170132	15166	125250
165879	16665	82758	169223	15436	125250
170799	16703	92598	170078	15713	125250
174357	16357	99714	169952	15869	125250
193003	16417	137006	170093	15614	125250
199962	16567	150924	169757	16216	125250
185426	16515	121852	170201	15818	125250
217709	15857	186418	169682	16077	125250
150962	16697	52924	169274	19519	125250
179699	16615	110398	170144	15744	125250
222154	15837	195308	169550	16372	125250
136624	16871	24248	168536	14741	125250
196110	15857	143220	169580	15778	125250
189172	16493	129344	170156	15592	125250
149980	16683	50960	169547	17158	125250
134804	16841	20608	168671	20263	125250
164988	16599	80976	170009	15367	125250
130003	16987	11006	167789	24655	125250
187442	16595	125884	170045	16279	125250
176934	16525	104868	168269	17030	125250
132478	16899	15956	168455	14804	125250
236059	15873	223118	168941	15594	125250
141757	16761	34514	169232	16352	125250
201478	16141	153956	170111	16342	125250
171053	16387	93106	169715	16172	125250
158956	16665	68912	169937	14898	125250
210154	15707	171308	169517	15923	125250
214664	16341	180328	169871	16969	125250
206403	16057	163806	169757	15859	125250
187091	16489	125182	170186	15519	125250
145944	16881	42888	169838	14249	125250
136075	16921	23150	168875	14457	125250
237975	15511	226950	168473	16602	125250
219095	15677	189190	169295	15907	125250
174891	16623	100782	170045	15581	125250
134439	16865	19878	168482	22966	125250
188636	16521	128272	170063	15620	125250
240704	15857	232408	168035	16010	125250
178571	16439	108142	170147	16087	125250
214439	16377	179878	170036	16248	125250
191439	16509	133878	170174	15782	125250
130249	17009	11498	167894	28934	125250
170579	16611	92158	170156	16126	125250
200660	16489	152320	169937	15933	125250
183356	16593	117712	170165	15351	125250
180890	16627	112780	170036	16298	125250
185941	16503	122882	170111	15523	125250
147229	16733	45458	169457	15021	125250
228894	15663	208788	169073	15567	125250
