124750	12480	62729	124826	13289	124750
124750	12485	61860	124770	13971	124750
124750	12451	63556	124788	13826	124750
124750	12506	61489	124704	13642	124750
124750	12503	61754	124822	13996	124750
124750	12540	62819	124720	13800	124750
124750	12590	60225	124776	13676	124750
124750	12511	61272	124802	13707	124750
124750	12488	65607	124768	13647	124750
124750	12423	63974	124714	13942	124750
124750	12547	61356	124800	13388	124750
124750	12466	61517	124786	13857	124750
124750	12468	62167	124786	13590	124750
124750	12510	61995	124800	13594	124750
124750	12485	63740	124834	13510	124750
124750	12521	62020	124810	13574	124750
124750	12491	61346	124832	13756	124750
124750	12500	63401	124802	13814	124750
124750	12483	62110	124758	13582	124750
124750	12430	64287	124808	13451	124750
124750	12497	63146	124812	13570	124750
124750	12508	61819	124866	13609	124750
124750	12467	62974	124764	13628	124750
124750	12541	59660	124812	13814	124750
124750	12503	62926	124796	14044	124750
124750	12481	60244	124764	13956	124750
124750	12439	65906	124768	13729	124750
124750	12444	62823	124744	14111	124750
124750	12404	64531	124816	13694	124750
124750	12472	63229	124766	14018	124750
124750	12458	64935	124776	14230	124750
124750	12444	62693	124806	13570	124750
124750	12395	68538	124792	13508	124750
124750	12493	60780	124824	13413	124750
124750	12455	66098	124800	13511	124750
124750	12421	63340	124772	13537	124750
124750	12519	65058	124752	14102	124750
124750	12524	62965	124738	14085	124750
124750	12501	61108	124750	13604	124750
124750	12485	62198	124768	13685	124750
124750	12394	65673	124742	13675	124750
124750	12481	62114	124830	13655	124750
124750	12534	60663	124796	13494	124750
124750	12516	63315	124750	13933	124750
124750	12431	65558	124792	13895	124750
124750	12501	66458	124790	13862	124750
124750	12508	63737	124800	13658	124750
124750	12480	60339	124732	13853	124750
124750	12434	65737	124806	13649	124750
124750	12482	60643	124832	13810	124750
124750	12498	64431	124746	13695	124750
124750	12428	62129	124762	13608	124750
124750	12520	61261	124808	13690	124750
124750	12513	62204	124750	13743	124750
124750	12481	64810	124734	13711	124750
124750	12485	63158	124814	13666	124750
124750	12411	64884	124726	13739	124750
124750	12475	63838	124746	13878	124750
124750	12462	66211	124834	13956	124750
124750	12467	61516	124858	13868	124750
124750	12489	61432	124770	14407	124750
124750	12376	66011	124680	13699	124750
124750	12428	61847	124748	14334	124750
124750	12402	61947	124824	13551	124750
124750	12512	64055	124738	13874	124750
124750	12475	63542	124784	13604	124750
124750	12497	61932	124824	14196	124750
124750	12424	63497	124838	14274	124750
124750	12442	63225	124810	13957	124750
124750	12439	64006	124770	13689	124750
124750	12502	65227	124816	13876	124750
124750	12529	62614	124742	14130	124750
124750	12456	62713	124770	13607	124750
124750	12392	62629	124780	13396	124750
124750	12515	61218	124836	13411	124750
124750	12468	60827	124830	13777	124750
124750	12495	61600	124816	13761	124750
124750	12403	71460	124786	13876	124750
124750	12395	65008	124810	14081	124750
124750	12497	64686	124716	13728	124750
124750	12479	60850	124848	13821	124750
124750	12492	63967	124792	13921	124750
124750	12528	64057	124744	14300	124750
124750	12509	63848	124784	14007	124750
124750	12540	62269	124738	14101	124750
124750	12492	64225	124824	13757	124750
124750	12478	64677	124770	14228	124750
124750	12450	65415	124756	13583	124750
124750	12507	64206	124800	13666	124750
124750	12425	63004	124828	13968	124750
124750	12543	62210	124702	13975	124750
124750	12489	63998	124824	13497	124750
124750	12472	64807	124830	14134	124750
124750	12501	62948	124858	13833	124750
124750	12535	57440	124792	13534	124750
124750	12435	60226	124772	13815	124750
124750	12505	62674	124762	13816	124750
124750	12453	64786	124750	13745	124750
124750	12529	62354	124820	14112	124750
124750	12461	60690	124756	14660	124750
124750	12508	62015	124844	13728	124750
124750	12500	62569	124748	13605	124750
124750	12512	65345	124794	13927	124750
124750	12541	62098	124718	14255	124750
124750	12422	62797	124790	13600	124750
124750	12430	63625	124716	13503	124750
124750	12453	61118	124856	13697	124750
124750	12442	63873	124700	13635	124750
124750	12449	64488	124738	13923	124750
124750	12510	59057	124724	13375	124750
124750	12498	64925	124750	14341	124750
124750	12539	63022	124764	13444	124750
124750	12464	63025	124734	13403	124750
124750	12478	60809	124766	14145	124750
124750	12541	60442	124798	13782	124750
124750	12451	61062	124764	13823	124750
124750	12500	65363	124806	13982	124750
124750	12459	63932	124832	14179	124750
124750	12457	61376	124806	14265	124750
124750	12498	60919	124800	13476	124750
124750	12514	60275	124770	13417	124750
124750	12503	63982	124776	14134	124750
124750	12514	61273	124830	13477	124750
124750	12491	62836	124902	14204	124750
124750	12429	64382	124774	13314	124750
124750	12466	63041	124806	14063	124750
124750	12499	61988	124698	13917	124750
124750	12483	61174	124822	13570	124750
124750	12457	59742	124770	14068	124750
124750	12462	63289	124710	13854	124750
124750	12544	62377	124798	13362	124750
124750	12489	62950	124776	13880	124750
124750	12427	60038	124766	13557	124750
124750	12443	59544	124784	13588	124750
124750	12477	62886	124754	14101	124750
124750	12391	61448	124792	13711	124750
124750	12467	63244	124748	13958	124750
124750	12519	64450	124806	13342	124750
124750	12515	64224	124776	13855	124750
124750	12422	63189	124740	13826	124750
124750	12498	62083	124810	14360	124750
124750	12457	62834	124756	13900	124750
124750	12481	61250	124750	13586	124750
124750	12520	59311	124820	13590	124750
124750	12456	64023	124716	13751	124750
124750	12508	60991	124850	14107	124750
124750	12467	61996	124764	13499	124750
124750	12437	63208	124782	13992	124750
124750	12529	61772	124766	13653	124750
124750	12472	64419	124728	13747	124750
124750	12491	60210	124816	13405	124750
124750	12428	65431	124736	13630	124750
124750	12440	61711	124766	13971	124750
124750	12451	66660	124804	13712	124750
124750	12527	63704	124738	13769	124750
124750	12516	62955	124788	13858	124750
124750	12475	64882	124772	13547	124750
124750	12471	62858	124784	14240	124750
124750	12564	60591	124808	13756	124750
124750	12382	67611	124842	13860	124750
124750	12518	60327	124720	13525	124750
124750	12474	65283	124678	13787	124750
124750	12447	63030	124746	13705	124750
124750	12518	61113	124696	13405	124750
124750	12456	63095	124798	13705	124750
124750	12506	62977	124748	13630	124750
124750	12473	64684	124836	13974	124750
124750	12457	60654	124678	14018	124750
124750	12541	63590	124764	13908	124750
124750	12482	65039	124754	14019	124750
124750	12493	61934	124748	13574	124750
124750	12515	63004	124772	13730	124750
124750	12549	61214	124812	14030	124750
124750	12487	64636	124828	13617	124750
124750	12496	64587	124744	13641	124750
124750	12481	62776	124796	13884	124750
124750	12482	61679	124788	13817	124750
124750	12435	65624	124746	13885	124750
124750	12517	63644	124792	14081	124750
124750	12497	61894	124762	13461	124750
124750	12459	62418	124756	13708	124750
124750	12455	59746	124852	13629	124750
124750	12484	61811	124744	13315	124750
124750	12515	63378	124786	14123	124750
124750	12398	63859	124752	13516	124750
124750	12469	63038	124786	14120	124750
124750	12498	60565	124730	14146	124750
124750	12511	60728	124800	13579	124750
124750	12438	62721	124780	14082	124750
124750	12466	61889	124852	13874	124750
124750	12409	61066	124794	13536	124750
124750	12479	68436	124766	13792	124750
124750	12487	63238	124808	13490	124750
124750	12448	63545	124752	13611	124750
124750	12502	60831	124784	13502	124750
124750	12517	64856	124826	13713	124750
124750	12449	64396	124818	13634	124750
124750	12462	62813	124758	13562	124750
124750	12493	64250	124794	13945	124750
124750	12492	63489	124816	13355	124750
124750	12505	62834	124768	13775	124750
124750	12486	64663	124774	13819	124750
124750	12535	59900	124754	14024	124750
124750	12500	64165	124752	13675	124750
124750	12538	64067	124808	13666	124750
124750	12386	62413	124758	14065	124750
124750	12466	65499	124814	14016	124750
124750	12504	61119	124826	13968	124750
124750	12514	63827	124798	13923	124750
124750	12477	64766	124778	13930	124750
124750	12481	65000	124720	13648	124750
124750	12539	60302	124786	13630	124750
124750	12500	61317	124816	13575	124750
124750	12518	62551	124786	13968	124750
124750	12493	61346	124778	13827	124750
124750	12421	63622	124846	13496	124750
124750	12427	65392	124752	13669	124750
124750	12475	63440	124804	13606	124750
124750	12540	61581	124860	13796	124750
124750	12452	63915	124752	13931	124750
124750	12486	63685	124788	14092	124750
124750	12430	64525	124812	13716	124750
124750	12483	65674	124844	13990	124750
124750	12511	62388	124790	14023	124750
124750	12498	62429	124690	13722	124750
124750	12439	62198	124684	13572	124750
124750	12487	63682	124788	14551	124750
124750	12487	65254	124832	14314	124750
124750	12440	65123	124800	13708	124750
124750	12514	62965	124778	13668	124750
124750	12524	62587	124772	13526	124750
124750	12464	64907	124816	14051	124750
124750	12440	62861	124868	13902	124750
124750	12461	64356	124706	13473	124750
124750	12497	62166	124782	13712	124750
124750	12439	66186	124794	13819	124750
124750	12473	63238	124774	13709	124750
124750	12507	62878	124814	14020	124750
124750	12486	61759	124834	14171	124750
124750	12503	59926	124760	13425	124750
124750	12451	61512	124794	13655	124750
124750	12474	64159	124790	13753	124750
124750	12480	63003	124868	13576	124750
124750	12472	67203	124768	13872	124750
124750	12439	62008	124810	13609	124750
124750	12443	60876	124780	13799	124750
124750	12501	62040	124816	13701	124750
124750	12442	64339	124684	13428	124750
124750	12460	63527	124848	13613	124750
124750	12563	59380	124818	13948	124750
124750	12477	63570	124826	13636	124750
124750	12469	61846	124758	13535	124750
124750	12507	58464	124748	13988	124750
124750	12482	65069	124736	13632	124750
124750	12448	59695	124734	13836	124750
124750	12466	63479	124824	13433	124750
124750	12522	64449	124780	13477	124750
124750	12536	64029	124732	13640	124750
124750	12425	63342	124810	13895	124750
124750	12520	60121	124688	13455	124750
124750	12486	62033	124826	13816	124750
124750	12524	63221	124754	13532	124750
124750	12382	65547	124732	14194	124750
124750	12489	63848	124772	13739	124750
124750	12546	64329	124718	14304	124750
124750	12523	60398	124726	13574	124750
124750	12455	62968	124830	13605	124750
124750	12507	60420	124800	13702	124750
124750	12479	64538	124768	14053	124750
124750	12439	62304	124750	13447	124750
124750	12440	62107	124762	13353	124750
124750	12476	63729	124722	13675	124750
124750	12479	62396	124778	13454	124750
124750	12527	60626	124744	13564	124750
124750	12516	61585	124778	14661	124750
124750	12498	61287	124712	13678	124750
124750	12495	58390	124748	13381	124750
124750	12515	61678	124708	13753	124750
124750	12471	62896	124802	14464	124750
124750	12513	60934	124804	13267	124750
124750	12508	62763	124780	13525	124750
124750	12443	64226	124794	13499	124750
124750	12482	62467	124748	14468	124750
124750	12486	63637	124764	13637	124750
124750	12490	62751	124744	14702	124750
124750	12517	61186	124776	13502	124750
124750	12484	62657	124804	13806	124750
124750	12478	63031	124812	13804	124750
124750	12561	62496	124842	14744	124750
124750	12492	62699	124786	13380	124750
124750	12496	59355	124778	13542	124750
124750	12449	62436	124690	13678	124750
124750	12507	61218	124722	13468	124750
124750	12468	61277	124760	13470	124750
124750	12467	64606	124802	13976	124750
124750	12455	62604	124822	13894	124750
124750	12435	65930	124802	13800	124750
124750	12455	65638	124784	13600	124750
124750	12501	65176	124794	13844	124750
124750	12554	60325	124738	13646	124750
124750	11880	113275	123970	16346	124750
124750	12193	91454	124590	14322	124750
124750	12672	12711	124048	13251	124750
124750	12183	94632	124584	13736	124750
124750	12253	87588	124692	13814	124750
124750	11940	113693	123962	15226	124750
124750	12621	47462	124640	13498	124750
124750	12014	107363	124300	14357	124750
124750	12667	8814	123822	14606	124750
124750	11755	120324	123174	17232	124750
124750	12427	67352	124758	13654	124750
124750	12131	101778	124440	14224	124750
124750	12632	7961	123760	14380	124750
124750	12604	41101	124708	13826	124750
124750	12364	78031	124760	13985	124750
124750	12444	69035	124752	13866	124750
124750	11861	116484	123636	16125	124750
124750	12002	111317	124086	14388	124750
124750	12750	6005	123528	17958	124750
124750	12007	107214	124284	13889	124750
124750	12740	4749	123476	18428	124750
124750	12686	18501	124258	13405	124750
124750	12676	14815	124320	13059	124750
124750	12622	16411	124180	13027	124750
124750	12716	8715	123808	14057	124750
124750	12637	28426	124658	13306	124750
124750	11930	112183	124004	14434	124750
124750	12235	94646	124540	13656	124750
124750	12702	5513	123376	19789	124750
124750	12705	5094	123474	19244	124750
124750	11999	111410	124082	15290	124750
124750	12589	25882	124608	13498	124750
124750	11729	123746	122448	31727	124750
124750	11985	107544	124158	14482	124750
124750	12623	28566	124568	13270	124750
124750	12132	96617	124694	14012	124750
124750	11697	123628	122450	31295	124750
124750	12503	64056	124792	13369	124750
124750	12631	9450	123934	15304	124750
124750	12632	19421	124456	13065	124750
124750	12729	6506	123618	16127	124750
124750	12685	8730	123818	14431	124750
124750	12391	69986	124776	14301	124750
124750	12122	98307	124498	14672	124750
124750	12627	18210	124440	12599	124750
124750	12300	83419	124622	14391	124750
124750	12410	72011	124780	13532	124750
124750	11718	123895	122400	36045	124750
124750	12012	106615	124334	14492	124750
124750	12674	10099	123904	13855	124750
124750	12021	110100	124126	15373	124750
124750	11863	115586	123766	13567	124750
124750	12835	3122	123076	23853	124750
124750	12661	9160	123894	14490	124750
124750	12652	9939	124114	15317	124750
124750	11868	116825	123718	15412	124750
124750	12624	11713	124078	16040	124750
124750	12609	12252	124136	12727	124750
124750	12612	23895	124538	14562	124750
124750	12682	11219	124014	14686	124750
124750	12037	107848	124240	14058	124750
124750	11858	116345	123708	14908	124750
124750	12479	55474	124770	13600	124750
124750	12649	15854	124304	13087	124750
124750	11830	117551	123586	16024	124750
124750	12683	11856	123968	13452	124750
124750	12560	58481	124714	13454	124750
124750	12655	8296	123846	15541	124750
124750	12278	85165	124702	13856	124750
124750	12639	18752	124386	12627	124750
124750	12082	106203	124210	13838	124750
124750	12576	34049	124728	13904	124750
124750	12619	30876	124762	12811	124750
124750	11828	116713	123656	15330	124750
124750	12469	64860	124802	13520	124750
124750	12082	104025	124416	14495	124750
124750	12297	84950	124672	13892	124750
124750	12683	8156	123792	14797	124750
124750	12710	8595	123716	15586	124750
124750	11842	117233	123606	15340	124750
124750	12184	95939	124590	13969	124750
124750	12675	17598	124292	12895	124750
124750	11884	113915	123914	13975	124750
124750	12269	90936	124660	14005	124750
124750	12611	22300	124500	12855	124750
124750	11967	112244	124054	14408	124750
124750	12491	56942	124744	13654	124750
124750	12619	27136	124692	14040	124750
124750	12405	71200	124750	13910	124750
124750	11770	118867	123348	17166	124750
124750	12640	15841	124214	13239	124750
124750	12623	19224	124280	13135	124750
124750	12395	74598	124766	13754	124750
124750	12712	7453	123702	14293	124750
124750	12039	108884	124210	13856	124750
124750	11701	123710	122406	28718	124750
124750	12466	62605	124758	13690	124750
124750	12406	74701	124686	13635	124750
124750	12634	23955	124530	13329	124750
124750	11826	118577	123502	17378	124750
124750	12670	15659	124380	12773	124750
124750	12736	4795	123368	15957	124750
124750	11946	112337	123900	13272	124750
124750	12705	10386	124010	14125	124750
124750	12707	11808	124028	14161	124750
124750	12382	75031	124778	13943	124750
124750	12655	19580	124492	13192	124750
124750	12723	6490	123646	16099	124750
124750	12021	106464	124276	14471	124750
124750	12601	24374	124506	12501	124750
124750	12713	6732	123668	16530	124750
124750	12627	19450	124544	13668	124750
124750	12662	14077	124046	13176	124750
124750	12845	2812	122988	23837	124750
124750	12586	50775	124784	14511	124750
124750	12502	51561	124724	13447	124750
124750	12569	44336	124776	13519	124750
124750	11880	118261	123442	16128	124750
124750	12638	12925	124226	13912	124750
124750	11929	112234	124082	15225	124750
124750	12561	39720	124758	13264	124750
124750	12702	6685	123614	15946	124750
124750	12444	65381	124750	13990	124750
124750	12632	25951	124474	13110	124750
124750	12123	99578	124602	13651	124750
124750	11902	112813	123912	15218	124750
124750	12163	95578	124520	14205	124750
124750	12641	14250	124400	13982	124750
124750	12606	15281	124268	14190	124750
124750	12080	106931	124428	14222	124750
124750	12668	5591	123562	16825	124750
124750	12006	107791	124316	14116	124750
124750	11848	117637	123536	16343	124750
124750	12635	41616	124702	13752	124750
124750	11835	115924	123730	15803	124750
124750	12188	96603	124644	13950	124750
124750	12031	106566	124224	15106	124750
124750	11933	112910	123942	14709	124750
124750	12633	24458	124424	12749	124750
124750	12650	18925	124624	12436	124750
124750	12935	1912	122808	34642	124750
124750	12650	14637	124144	13264	124750
124750	12608	27759	124572	13484	124750
124750	12626	25175	124582	13008	124750
124750	12616	21425	124486	13437	124750
124750	12616	18895	124486	14274	124750
124750	12517	61080	124772	13743	124750
124750	11944	115037	123724	13963	124750
124750	12634	22853	124342	13083	124750
124750	12509	54096	124770	13547	124750
124750	12371	74774	124762	14822	124750
124750	12643	13218	124274	14097	124750
124750	11720	122489	122826	23645	124750
124750	11912	110509	124240	14753	124750
124750	12498	73809	124818	14217	124750
124750	12561	35056	124664	13945	124750
124750	12329	80188	124672	14061	124750
124750	11987	111430	124120	15095	124750
124750	12551	52206	124834	13637	124750
124750	12433	74516	124742	13805	124750
124750	12359	77752	124850	14102	124750
124750	12674	12211	124030	14572	124750
124750	12699	7566	123690	15933	124750
124750	11893	116830	123462	16340	124750
124750	12083	97152	124530	13905	124750
124750	11936	110877	124046	13744	124750
124750	12836	3053	123096	21105	124750
124750	11940	111163	124032	15411	124750
124750	12053	103212	124354	14415	124750
124750	12625	12352	123962	12972	124750
124750	11881	111848	123928	14227	124750
124750	12709	6586	123590	16578	124750
124750	11727	119074	123376	16259	124750
124750	12083	100372	124416	14315	124750
124750	12672	5907	123664	19054	124750
124750	12650	22915	124794	12613	124750
124750	12541	42526	124804	13570	124750
124750	12170	96617	124608	14138	124750
124750	12631	10140	123924	13204	124750
124750	12687	12696	124086	12981	124750
124750	12050	108919	124182	14229	124750
124750	12066	102323	124492	14529	124750
124750	11816	117131	123666	17799	124750
124750	12099	102020	124338	15020	124750
124750	12615	16904	124270	13841	124750
124750	12577	33162	124728	13171	124750
124750	12011	106852	124172	15321	124750
124750	12639	21888	124502	14255	124750
124750	12639	13554	124252	14991	124750
124750	11934	112831	123996	13282	124750
124750	12547	31258	124684	13307	124750
124750	12644	18683	124292	13557	124750
124750	12583	29852	124694	13470	124750
124750	11756	121413	123038	20688	124750
124750	12664	16939	124162	12836	124750
124750	12647	35292	124698	13564	124750
124750	12638	11455	124094	12815	124750
124750	12344	83203	124650	14001	124750
124750	12665	15758	124306	13084	124750
124750	12080	104185	124332	13885	124750
124750	12533	52018	124764	13631	124750
124750	12546	42041	124664	13170	124750
124750	12099	102928	124392	14153	124750
124750	12638	12769	123968	13172	124750
124750	12006	108795	124158	14813	124750
124750	12723	8520	123742	15226	124750
124750	12674	8631	123720	14087	124750
124750	11926	113265	123922	14030	124750
124750	11992	107379	124278	15303	124750
124750	12679	7238	123606	14758	124750
124750	12268	87463	124686	14200	124750
124750	12628	32581	124636	12882	124750
124750	12682	8397	123728	15148	124750
124750	12892	2151	122846	27112	124750
124750	11861	117062	123692	15366	124750
124750	11804	120179	123234	17784	124750
124750	12266	88749	124634	14151	124750
124750	12121	98580	124602	15032	124750
124750	12666	18657	124366	14056	124750
124750	12659	7830	123798	16295	124750
124750	12023	104006	124402	15156	124750
124750	11920	111307	124072	14073	124750
124750	12609	17394	124320	13988	124750
124750	12616	18685	124310	12788	124750
124750	12014	104575	124372	13934	124750
124750	12651	22484	124632	12961	124750
124750	12067	106846	124232	14163	124750
124750	12029	109214	124136	14195	124750
124750	12479	65912	124784	13634	124750
124750	11868	116421	123622	14940	124750
124750	12669	9824	123786	13164	124750
124750	12696	10683	123884	14696	124750
124750	12447	64310	124772	13585	124750
124750	12633	15578	124304	13077	124750
124750	11807	118276	123570	17388	124750
124750	11884	116977	123726	15041	124750
124750	12694	7711	123656	15394	124750
124750	11915	115170	123794	15053	124750
124750	12279	84422	124596	13980	124750
124750	12647	13932	124260	13449	124750
124750	12178	91113	124604	13922	124750
124750	12699	15770	124360	12883	124750
124750	12052	104067	124324	13853	124750
124750	12619	24322	124580	12935	124750
124750	12061	106194	124290	15158	124750
124750	12410	72919	124742	13778	124750
124750	12580	34887	124740	13355	124750
124750	12531	56988	124854	13284	124750
124750	12653	14250	124110	13321	124750
124750	12004	110655	124124	13507	124750
124750	12684	12711	124136	13167	124750
124750	12487	57712	124832	13645	124750
124750	12685	11572	124064	12697	124750
124750	12156	98817	124612	13492	124750
124750	12082	101193	124442	15202	124750
124750	12629	12060	124162	14011	124750
124750	11730	120867	123226	18383	124750
124750	12469	69674	124810	13757	124750
124750	12639	21566	124486	13131	124750
124750	11970	109019	124180	14940	124750
124750	12627	10590	123914	14419	124750
124750	12640	29879	124666	12758	124750
124750	12658	21929	124384	13086	124750
124750	12437	76670	124770	13849	124750
124750	11883	115674	123772	14819	124750
124750	12655	11354	124002	12976	124750
124750	11844	115577	123708	15111	124750
124750	12679	10468	123988	14094	124750
124750	12658	15193	124188	14166	124750
124750	12310	83901	124740	13858	124750
124750	11891	116384	123698	14995	124750
124750	12680	10441	123984	15687	124750
124750	12706	10241	123944	15215	124750
124750	12637	19848	124472	13326	124750
124750	12660	15031	124146	13861	124750
124750	12385	73688	124724	13759	124750
124750	12101	103456	124288	14140	124750
124750	12617	43796	124702	13957	124750
124750	11984	108479	124150	15580	124750
124750	12629	43874	124758	14077	124750
124750	12046	106729	124288	13587	124750
124750	12663	25346	124764	13317	124750
124750	11962	109731	124056	14993	124750
124750	12622	42181	124656	13145	124750
124750	11812	118997	123312	17038	124750
124750	11822	115983	123800	15059	124750
124750	12017	103324	124304	14784	124750
124750	12658	10773	124034	14037	124750
124750	12619	12114	124136	14816	124750
124750	11750	124445	122084	42405	124750
124750	12591	32384	124612	13136	124750
124750	11914	115057	123824	16036	124750
124750	12678	12039	124228	13185	124750
124750	12673	9270	123926	15150	124750
124750	12555	48694	124844	13056	124750
124750	12080	100933	124414	13568	124750
124750	11853	117224	123656	15456	124750
124750	12240	91305	124594	13774	124750
124750	11770	121955	122942	22615	124750
124750	12693	10798	124070	15287	124750
124750	12857	2968	123144	23844	124750
124750	12237	92036	124582	14036	124750
124750	12677	12650	124116	13661	124750
124750	11763	120860	123196	19260	124750
124750	12110	104759	124378	13639	124750
124750	12020	104915	124204	14007	124750
124750	12345	80616	124648	13988	124750
124750	12021	109778	124086	15835	124750
124750	12367	82164	124790	13730	124750
124750	11906	110181	124164	15110	124750
124750	12760	4989	123424	16008	124750
124750	12643	14104	124274	13215	124750
124750	12256	93997	124668	14515	124750
124750	12152	101511	124578	13920	124750
124750	12067	104314	124370	14443	124750
124750	12971	1974	122768	30314	124750
124750	12005	107190	124244	13766	124750
124750	12644	30821	124696	14901	124750
124750	11899	114556	123880	14283	124750
124750	12607	25588	124676	12780	124750
124750	11797	118728	123430	14817	124750
124750	11893	113688	123902	13796	124750
124750	11704	123497	122466	28723	124750
124750	12760	4219	123288	18343	124750
124750	11871	113716	123836	14394	124750
124750	12660	12343	124038	14667	124750
124750	12718	19957	124358	13328	124750
124750	12639	19644	124438	13685	124750
124750	12619	26440	124662	13173	124750
124750	11909	116746	123746	15163	124750
124750	12651	14226	124156	13877	124750
124750	11882	115767	123704	15125	124750
124750	12128	100515	124446	15219	124750
124750	11991	110814	124146	14809	124750
124750	12642	11415	124068	13121	124750
124750	12061	105384	124232	13776	124750
124750	12256	90885	124614	14389	124750
124750	12669	14430	124222	12846	124750
124750	11992	108281	124174	13796	124750
124750	12618	22749	124532	13332	124750
124750	12062	108341	124072	14513	124750
124750	12623	14104	124008	12799	124750
124750	12471	68980	124758	13581	124750
124750	11878	117091	123612	15969	124750
124750	12675	10300	123940	15489	124750
124750	11915	114458	123824	14410	124750
124750	12017	111046	124068	15029	124750
124750	12014	106947	124226	14730	124750
124750	11837	116978	123690	14334	124750
124750	11999	111162	124046	15811	124750
124750	12836	3377	123148	22222	124750
124750	12693	12340	123924	13674	124750
124750	12656	10021	123898	16052	124750
124750	12605	42016	124700	13148	124750
124750	11889	115446	123776	15235	124750
124750	12645	10484	124110	13089	124750
124750	12480	50475	124754	13473	124750
124750	12570	35853	124730	13202	124750
124750	12621	19736	124474	13963	124750
124750	12249	84418	124780	13672	124750
124750	12682	11731	124114	12861	124750
124750	12676	7003	123698	16505	124750
124750	12137	101038	124422	14475	124750
124750	12680	16741	124304	12720	124750
124750	11876	113829	123860	15069	124750
124750	12138	101247	124444	13879	124750
124750	12035	109754	124208	13266	124750
124750	12636	15125	124160	13386	124750
124750	12603	35512	124566	13151	124750
124750	11734	122453	122808	22508	124750
124750	12526	56735	124774	13666	124750
124750	11786	118087	123672	15426	124750
124750	12637	30566	124538	12730	124750
124750	12710	13177	124028	14102	124750
124750	12527	47370	124810	13953	124750
124750	12660	6897	123680	16486	124750
124750	12661	16874	124470	12485	124750
124750	12018	110145	124110	14723	124750
124750	12700	6147	123624	16735	124750
124750	11961	110868	124178	14208	124750
124750	12611	40218	124796	13564	124750
124750	12668	17997	124456	12627	124750
124750	12000	108837	124190	13823	124750
124750	12653	13936	124162	13215	124750
124750	12485	49266	124730	13178	124750
124750	11872	116499	123756	14295	124750
124750	12583	42582	124788	13805	124750
124750	12395	73810	124700	13898	124750
124750	12203	94226	124656	14313	124750
124750	12019	106808	124258	14024	124750
124750	12661	15142	124084	13662	124750
124750	12473	68380	124746	14388	124750
124750	12415	73212	124754	13692	124750
124750	12479	63558	124742	13422	124750
124750	12620	11539	124012	12687	124750
124750	12184	98275	124580	13877	124750
124750	12844	2895	122994	21347	124750
124750	12624	10543	123892	14401	124750
124750	12665	13108	124228	12615	124750
124750	12656	24615	124536	13280	124750
124750	11778	119963	123340	17170	124750
124750	11899	114756	123788	16705	124750
124750	12496	53817	124728	13771	124750
124750	12641	31520	124640	13295	124750
124750	12103	105636	124334	13820	124750
124750	11817	119886	123398	17566	124750
124750	11896	113755	124032	14373	124750
124750	12639	34276	124712	13926	124750
124750	12082	101057	124482	13611	124750
124750	12641	15822	124232	12518	124750
124750	12035	106150	124226	15505	124750
124750	12695	5196	123446	18236	124750
124750	12666	13935	124122	14060	124750
124750	12691	9388	123974	12427	124750
124750	11773	121210	123088	18868	124750
124750	12047	106926	124298	14991	124750
124750	11986	108185	124354	13920	124750
124750	12116	103353	124342	14501	124750
124750	12244	89565	124720	14145	124750
124750	11885	115242	123750	15939	124750
124750	12111	106044	124356	14816	124750
124750	12730	5233	123436	16395	124750
124750	12616	47671	124754	13889	124750
124750	11984	113681	123822	13837	124750
124750	12549	39668	124660	13291	124750
124750	12660	17379	124280	13417	124750
124750	12044	111403	123960	14539	124750
124750	11970	111291	124036	14355	124750
124750	12285	85918	124768	14050	124750
124750	12678	15521	124146	13407	124750
124750	12407	71132	124798	13673	124750
124750	12659	12842	124124	13880	124750
124750	12646	19853	124516	14231	124750
124750	11862	115287	123864	14603	124750
124750	11907	113486	123908	16009	124750
124750	11818	118909	123398	15375	124750
124750	12635	24466	124372	13789	124750
124750	12347	79454	124770	13827	124750
124750	11781	119016	123406	15326	124750
124750	12587	47544	124800	13364	124750
124750	12673	5274	123406	18324	124750
124750	12685	14340	124166	12964	124750
124750	12571	39724	124768	13329	124750
124750	11845	116880	123566	15950	124750
124750	12282	89251	124716	14291	124750
124750	12405	76486	124710	13691	124750
124750	12638	14717	124188	13835	124750
124750	11937	114192	123864	15928	124750
124750	12653	14022	124104	13216	124750
124750	11953	114566	123816	15576	124750
124750	12653	13344	124004	17273	124750
124750	12691	17608	124358	12738	124750
124750	12674	40071	124616	12815	124750
124750	11738	104483	123474	15384	124750
124750	12212	85375	124544	14899	124750
124750	12598	24561	124494	13842	124750
124750	12518	37519	124576	13550	124750
124750	12516	55415	124774	13494	124750
124750	12534	59675	124794	13664	124750
124750	12494	60791	124846	13522	124750
124750	12071	70638	124518	14034	124750
124750	12592	23517	124640	12464	124750
124750	12581	63434	124540	14500	124750
124750	12576	54823	124848	13777	124750
124750	12141	81736	124652	14251	124750
124750	12288	99629	124518	14482	124750
124750	12709	14258	123990	12399	124750
124750	12293	79796	124696	14068	124750
124750	12482	89407	124584	14244	124750
124750	12680	9239	123784	14048	124750
124750	12356	83941	124670	14501	124750
124750	12258	49353	124304	14726	124750
124750	12241	106028	124120	14003	124750
124750	12324	78375	124720	14465	124750
124750	12497	65212	124714	13513	124750
124750	12529	58836	124762	13406	124750
124750	12389	70126	124836	14293	124750
124750	12563	55560	124686	14298	124750
124750	12397	97326	123888	15062	124750
124750	12606	69271	124114	14370	124750
124750	11987	99988	124426	13957	124750
124750	12562	35833	124744	13951	124750
124750	12649	22736	124418	12623	124750
124750	12381	85284	124718	14643	124750
124750	12346	74561	124684	14026	124750
124750	12640	32433	124676	12872	124750
124750	12613	37366	124658	12828	124750
124750	12657	21376	124750	13377	124750
124750	12269	40338	124000	17629	124750
124750	12586	51797	124688	13538	124750
124750	12627	20032	124214	14346	124750
124750	12000	96397	124392	14416	124750
124750	12425	80788	124738	13876	124750
124750	12638	25159	124724	12652	124750
124750	12033	73546	124438	13956	124750
124750	12555	65690	124776	13946	124750
124750	12574	47795	124740	13510	124750
124750	12649	21828	124210	12785	124750
124750	12647	41948	124652	13365	124750
124750	12477	85822	124482	14272	124750
124750	12344	72673	124746	13825	124750
124750	12623	21456	124250	14374	124750
124750	11955	102952	124140	13978	124750
124750	12074	112739	123738	13631	124750
124750	12148	73483	124652	14098	124750
124750	12522	36397	124644	14044	124750
124750	11936	85429	124434	14340	124750
124750	12455	70806	124784	13877	124750
124750	12621	35716	124516	13427	124750
124750	12278	82575	124672	13701	124750
124750	12486	95143	124430	14277	124750
124750	11930	88315	124284	14102	124750
124750	11673	78634	123712	13941	124750
124750	12627	48878	124624	13725	124750
124750	11958	95953	124356	14156	124750
124750	12342	88573	124722	14336	124750
124750	12450	60111	124798	13651	124750
124750	12346	73687	124758	13860	124750
124750	12111	69338	124616	13758	124750
124750	12545	53094	124784	13413	124750
124750	12663	16776	124380	13051	124750
124750	12402	84609	124668	14478	124750
124750	12668	25507	124376	12450	124750
124750	12461	52640	124606	14196	124750
124750	11867	106330	123958	14615	124750
124750	12484	89035	124498	14478	124750
124750	11971	90382	124422	14118	124750
124750	12449	63876	124744	13607	124750
124750	12476	50087	124668	13685	124750
124750	12530	60723	124816	13732	124750
124750	12168	109845	124012	14653	124750
124750	11744	118023	123204	15193	124750
124750	12514	72389	124752	14340	124750
124750	12589	36726	124664	12768	124750
124750	12539	60816	124700	13741	124750
124750	12586	35297	124646	13418	124750
124750	11914	79977	124408	13718	124750
124750	12585	27272	124246	14975	124750
124750	12764	5437	123348	16428	124750
124750	12517	44408	124744	13693	124750
124750	12605	38602	124656	12921	124750
124750	12367	87256	124628	14121	124750
124750	12567	31862	124386	14353	124750
124750	12699	17130	123626	21044	124750
124750	12636	15975	124210	15645	124750
124750	12638	18089	124236	12348	124750
124750	12574	54947	124790	13365	124750
124750	12201	108300	124054	13609	124750
124750	12224	55775	124372	13901	124750
124750	12696	23313	123520	15839	124750
124750	12641	33546	124710	12845	124750
124750	12532	61485	124806	13670	124750
124750	12353	75470	124826	13741	124750
124750	12654	20653	124188	12976	124750
124750	12628	54347	124712	13852	124750
124750	12559	44542	124666	13356	124750
124750	12615	32906	124394	14112	124750
124750	12312	70335	124676	14416	124750
124750	12139	88718	124468	13833	124750
124750	11953	93964	124392	14004	124750
124750	11934	103017	124186	13943	124750
124750	12566	52093	124734	13180	124750
124750	12548	81197	124538	14251	124750
124750	11866	103449	124090	14263	124750
124750	12517	54016	124756	13941	124750
124750	12610	32067	124518	12832	124750
124750	12539	43538	124762	13452	124750
124750	12627	55204	124508	14559	124750
124750	12610	37229	124642	13808	124750
124750	12448	61469	124782	13322	124750
124750	12481	70998	124784	14006	124750
124750	12650	15787	124234	14788	124750
124750	12492	65415	124772	13892	124750
124750	12057	95356	124480	13797	124750
124750	11865	106196	124068	14205	124750
124750	12520	61553	124840	13788	124750
124750	12350	60309	124712	13952	124750
124750	12599	46936	124570	13138	124750
124750	12393	97368	123400	15161	124750
124750	12606	35237	124742	12963	124750
124750	12229	63838	124636	13950	124750
124750	12110	69253	124630	14401	124750
124750	12143	60088	124358	13323	124750
124750	12655	22292	124424	13186	124750
124750	12482	46411	124560	14922	124750
124750	12440	56369	124724	13490	124750
124750	12278	106079	124034	14557	124750
124750	12107	92820	124484	13875	124750
124750	12539	50892	124784	13468	124750
124750	12593	33678	124704	12693	124750
124750	12474	38609	124452	15261	124750
124750	12473	93340	124332	14821	124750
124750	12010	100261	124248	14630	124750
124750	12616	42573	124514	12729	124750
124750	12647	22498	124290	13608	124750
124750	12539	57646	124846	13477	124750
124750	12389	66624	124808	14059	124750
124750	12556	51025	124680	13412	124750
124750	12542	56287	124744	14282	124750
124750	12383	80318	124730	13989	124750
124750	12631	32454	124596	12854	124750
124750	12639	18830	124252	12665	124750
124750	12187	63464	124574	13792	124750
124750	12504	83471	124568	13965	124750
124750	12594	43661	124706	13182	124750
124750	11730	106405	123842	14200	124750
124750	12518	50377	124836	13348	124750
124750	12442	69393	124790	14136	124750
124750	12636	34431	124470	12878	124750
124750	12417	96134	124244	14660	124750
124750	12021	96124	124530	14138	124750
124750	12348	90587	124748	13933	124750
124750	12047	95490	124470	14283	124750
124750	12390	96817	124260	14661	124750
124750	11801	73400	124072	14167	124750
124750	12325	100682	124298	14670	124750
124750	12669	22648	124676	12523	124750
124750	12444	51401	124544	13721	124750
124750	12627	24860	124502	13077	124750
124750	12568	38397	124662	13576	124750
124750	12574	51755	124782	13458	124750
124750	12610	59173	124790	13996	124750
124750	12318	91321	124586	14316	124750
124750	12416	87767	124696	13818	124750
124750	12528	44983	124734	14323	124750
124750	11839	110848	123946	13907	124750
124750	12552	63317	124648	14048	124750
124750	11923	102698	124188	13890	124750
124750	12598	41649	124810	13420	124750
124750	12145	80840	124628	14101	124750
124750	11936	99859	124272	14372	124750
124750	12314	49727	124274	15481	124750
124750	12592	25353	124484	14073	124750
124750	12212	69643	124678	13532	124750
124750	12597	35860	124738	13691	124750
124750	12516	67001	124746	13648	124750
124750	12212	60803	124576	13624	124750
124750	12561	31980	124594	13853	124750
124750	12808	4537	123036	22114	124750
124750	11921	71790	124350	13848	124750
124750	12365	69692	124778	13575	124750
124750	11947	95880	124294	13932	124750
124750	12542	75785	124686	14682	124750
124750	11839	71038	124158	14147	124750
124750	12524	37095	124450	15489	124750
124750	12346	98291	124480	14147	124750
124750	12580	52793	124744	13910	124750
124750	12502	66021	124764	13864	124750
124750	12615	46236	124668	13155	124750
124750	11947	105512	124052	14167	124750
124750	11796	81763	124164	14748	124750
124750	12074	113537	123620	13580	124750
124750	12605	35316	124754	13050	124750
124750	12502	45971	124724	13807	124750
124750	12502	33611	124426	14078	124750
124750	12361	96094	124552	14745	124750
124750	12525	56990	124806	14154	124750
124750	12672	14485	124086	15261	124750
124750	12252	107421	124060	14168	124750
124750	11909	106772	124170	14650	124750
124750	12386	89385	124636	14127	124750
124750	11880	107161	124004	14687	124750
124750	12358	61083	124714	13911	124750
124750	11742	106657	123684	14652	124750
124750	12113	112792	123936	13865	124750
124750	12609	37526	124658	13394	124750
124750	12416	65747	124790	13881	124750
124750	11762	113729	123636	14775	124750
124750	12677	19820	124128	14039	124750
124750	12543	37098	124552	13880	124750
124750	12494	65275	124758	13716	124750
124750	12627	29036	124686	12705	124750
124750	12457	57806	124770	13836	124750
124750	12539	48012	124780	14308	124750
124750	12110	88977	124528	14301	124750
124750	12565	44942	124704	13776	124750
124750	12590	61539	124830	14080	124750
124750	12136	105905	124318	14489	124750
124750	12473	70526	124784	13634	124750
124750	12553	70934	124708	13849	124750
124750	12497	41368	124728	13090	124750
124750	12426	60533	124734	13860	124750
124750	12618	22527	124378	12711	124750
124750	12610	23615	124418	12718	124750
124750	12650	25265	124352	12932	124750
124750	12063	94658	124488	13726	124750
124750	12550	84925	124448	14069	124750
124750	11813	99674	124138	14087	124750
124750	12104	80713	124592	14144	124750
124750	12575	53684	124828	13469	124750
124750	11808	93643	124012	14050	124750
124750	12405	63110	124760	13458	124750
124750	12378	91703	122790	17470	124750
124750	12293	104428	124278	14086	124750
124750	12422	46829	124766	14874	124750
124750	12536	59659	124826	13647	124750
124750	11782	115089	123596	14756	124750
124750	12442	61437	124862	13369	124750
124750	12549	34824	124528	14068	124750
124750	12350	92793	124600	14104	124750
124750	12091	85144	124600	13734	124750
124750	12560	71349	124588	15277	124750
124750	12315	97500	124520	15063	124750
124750	12780	11507	123506	22944	124750
124750	12268	80267	124680	13982	124750
124750	12416	73231	124790	13748	124750
124750	12485	59298	124776	13866	124750
124750	11808	103787	124152	14049	124750
124750	12586	31605	124282	13647	124750
124750	12473	60286	124778	13722	124750
124750	12597	38456	124752	13633	124750
124750	12501	52138	124646	13966	124750
124750	12242	97287	124570	13983	124750
124750	12151	109084	123972	14098	124750
124750	11745	100762	123684	14509	124750
124750	11791	108534	124034	14209	124750
124750	12448	70431	124778	13699	124750
124750	12489	59464	124820	13501	124750
124750	12575	32530	124580	12795	124750
124750	12451	80918	124742	14055	124750
124750	12549	40584	124610	12898	124750
124750	12025	92104	124402	13770	124750
124750	12152	108857	124122	14426	124750
124750	12479	57988	124776	13946	124750
124750	12591	21014	124460	12815	124750
124750	12659	38624	124698	13416	124750
124750	12492	60477	124790	14184	124750
124750	12589	39726	124728	12964	124750
124750	11876	106563	124048	14237	124750
124750	12583	50602	124734	13555	124750
124750	12432	78425	124664	14040	124750
124750	12529	75888	124724	14274	124750
124750	12549	67526	124772	13842	124750
124750	12680	14595	124154	12682	124750
124750	12418	73183	124742	13657	124750
124750	12669	24372	124562	12788	124750
124750	11741	109390	123764	13878	124750
124750	11725	120792	122958	17661	124750
124750	12548	74269	124744	13695	124750
124750	12089	55752	124168	14271	124750
124750	12418	62883	124834	13710	124750
124750	12592	35831	124660	13039	124750
124750	12634	18655	124450	12439	124750
124750	12010	97981	124424	13836	124750
124750	12652	12137	123808	16446	124750
124750	12053	115448	123744	15016	124750
124750	12445	84026	124628	14404	124750
124750	12529	49156	124802	13575	124750
124750	12520	83225	124530	14385	124750
124750	11681	118560	123152	14959	124750
124750	12444	77335	124774	14285	124750
124750	12418	68383	124836	13822	124750
124750	12583	63092	124744	13788	124750
124750	11909	109254	124080	14166	124750
124750	12542	66745	124672	13786	124750
124750	12600	32413	124646	14160	124750
124750	11706	115419	123360	14287	124750
124750	12085	111500	123858	13835	124750
124750	11924	106059	124116	13815	124750
124750	12351	92750	124564	14151	124750
124750	11963	101182	124264	14016	124750
124750	12552	35761	124316	14475	124750
124750	12793	14268	123176	42957	124750
124750	11964	78413	124446	14090	124750
124750	12645	21760	124224	13611	124750
124750	12609	34940	124724	13136	124750
124750	12287	75452	124652	13727	124750
124750	12608	30615	124412	13841	124750
124750	12263	104146	124180	14107	124750
124750	12140	110243	123986	14075	124750
124750	12515	80372	124618	14344	124750
124750	11950	106289	124136	13964	124750
124750	12322	96591	124460	14128	124750
124750	12707	19976	124208	12568	124750
124750	12495	63074	124876	14487	124750
124750	12332	40261	123978	16490	124750
124750	12441	63468	124710	14229	124750
124750	12309	92680	124544	14602	124750
124750	12439	69660	124804	13808	124750
124750	12519	63310	124708	13724	124750
124750	12583	68824	124664	14240	124750
124750	12634	37653	124654	13391	124750
124750	12362	61371	124748	14103	124750
124750	12507	39444	124610	14941	124750
124750	12594	34849	124404	12746	124750
124750	12579	43902	124672	14078	124750
124750	12604	44127	124742	13454	124750
124750	12637	15678	124204	13146	124750
124750	12133	75956	124586	14039	124750
124750	12330	94365	124662	14193	124750
124750	12412	74711	124720	13798	124750
124750	12532	58957	124808	13642	124750
124750	11936	101285	124072	14584	124750
124750	12669	22284	124380	13798	124750
124750	11839	105940	124118	13956	124750
124750	12326	99661	124382	14326	124750
124750	12558	45985	124778	13289	124750
124750	12535	82440	124354	14430	124750
124750	12515	47354	124760	12990	124750
124750	12659	38842	124680	12966	124750
124750	12060	113251	123864	15255	124750
124750	12465	61394	124672	13846	124750
124750	11929	87898	124262	14057	124750
124750	12426	48821	124578	14047	124750
124750	12111	105206	124242	14651	124750
124750	12153	79810	124578	14142	124750
124750	12646	26393	124400	12537	124750
124750	12020	95957	124434	14112	124750
124750	12590	23975	124132	14922	124750
124750	12632	18847	124202	14529	124750
124750	12637	38268	124654	13609	124750
124750	12701	33212	124616	12788	124750
124750	11972	95813	124466	14019	124750
124750	11963	88660	124348	14269	124750
124750	12530	65963	124782	13402	124750
124750	12383	84560	124792	13981	124750
124750	12404	68005	124732	13822	124750
124750	12591	20278	124318	15293	124750
124750	12014	96935	124416	14009	124750
124750	12250	63845	124580	13537	124750
124750	12458	76379	124704	14162	124750
124750	12546	51189	124814	13786	124750
124750	12635	15946	124000	12833	124750
124750	11827	73238	124202	14506	124750
124750	12500	49575	124704	13553	124750
124750	12433	60916	124676	13775	124750
124750	12519	32266	124112	15283	124750
124750	12074	113755	123882	14148	124750
124750	12656	24033	124510	13150	124750
124750	12355	80256	124712	14168	124750
124750	12486	62333	124738	13432	124750
124750	12248	104625	124386	14024	124750
124750	12399	80654	124698	14405	124750
124750	11978	96683	124344	14552	124750
124750	12389	58078	124704	13599	124750
124750	12213	103682	124384	13949	124750
124750	11939	105468	124172	13976	124750
124750	12537	81462	124498	14782	124750
124750	11934	103917	124274	14459	124750
124750	11752	111435	123458	16077	124750
124750	12532	60545	124780	13824	124750
124750	12156	85611	124636	13903	124750
124750	12415	51788	124730	13761	124750
124750	12299	108656	123288	16873	124750
124750	12512	41747	124774	13780	124750
124750	12548	50761	124756	13802	124750
124750	12575	50380	124812	14358	124750
124750	12502	43255	124724	13742	124750
124750	12637	18818	124260	12948	124750
124750	12301	92562	124596	14423	124750
124750	12500	30571	124040	15917	124750
124750	12316	66575	124808	14037	124750
124750	12594	28955	124424	14325	124750
124750	11810	101905	124054	14285	124750
124750	12270	101549	124480	14410	124750
124750	12171	93134	124460	14111	124750
124750	11857	106528	124100	14497	124750
124750	11817	112900	123736	14835	124750
124750	11912	99017	124420	14030	124750
124750	11819	122478	122550	19806	124750
124750	12486	77117	124704	13896	124750
124750	12631	36938	124568	13432	124750
124750	11994	94159	124364	13834	124750
124750	12697	18908	123860	20277	124750
124750	12323	71718	124740	14240	124750
124750	12254	103581	124280	14058	124750
124750	12636	41763	124622	12940	124750
124750	12537	60640	124658	13664	124750
124750	12224	73461	124646	13683	124750
124750	11777	114364	123820	14916	124750
124750	12643	16426	124216	12217	124750
124750	12184	107785	124264	13700	124750
124750	12676	16829	123872	15404	124750
124750	12249	63766	124692	14049	124750
124750	12667	40848	124618	13548	124750
124750	12544	38129	124352	14815	124750
124750	12635	13538	124202	11956	124750
124750	12697	17224	123698	16086	124750
124750	12661	30088	124606	12806	124750
124750	12464	70533	124712	14199	124750
124750	12549	42570	124714	13273	124750
124750	12226	103921	124298	14034	124750
124750	12257	71056	124724	13940	124750
124750	12588	40799	124710	13786	124750
124750	12663	42180	124746	12978	124750
124750	12351	85250	124686	13792	124750
124750	12597	47874	124720	13875	124750
124750	12637	38818	124310	13856	124750
124750	12230	76583	124634	14037	124750
124750	12491	66722	124804	13444	124750
124750	12059	94414	124396	14041	124750
124750	12482	65413	124784	13499	124750
124750	12531	51566	124728	13229	124750
124750	12245	107240	124192	14037	124750
124750	12668	16397	123970	15288	124750
124750	12624	57785	124708	13504	124750
124750	12580	34425	124572	13593	124750
124750	12625	19284	124518	12857	124750
124750	12551	60564	124706	13276	124750
124750	12389	52396	124626	14601	124750
124750	11976	87653	124400	13954	124750
124750	11900	98867	124266	13906	124750
124750	12181	61530	124644	13572	124750
124750	12464	64919	124784	14100	124750
124750	12287	102554	124422	14129	124750
124750	12651	34806	124070	13557	124750
124750	12671	42488	124634	13376	124750
124750	12522	36757	124728	14316	124750
124750	12344	88999	124706	13966	124750
124750	12663	22098	124534	13015	124750
124750	12362	93367	124610	14366	124750
124750	12651	14958	124180	14844	124750
124750	12520	55541	124810	13289	124750
124750	12376	72795	124730	13656	124750
124750	12328	62601	124716	13972	124750
124750	12627	52414	124334	14256	124750
124750	12589	44474	124740	13049	124750
124750	12618	14855	123942	15259	124750
124750	12629	20708	124450	12416	124750
124750	12688	11031	123766	14998	124750
124750	11805	113670	123792	14786	124750
124750	12659	51486	124636	13680	124750
124750	12025	115726	123478	14648	124750
124750	12137	74552	124714	13653	124750
124750	12340	98907	124394	13914	124750
124750	12126	109221	124036	14440	124750
124750	12659	9810	123720	18662	124750
124750	12249	92494	124616	14099	124750
124750	12567	28434	124036	16511	124750
124750	12287	67544	124646	13759	124750
124750	11834	112503	123880	16222	124750
124750	12345	62804	124732	13619	124750
124750	12598	21931	124586	13155	124750
124750	12606	55717	124720	13679	124750
124750	12650	19093	124296	12629	124750
124750	12443	70766	124704	14247	124750
124750	12629	24106	124564	12575	124750
124750	12540	55013	124798	13658	124750
124750	12302	101433	124498	13747	124750
124750	12166	87097	124666	14286	124750
124750	11812	114751	123602	15366	124750
124750	12701	10712	123984	13921	124750
124750	12585	57772	124680	13611	124750
124750	11795	96734	123974	14509	124750
124750	12178	86299	124686	14118	124750
124750	12349	87006	124746	14305	124750
124750	12627	15834	124218	12805	124750
124750	12528	64095	124782	14105	124750
124750	12413	87862	124606	13560	124750
124750	12490	73917	124758	13566	124750
124750	12538	60971	124228	14973	124750
124750	11923	93982	124260	13942	124750
124750	12568	57529	124692	14021	124750
124750	12523	63376	124756	13887	124750
124750	12479	63532	124742	14239	124750
124750	12108	107853	124024	14193	124750
124750	12444	48587	124698	14329	124750
124750	12604	14177	124150	12917	124750
124750	12478	64049	124756	13889	124750
124750	12524	49677	124698	13785	124750
124750	12548	72531	124480	14246	124750
124750	12660	15171	124342	12146	124750
124750	12365	76544	124716	14010	124750
124750	12076	113003	123818	15244	124750
124750	12458	65069	124726	13899	124750
124750	12179	108826	124184	13563	124750
124750	12509	65608	124722	13567	124750
124750	12642	42531	124536	13371	124750
124750	11922	88131	124382	14208	124750
124750	12644	25661	124106	16331	124750
124750	12329	43138	124266	13697	124750
124750	11762	115497	123478	14125	124750
124750	12596	24065	124504	12906	124750
124750	12223	105392	124104	13845	124750
124750	12643	22234	124070	14715	124750
124750	12268	59569	124690	13566	124750
124750	12537	79596	124510	14183	124750
124750	12669	21220	124412	12264	124750
124750	12660	25857	124244	14256	124750
124750	12438	94117	124326	14779	124750
124750	12577	65634	124488	14510	124750
124750	12372	69985	124792	14034	124750
124750	12170	63653	124620	13817	124750
124750	12594	59909	124580	14363	124750
124750	12530	84417	124572	14501	124750
124750	12178	85721	124686	14176	124750
124750	12135	110636	124032	14600	124750
124750	12247	55880	124340	13527	124750
124750	11917	103928	124202	13908	124750
124750	12217	76380	124668	13898	124750
124750	11941	105008	124194	13952	124750
124750	12629	41350	124644	12421	124750
124750	12545	60154	124812	13888	124750
124750	12551	45224	124756	13454	124750
124750	12555	58532	124844	13741	124750
124750	12425	84252	124758	14116	124750
124750	12408	87167	124714	13942	124750
124750	12460	57509	124824	13706	124750
124750	12591	39424	124552	13148	124750
124750	12787	11832	123480	16625	124750
124750	12411	43194	124474	13739	124750
124750	12253	105346	124078	14329	124750
124750	12333	90386	124666	13687	124750
124750	12554	36333	124726	13328	124750
124750	12452	76549	124728	13661	124750
124750	12696	8993	123542	21107	124750
124750	12637	24972	124652	13071	124750
124750	12625	21462	124598	12686	124750
124750	12526	55833	124794	13901	124750
124750	12153	88958	124576	14172	124750
124750	12675	19518	124220	13600	124750
124750	12454	64667	124820	13571	124750
124750	12279	64952	124614	13884	124750
124750	12601	67286	124634	13760	124750
124750	12294	96925	124552	14013	124750
124750	12288	76587	124704	13969	124750
124750	12637	49972	124424	13831	124750
124750	12608	27803	124560	12777	124750
124750	12438	61759	124770	14649	124750
124750	12605	33452	124444	13858	124750
124750	12565	31836	124386	13580	124750
124750	12490	75779	124738	13885	124750
124750	12629	20320	124224	14452	124750
124750	12644	18889	124146	14902	124750
124750	12069	80630	124602	14240	124750
124750	12680	14557	123972	15673	124750
124750	12351	75450	124808	13810	124750
124750	12641	41336	124302	13733	124750
124750	12283	72276	124752	14344	124750
124750	12567	32890	124508	13268	124750
124750	12319	73018	124706	13588	124750
124750	12524	64199	124760	13516	124750
124750	12144	111835	123842	14398	124750
124750	12534	75187	124656	14513	124750
124750	12560	53877	124786	13462	124750
124750	12434	65627	124708	13561	124750
124750	12641	29196	124356	14312	124750
124750	11751	105970	123944	14516	124750
124750	12671	15122	123994	16610	124750
124750	12071	109644	124148	13757	124750
124750	11819	114698	123620	14189	124750
124750	12335	78068	124744	13873	124750
124750	12244	101847	124340	14507	124750
124750	12576	56759	124500	13696	124750
124750	12646	21203	124290	12645	124750
124750	12072	95213	124510	14152	124750
124750	12537	65394	124740	13384	124750
124750	12506	59119	124852	13888	124750
124750	12223	107108	124176	13974	124750
124750	12517	58184	124762	13590	124750
124750	12616	28943	124688	13143	124750
124750	11818	112739	123754	15169	124750
124750	12635	18818	123882	17153	124750
124750	12514	40717	124654	13699	124750
124750	11827	109162	123928	14623	124750
124750	12638	58757	124536	13853	124750
124750	12623	56394	124760	13686	124750
124750	12405	57838	124724	14108	124750
124750	11990	99287	124402	14688	124750
124750	12466	78565	124702	13694	124750
124750	12481	36976	124504	13988	124750
124750	12605	54968	124484	13916	124750
124750	12618	18363	124138	15420	124750
124750	12505	57816	124802	13705	124750
124750	12497	60806	124716	13896	124750
124750	11772	115127	123646	14850	124750
124750	11916	95999	124402	14014	124750
124750	12328	73131	124758	13695	124750
124750	12308	59179	124660	14738	124750
124750	12594	32255	124458	13434	124750
124750	12522	41523	124610	13880	124750
124750	12610	19891	124256	14337	124750
124750	12538	57475	124798	13592	124750
124750	12554	37267	124544	13007	124750
124750	12499	46334	124630	13492	124750
124750	12457	82026	124670	13640	124750
124750	12486	64229	124780	13367	124750
124750	12456	43835	124376	14951	124750
124750	12598	26179	124108	16996	124750
124750	12729	10836	123720	14678	124750
124750	12269	72620	124602	14274	124750
124750	12623	24646	124346	13131	124750
124750	12429	78394	124770	14090	124750
124750	12506	42917	124464	13929	124750
124750	11987	91470	124386	14285	124750
124750	12635	30750	124770	13125	124750
124750	12227	75396	124652	14220	124750
124750	12146	88107	124526	14416	124750
124750	12542	34667	124332	13221	124750
124750	11844	108119	124116	14397	124750
124750	12362	98333	124616	13621	124750
124750	12443	67064	124762	13811	124750
124750	12283	66162	124798	13684	124750
124750	12261	54878	124468	13647	124750
124750	12576	31829	124036	15623	124750
124750	12611	43108	124606	12915	124750
124750	12336	36217	123614	19834	124750
124750	12574	39725	124766	13453	124750
124750	12544	36243	124606	13298	124750
124750	11847	110084	123862	14005	124750
124750	12488	65895	124770	14047	124750
124750	12633	23774	124326	14305	124750
124750	12637	18920	124318	12163	124750
124750	12398	70631	124824	13960	124750
124750	12304	96117	124586	13643	124750
124750	12470	66223	124752	13605	124750
124750	11959	99092	124218	14357	124750
124750	11863	108986	123898	14556	124750
124750	12490	37393	124250	14305	124750
124750	12573	47868	124760	13406	124750
124750	11984	85601	124340	14090	124750
124750	12210	102921	124436	13925	124750
124750	11838	109847	124014	14604	124750
124750	12658	17507	124274	12493	124750
124750	12558	75741	124542	14093	124750
124750	12631	29302	124460	14225	124750
124750	11960	96905	124356	14591	124750
124750	12057	114664	123736	15108	124750
124750	12486	32391	124252	14988	124750
124750	12588	46833	124490	13631	124750
124750	12626	22133	124140	14315	124750
124750	12430	78409	124740	14357	124750
124750	12392	89495	124578	14037	124750
124750	12460	53201	124814	13557	124750
124750	12641	23572	124248	14160	124750
124750	12681	32388	124388	12463	124750
124750	12642	20157	124430	13437	124750
124750	12375	82724	124664	13590	124750
124750	12317	102340	124270	14728	124750
124750	12594	28819	124360	13693	124750
124750	11836	106265	124046	13811	124750
124750	12630	33305	124658	13207	124750
124750	12665	46900	124294	13014	124750
124750	12377	66022	124710	13849	124750
124750	12564	56523	124760	13828	124750
124750	12660	18449	124078	14971	124750
124750	12555	63302	124726	13609	124750
124750	12545	66980	124682	14176	124750
124750	12668	20479	124488	13147	124750
124750	12457	72920	124782	14048	124750
124750	11876	109947	123912	14304	124750
124750	12501	53248	124708	13742	124750
124750	11778	109883	124010	13794	124750
124750	12659	14842	124014	14521	124750
124750	12172	91707	124606	13639	124750
124750	12348	74859	124698	13622	124750
124750	12410	70993	124810	14055	124750
124750	12696	12113	123888	16208	124750
124750	12433	79632	124658	13857	124750
124750	12170	106761	124310	15796	124750
124750	12578	53681	124854	13646	124750
124750	12594	48191	124784	13253	124750
124750	12570	41629	124178	13689	124750
124750	12598	46549	124748	13791	124750
124750	12352	50107	124664	13924	124750
124750	12406	68753	124758	13609	124750
124750	12533	75712	124534	14178	124750
124750	12475	61176	124830	13850	124750
124750	12024	93459	124484	13993	124750
124750	12577	26712	124212	17837	124750
124750	12542	55449	124792	13833	124750
124750	12021	97904	124396	14368	124750
124750	12683	12374	123720	13295	124750
124750	12009	71860	124416	13823	124750
124750	12455	64922	124800	13641	124750
124750	12565	25730	124394	15436	124750
124750	12665	10554	123810	18840	124750
124750	12515	40738	124702	13452	124750
124750	12772	5753	123222	23489	124750
124750	12539	63192	124726	14296	124750
124750	12481	52684	123542	15209	124750
124750	12707	8228	123666	13518	124750
124750	12064	111809	123990	13685	124750
124750	12616	17507	124184	14737	124750
124750	12215	77228	124770	14411	124750
124750	12370	46803	124506	14317	124750
124750	12553	34706	124654	13038	124750
124750	11919	85904	124374	13868	124750
124750	12387	90414	124610	14886	124750
124750	12162	82153	124534	13838	124750
124750	12456	62841	124820	13527	124750
124750	12705	21694	124588	12577	124750
124750	12720	11825	123946	13027	124750
124750	11796	113725	123678	14684	124750
124750	11900	94845	124226	13901	124750
124750	12538	50641	124726	13628	124750
124750	12688	10189	123684	21636	124750
124750	12483	64386	124738	13574	124750
124750	12055	116454	123386	14246	124750
124750	12418	54321	124794	14192	124750
124750	12404	90189	124720	14298	124750
124750	12476	67189	124812	13778	124750
124750	12788	5999	123292	27743	124750
124750	12536	46329	124800	14178	124750
124750	12475	76410	124654	13960	124750
124750	12529	59106	124806	13414	124750
124750	12545	56640	124720	14389	124750
124750	12466	61691	124770	13548	124750
124750	12598	22979	124334	13303	124750
124750	11895	104644	124078	13548	124750
