62229	4037	62229	45369	1993	500
61360	4054	61360	45341	2043	500
63056	4026	63056	45350	2061	500
60989	4049	60989	45308	1970	500
61254	4058	61254	45367	2003	500
62319	4071	62319	45316	1982	500
59725	4097	59725	45344	1994	500
60772	4056	60772	45357	1963	500
65107	4047	65107	45340	1992	500
63474	4016	63474	45313	1953	500
60856	4070	60856	45356	1986	500
61017	4047	61017	45349	1967	500
61667	4039	61667	45349	1966	500
61495	4053	61495	45356	2055	500
63240	4052	63240	45373	1994	500
61520	4062	61520	45361	2050	500
60846	4040	60846	45372	1994	500
62901	4055	62901	45357	1945	500
61610	4048	61610	45335	1991	500
63787	4025	63787	45360	2029	500
62646	4056	62646	45362	2024	500
61319	4069	61319	45389	1977	500
62474	4040	62474	45338	2015	500
59160	4072	59160	45362	1991	500
62426	4048	62426	45354	1962	500
59744	4038	59744	45338	1991	500
65406	4020	65406	45340	1985	500
62323	4029	62323	45328	1987	500
64031	4007	64031	45364	1965	500
62729	4037	62729	45339	1967	500
64435	4025	64435	45344	2023	500
62193	4027	62193	45359	1929	500
68038	3998	68038	45352	2034	500
60280	4044	60280	45368	1992	500
65598	4026	65598	45356	2004	500
62840	4018	62840	45342	1983	500
64558	4054	64558	45332	2031	500
62465	4069	62465	45325	2018	500
60608	4058	60608	45331	1981	500
61698	4048	61698	45340	2001	500
65173	4005	65173	45327	1974	500
61614	4042	61614	45371	1993	500
60163	4065	60163	45354	2003	500
62815	4057	62815	45331	1926	500
65058	4016	65058	45352	1999	500
65958	4046	65958	45351	2045	500
63237	4053	63237	45356	1980	500
59839	4055	59839	45322	2009	500
65237	4019	65237	45359	1963	500
60143	4051	60143	45372	1995	500
63931	4053	63931	45329	2048	500
61629	4007	61629	45337	2034	500
60761	4059	60761	45360	1993	500
61704	4066	61704	45331	1967	500
64310	4048	64310	45323	2025	500
62658	4040	62658	45363	2031	500
64384	4016	64384	45319	2079	500
63338	4036	63338	45329	1967	500
65711	4025	65711	45373	1923	500
61016	4042	61016	45385	1952	500
60932	4048	60932	45341	1957	500
65511	3995	65511	45296	2013	500
61347	4013	61347	45330	1960	500
61447	4003	61447	45368	1934	500
63555	4061	63555	45325	1990	500
63042	4044	63042	45348	1952	500
61432	4040	61432	45368	1917	500
62997	4019	62997	45375	2048	500
62725	4019	62725	45361	1963	500
63506	4028	63506	45341	2044	500
64727	4049	64727	45364	1953	500
62114	4054	62114	45327	1999	500
62213	4037	62213	45341	1985	500
62129	4007	62129	45346	2009	500
60718	4062	60718	45374	1973	500
60327	4043	60327	45371	2002	500
61100	4042	61100	45364	2008	500
70960	3996	70960	45349	2027	500
64508	4010	64508	45361	1956	500
64186	4044	64186	45314	1942	500
60350	4044	60350	45380	1985	500
63467	4047	63467	45352	2027	500
63557	4061	63557	45328	1971	500
63348	4058	63348	45348	1975	500
61769	4077	61769	45325	1979	500
63725	4041	63725	45368	2053	500
64177	4041	64177	45341	2028	500
64915	4023	64915	45334	2000	500
63706	4052	63706	45356	2016	500
62504	4018	62504	45370	2017	500
61710	4076	61710	45307	1970	500
63498	4048	63498	45368	2017	500
64307	4037	64307	45371	1919	500
62448	4044	62448	45385	1934	500
56940	4068	56940	45352	1994	500
59726	4030	59726	45342	2013	500
62174	4056	62174	45337	2011	500
64286	4024	64286	45331	2055	500
61854	4066	61854	45366	1929	500
60190	4032	60190	45334	1968	500
61515	4047	61515	45378	2010	500
62069	4057	62069	45330	1998	500
64845	4051	64845	45353	1997	500
61598	4070	61598	45315	1977	500
62297	4013	62297	45351	1912	500
63125	4027	63125	45314	2039	500
60618	4022	60618	45384	1973	500
63373	4023	63373	45306	1975	500
63988	4022	63988	45325	2087	500
58557	4057	58557	45318	2007	500
64425	4047	64425	45331	1990	500
62522	4066	62522	45338	1984	500
62525	4037	62525	45323	2002	500
60309	4045	60309	45339	1958	500
59942	4062	59942	45355	2013	500
60562	4036	60562	45338	2029	500
64863	4043	64863	45359	1958	500
63432	4042	63432	45372	2060	500
60876	4038	60876	45359	1963	500
60419	4049	60419	45356	1982	500
59775	4055	59775	45341	2016	500
63482	4050	63482	45344	1957	500
60773	4061	60773	45371	2004	500
62336	4054	62336	45407	1965	500
63882	4028	63882	45343	2015	500
62541	4029	62541	45359	2070	500
61488	4052	61488	45305	1968	500
60674	4046	60674	45367	2045	500
59242	4034	59242	45341	1953	500
62789	4025	62789	45311	1968	500
61877	4079	61877	45355	1979	500
62450	4048	62450	45344	2013	500
59538	4030	59538	45339	1988	500
59044	4026	59044	45348	2001	500
62386	4042	62386	45333	2007	500
60948	4002	60948	45352	1947	500
62744	4028	62744	45330	1964	500
63950	4056	63950	45359	1966	500
63724	4060	63724	45344	1990	500
62689	4017	62689	45326	1960	500
61583	4061	61583	45361	2009	500
62334	4042	62334	45334	1977	500
60750	4040	60750	45331	1993	500
58811	4067	58811	45366	2051	500
63523	4025	63523	45314	2016	500
60491	4061	60491	45381	1969	500
61496	4036	61496	45338	1996	500
62708	4030	62708	45347	1947	500
61272	4064	61272	45339	1991	500
63919	4035	63919	45320	2031	500
59710	4048	59710	45364	1973	500
64931	4021	64931	45324	1931	500
61211	4019	61211	45339	2022	500
66160	4028	66160	45358	2003	500
63204	4060	63204	45325	1991	500
62455	4059	62455	45350	1957	500
64382	4036	64382	45342	2025	500
62358	4042	62358	45348	1954	500
60091	4081	60091	45360	1946	500
67111	3993	67111	45377	1986	500
59827	4053	59827	45316	1993	500
64783	4031	64783	45295	2030	500
62530	4024	62530	45329	2020	500
60613	4057	60613	45304	2031	500
62595	4041	62595	45355	1990	500
62477	4051	62477	45330	1951	500
64184	4034	64184	45374	1996	500
60154	4028	60154	45295	2025	500
63090	4062	63090	45338	1968	500
64539	4037	64539	45333	2003	500
61434	4058	61434	45330	2002	500
62504	4058	62504	45342	1961	500
60714	4076	60714	45362	2032	500
64136	4046	64136	45370	1997	500
64087	4055	64087	45328	1955	500
62276	4050	62276	45354	1997	500
61179	4045	61179	45350	1976	500
65124	4012	65124	45329	1999	500
63144	4052	63144	45352	1995	500
61394	4054	61394	45337	1934	500
61918	4046	61918	45334	1987	500
59246	4034	59246	45382	2004	500
61311	4043	61311	45328	2018	500
62878	4060	62878	45349	2014	500
63359	4011	63359	45332	1971	500
62538	4026	62538	45349	1957	500
60065	4061	60065	45321	2033	500
60228	4050	60228	45356	2003	500
62221	4023	62221	45346	1934	500
61389	4049	61389	45382	2067	500
60566	4016	60566	45353	1933	500
67936	4034	67936	45339	2048	500
62738	4058	62738	45360	1964	500
63045	4025	63045	45332	2002	500
60331	4061	60331	45348	2004	500
64356	4052	64356	45369	1942	500
63896	4028	63896	45365	2066	500
62313	4037	62313	45335	2008	500
63750	4058	63750	45353	1989	500
62989	4049	62989	45364	2020	500
62334	4040	62334	45340	2048	500
64163	4051	64163	45343	2006	500
59400	4076	59400	45333	1977	500
63665	4049	63665	45332	1960	500
63567	4061	63567	45360	1991	500
61913	4001	61913	45335	1935	500
64999	4027	64999	45363	1982	500
60619	4055	60619	45369	1968	500
63327	4053	63327	45355	2028	500
64266	4040	64266	45345	2000	500
64500	4036	64500	45316	1948	500
59802	4070	59802	45349	1968	500
60817	4047	60817	45364	1994	500
62051	4051	62051	45349	1933	500
60846	4050	60846	45345	1927	500
63122	4020	63122	45379	1958	500
64892	4022	64892	45332	2060	500
62940	4036	62940	45358	2030	500
61081	4069	61081	45386	2001	500
63415	4035	63415	45332	1975	500
63185	4039	63185	45350	1926	500
64025	4019	64025	45362	2002	500
65174	4040	65174	45378	2001	500
61888	4048	61888	45351	1932	500
61929	4045	61929	45301	1975	500
61698	4032	61698	45298	2053	500
63182	4048	63182	45350	1952	500
64754	4036	64754	45372	2012	500
64623	4025	64623	45356	1966	500
62465	4047	62465	45345	2063	500
62087	4071	62087	45342	1973	500
64407	4023	64407	45364	1939	500
62361	4031	62361	45390	1935	500
63856	4028	63856	45309	1969	500
61666	4050	61666	45347	2022	500
65686	4028	65686	45353	2047	500
62738	4036	62738	45343	2060	500
62378	4054	62378	45363	2020	500
61259	4051	61259	45373	1966	500
59426	4060	59426	45336	2004	500
61012	4026	61012	45353	1968	500
63659	4035	63659	45351	2009	500
62503	4045	62503	45390	1990	500
66703	4039	66703	45340	1997	500
61508	4026	61508	45361	2012	500
60376	4028	60376	45346	1998	500
61540	4046	61540	45364	1930	500
63839	4025	63839	45298	1951	500
63027	4035	63027	45380	1988	500
58880	4080	58880	45365	1986	500
63070	4042	63070	45369	1965	500
61346	4040	61346	45335	2025	500
57964	4064	57964	45330	1961	500
64569	4037	64569	45324	2029	500
59195	4035	59195	45323	2035	500
62979	4031	62979	45368	1995	500
63949	4053	63949	45346	2020	500
63529	4071	63529	45322	1985	500
62842	4014	62842	45361	2018	500
59621	4067	59621	45300	2013	500
61533	4045	61533	45369	1980	500
62721	4063	62721	45333	1997	500
65047	4007	65047	45322	1938	500
63348	4054	63348	45342	2013	500
63829	4081	63829	45315	1939	500
59898	4060	59898	45319	2020	500
62468	4028	62468	45371	2004	500
59920	4052	59920	45356	1995	500
64038	4030	64038	45340	1945	500
61804	4012	61804	45331	1996	500
61607	4025	61607	45337	2020	500
63229	4047	63229	45317	1982	500
61896	4048	61896	45345	2009	500
60126	4058	60126	45328	1981	500
61085	4057	61085	45345	1938	500
60787	4055	60787	45312	2012	500
57890	4056	57890	45330	2017	500
61178	4062	61178	45310	2069	500
62396	4044	62396	45357	1905	500
60434	4050	60434	45358	1994	500
62263	4061	62263	45346	2068	500
63726	4020	63726	45353	1970	500
61967	4039	61967	45330	1926	500
63137	4043	63137	45338	2001	500
62251	4043	62251	45328	1962	500
60686	4066	60686	45344	2029	500
62157	4049	62157	45358	1947	500
62531	4043	62531	45362	2014	500
61996	4076	61996	45377	1882	500
62199	4039	62199	45349	2009	500
58855	4061	58855	45345	1987	500
61936	4026	61936	45301	1937	500
60718	4058	60718	45317	2000	500
60777	4045	60777	45336	1957	500
64106	4038	64106	45357	2042	500
62104	4034	62104	45367	2002	500
65430	4020	65430	45357	2009	500
65138	4034	65138	45348	2005	500
64676	4052	64676	45353	1957	500
59825	4077	59825	45325	1928	500
112775	3753	112775	44941	1772	500
90954	3896	90954	45251	2017	500
12211	4181	12211	44980	1527	500
94132	3894	94132	45248	1970	500
87088	3918	87088	45302	1970	500
113193	3773	113193	44937	1810	500
46962	4118	46962	45276	1928	500
106863	3807	106863	45106	1903	500
8314	4182	8314	44867	1444	500
119824	3704	119824	44543	1560	500
66852	4010	66852	45335	1996	500
101278	3856	101278	45176	1949	500
7461	4173	7461	44836	1399	500
40601	4119	40601	45310	1868	500
77531	3969	77531	45336	2006	500
68535	4009	68535	45332	2017	500
115984	3744	115984	44774	1721	500
110817	3795	110817	44999	1874	500
5505	4213	5505	44720	1305	500
106714	3798	106714	45098	1947	500
4249	4209	4249	44694	1247	500
18001	4185	18001	45085	1656	500
14315	4181	14315	45116	1568	500
15911	4149	15911	45046	1606	500
8215	4201	8215	44860	1432	500
27926	4150	27926	45285	1752	500
111683	3769	111683	44958	1794	500
94146	3904	94146	45226	2097	500
5013	4193	5013	44644	1237	500
4594	4194	4594	44693	1250	500
110910	3788	110910	44997	1862	500
25382	4138	25382	45260	1750	500
123246	3702	123246	44180	1244	500
107044	3790	107044	45035	1884	500
28066	4148	28066	45240	1771	500
96117	3861	96117	45303	1945	500
123128	3678	123128	44181	1241	500
63556	4058	63556	45352	1979	500
8950	4168	8950	44923	1416	500
18921	4161	18921	45184	1681	500
6006	4204	6006	44765	1325	500
8230	4186	8230	44865	1437	500
69486	3988	69486	45344	1982	500
97807	3861	97807	45205	1944	500
17710	4156	17710	45176	1646	500
82919	3949	82919	45267	2012	500
71511	4005	71511	45346	2019	500
123395	3683	123395	44156	1173	500
106115	3803	106115	45123	1910	500
9599	4185	9599	44908	1529	500
109600	3804	109600	45019	1879	500
115086	3746	115086	44839	1767	500
2622	4236	2622	44494	1067	500
8660	4172	8660	44903	1435	500
9439	4177	9439	45013	1446	500
116325	3741	116325	44815	1740	500
11213	4161	11213	44995	1513	500
11752	4154	11752	45024	1541	500
23395	4145	23395	45225	1657	500
10719	4191	10719	44963	1476	500
107348	3814	107348	45076	1876	500
115845	3737	115845	44810	1765	500
54974	4056	54974	45341	1999	500
15354	4164	15354	45108	1636	500
117051	3745	117051	44749	1680	500
11356	4186	11356	44940	1557	500
57981	4081	57981	45313	1988	500
7796	4166	7796	44879	1412	500
84665	3929	84665	45307	2088	500
18252	4162	18252	45149	1682	500
105703	3829	105703	45061	1981	500
33549	4113	33549	45320	1857	500
30376	4138	30376	45337	1828	500
116213	3733	116213	44784	1732	500
64360	4036	64360	45357	1999	500
103525	3829	103525	45164	1920	500
84450	3944	84450	45292	2070	500
7656	4178	7656	44852	1421	500
8095	4197	8095	44814	1435	500
116733	3733	116733	44759	1640	500
95439	3883	95439	45251	2009	500
17098	4178	17098	45102	1635	500
113415	3747	113415	44913	1832	500
90436	3916	90436	45286	2034	500
21800	4150	21800	45206	1722	500
111744	3784	111744	44983	1847	500
56442	4060	56442	45328	1891	500
26636	4140	26636	45302	1762	500
70700	4008	70700	45331	1979	500
118367	3711	118367	44630	1624	500
15341	4169	15341	45063	1659	500
18724	4156	18724	45096	1683	500
74098	3994	74098	45339	2049	500
6953	4199	6953	44807	1333	500
108384	3800	108384	45061	1945	500
123210	3688	123210	44159	1215	500
62105	4043	62105	45335	1987	500
74201	3995	74201	45299	2018	500
23455	4157	23455	45221	1741	500
118077	3735	118077	44707	1614	500
15159	4171	15159	45146	1622	500
4295	4209	4295	44640	1250	500
111837	3771	111837	44906	1864	500
9886	4188	9886	44961	1467	500
11308	4196	11308	44970	1502	500
74531	3977	74531	45345	2008	500
19080	4166	19080	45202	1638	500
5990	4202	5990	44779	1306	500
105964	3806	105964	45094	1858	500
23874	4140	23874	45209	1723	500
6232	4198	6232	44790	1330	500
18950	4154	18950	45228	1665	500
13577	4177	13577	44979	1580	500
2312	4244	2312	44450	1041	500
50275	4101	50275	45348	1884	500
51061	4069	51061	45318	1913	500
43836	4100	43836	45344	1944	500
117761	3751	117761	44677	1638	500
12425	4169	12425	45069	1580	500
111734	3764	111734	44997	1908	500
39220	4112	39220	45335	1899	500
6185	4189	6185	44763	1346	500
64881	4027	64881	45331	2043	500
25451	4163	25451	45193	1810	500
99078	3848	99078	45257	1988	500
112313	3759	112313	44912	1769	500
95078	3874	95078	45216	1981	500
13750	4162	13750	45156	1549	500
14781	4147	14781	45090	1660	500
106431	3829	106431	45170	1899	500
5091	4179	5091	44737	1298	500
107291	3799	107291	45114	1829	500
117137	3733	117137	44724	1682	500
41116	4126	41116	45307	1926	500
115424	3730	115424	44821	1785	500
96103	3881	96103	45278	1981	500
106066	3796	106066	45068	1858	500
112410	3764	112410	44927	1820	500
23958	4152	23958	45168	1744	500
18425	4159	18425	45268	1666	500
1412	4276	1412	44360	928	500
14137	4177	14137	45028	1604	500
27259	4141	27259	45242	1775	500
24675	4147	24675	45247	1718	500
20925	4151	20925	45199	1682	500
18395	4155	18395	45199	1646	500
60580	4056	60580	45342	2002	500
114537	3777	114537	44818	1733	500
22353	4153	22353	45127	1740	500
53596	4074	53596	45341	1942	500
74274	3980	74274	45337	1965	500
12718	4170	12718	45093	1563	500
121989	3697	121989	44369	1368	500
110009	3757	110009	45076	1783	500
73309	4035	73309	45365	1924	500
34556	4112	34556	45288	1769	500
79688	3964	79688	45292	2095	500
110930	3794	110930	45016	1873	500
51706	4086	51706	45373	1984	500
74016	4020	74016	45327	2042	500
77252	3978	77252	45381	2006	500
11711	4177	11711	44971	1477	500
7066	4194	7066	44801	1402	500
116330	3754	116330	44687	1679	500
96652	3844	96652	45221	2021	500
110377	3779	110377	44979	1915	500
2553	4241	2553	44504	1066	500
110663	3773	110663	44972	1838	500
102712	3828	102712	45133	1932	500
11852	4154	11852	44937	1565	500
111348	3740	111348	44920	1877	500
6086	4198	6086	44751	1327	500
118574	3692	118574	44644	1646	500
99872	3834	99872	45164	2133	500
5407	4183	5407	44788	1292	500
22415	4159	22415	45353	1676	500
42026	4080	42026	45358	1919	500
96117	3867	96117	45260	1986	500
9640	4158	9640	44918	1493	500
12196	4182	12196	44999	1550	500
108419	3823	108419	45047	1896	500
101823	3835	101823	45202	1914	500
116631	3723	116631	44789	1651	500
101520	3840	101520	45125	1897	500
16404	4148	16404	45091	1627	500
32662	4124	32662	45320	1829	500
106352	3808	106352	45042	1912	500
21388	4156	21388	45207	1646	500
13054	4170	13054	45082	1592	500
112331	3773	112331	44954	1791	500
30758	4108	30758	45298	1785	500
18183	4169	18183	45102	1675	500
29352	4130	29352	45303	1727	500
120913	3713	120913	44475	1487	500
16439	4173	16439	45037	1623	500
34792	4146	34792	45305	1855	500
10955	4165	10955	45003	1497	500
82703	3953	82703	45281	2034	500
15258	4170	15258	45109	1615	500
103685	3829	103685	45122	1947	500
51518	4078	51518	45338	1973	500
41541	4101	41541	45288	1915	500
102428	3840	102428	45152	2023	500
12269	4165	12269	44940	1592	500
108295	3795	108295	45035	1872	500
8020	4202	8020	44827	1378	500
8131	4179	8131	44816	1451	500
112765	3769	112765	44917	1888	500
106879	3799	106879	45095	1873	500
6738	4190	6738	44759	1411	500
86963	3923	86963	45299	2040	500
32081	4141	32081	45274	1836	500
7897	4191	7897	44820	1443	500
1651	4259	1651	44379	959	500
116562	3740	116562	44802	1692	500
119679	3725	119679	44573	1554	500
88249	3927	88249	45273	2013	500
98080	3852	98080	45257	1954	500
18157	4171	18157	45139	1612	500
7330	4176	7330	44855	1408	500
103506	3802	103506	45157	1949	500
110807	3761	110807	44992	1857	500
16894	4154	16894	45116	1657	500
18185	4157	18185	45111	1668	500
104075	3807	104075	45142	1962	500
21984	4160	21984	45272	1689	500
106346	3822	106346	45072	1901	500
108714	3806	108714	45024	1831	500
65412	4030	65412	45348	2035	500
115921	3749	115921	44767	1706	500
9324	4178	9324	44849	1495	500
10183	4191	10183	44898	1495	500
63810	4024	63810	45342	2003	500
15078	4156	15078	45108	1642	500
117776	3726	117776	44741	1651	500
116477	3759	116477	44819	1750	500
7211	4191	7211	44784	1385	500
114670	3762	114670	44853	1730	500
83922	3932	83922	45254	2006	500
13432	4170	13432	45086	1536	500
90613	3887	90613	45258	1968	500
15270	4200	15270	45136	1637	500
103567	3815	103567	45118	2027	500
23822	4148	23822	45246	1760	500
105694	3818	105694	45101	1944	500
72419	4001	72419	45327	1985	500
34387	4119	34387	45326	1782	500
56488	4072	56488	45383	2023	500
13750	4168	13750	45011	1602	500
110155	3803	110155	45018	1917	500
12211	4189	12211	45024	1526	500
57212	4056	57212	45372	1986	500
11072	4184	11072	44988	1497	500
98317	3869	98317	45262	2051	500
100693	3829	100693	45177	1976	500
11560	4164	11560	45037	1536	500
120367	3695	120367	44569	1496	500
69174	4034	69174	45361	2052	500
21066	4164	21066	45199	1716	500
108519	3779	108519	45046	1873	500
10090	4162	10090	44913	1521	500
29379	4147	29379	45289	1842	500
21429	4157	21429	45148	1696	500
76170	4018	76170	45341	2109	500
115174	3752	115174	44842	1708	500
10854	4174	10854	44957	1514	500
115077	3737	115077	44810	1757	500
9968	4182	9968	44950	1525	500
14693	4169	14693	45050	1634	500
83401	3939	83401	45326	2074	500
115884	3758	115884	44805	1713	500
9941	4179	9941	44948	1491	500
9741	4197	9741	44928	1448	500
19348	4158	19348	45192	1645	500
14531	4165	14531	45029	1589	500
73188	3986	73188	45318	2049	500
102956	3842	102956	45100	1947	500
43296	4122	43296	45307	1857	500
107979	3791	107979	45031	1813	500
43374	4126	43374	45335	1954	500
106229	3813	106229	45100	1926	500
24846	4162	24846	45338	1733	500
109231	3783	109231	44984	1879	500
41681	4117	41681	45284	1970	500
118497	3729	118497	44612	1597	500
115483	3729	115483	44856	1737	500
102824	3802	102824	45108	1940	500
10273	4183	10273	44973	1481	500
11614	4164	11614	45024	1525	500
123945	3701	123945	43998	1026	500
31884	4122	31884	45262	1851	500
114557	3757	114557	44868	1759	500
11539	4183	11539	45070	1502	500
8770	4184	8770	44919	1462	500
48194	4088	48194	45378	1882	500
100433	3831	100433	45163	2056	500
116724	3740	116724	44784	1712	500
90805	3921	90805	45253	1989	500
121455	3713	121455	44427	1466	500
10298	4186	10298	44991	1445	500
2468	4246	2468	44528	1049	500
91536	3904	91536	45247	2071	500
12150	4186	12150	45014	1533	500
120360	3708	120360	44554	1527	500
104259	3835	104259	45145	2018	500
104415	3795	104415	45058	1945	500
80116	3974	80116	45280	2017	500
109278	3806	109278	44999	1795	500
81664	3982	81664	45351	2069	500
109681	3753	109681	45038	1788	500
4489	4215	4489	44668	1197	500
13604	4170	13604	45093	1576	500
93497	3907	93497	45290	2008	500
101011	3865	101011	45245	1992	500
103814	3820	103814	45141	1941	500
1474	4290	1474	44340	940	500
106690	3798	106690	45078	1931	500
30321	4149	30321	45304	1816	500
114056	3756	114056	44896	1777	500
25088	4140	25088	45294	1772	500
118228	3720	118228	44671	1611	500
113188	3758	113188	44907	1816	500
122997	3687	122997	44189	1285	500
3719	4219	3719	44600	1177	500
113216	3742	113216	44874	1746	500
11843	4169	11843	44975	1512	500
19457	4187	19457	45135	1634	500
19144	4164	19144	45175	1689	500
25940	4140	25940	45287	1766	500
116246	3764	116246	44829	1726	500
13726	4170	13726	45034	1570	500
115267	3751	115267	44808	1769	500
100015	3847	100015	45179	1913	500
110314	3794	110314	45029	1909	500
10915	4165	10915	44990	1473	500
104884	3822	104884	45072	1919	500
90385	3913	90385	45263	1974	500
13930	4170	13930	45067	1567	500
107781	3791	107781	45043	1846	500
22249	4157	22249	45222	1737	500
107841	3821	107841	44992	1856	500
13604	4166	13604	44960	1591	500
68480	4030	68480	45335	2026	500
116591	3751	116591	44762	1709	500
9800	4174	9800	44926	1476	500
113958	3766	113958	44868	1743	500
110546	3800	110546	44990	1849	500
106447	3797	106447	45069	1877	500
116478	3728	116478	44801	1698	500
110662	3792	110662	44979	1821	500
2877	4247	2877	44530	1099	500
11840	4196	11840	44918	1510	500
9521	4183	9521	44905	1465	500
41516	4114	41516	45306	1947	500
114946	3752	114946	44844	1761	500
9984	4168	9984	45011	1465	500
49975	4053	49975	45333	1921	500
35353	4119	35353	45321	1831	500
19236	4156	19236	45193	1624	500
83918	3906	83918	45346	2034	500
11231	4181	11231	45013	1508	500
6503	4175	6503	44805	1392	500
100538	3856	100538	45167	2013	500
16241	4179	16241	45108	1655	500
113329	3739	113329	44886	1823	500
100747	3853	100747	45178	2005	500
109254	3818	109254	45060	1918	500
14625	4165	14625	45036	1575	500
35012	4130	35012	45239	1913	500
121953	3697	121953	44360	1398	500
56235	4065	56235	45343	1978	500
117587	3719	117587	44792	1676	500
30066	4152	30066	45225	1832	500
12677	4199	12677	44970	1608	500
46870	4068	46870	45361	1912	500
6397	4177	6397	44796	1318	500
16374	4170	16374	45191	1602	500
109645	3797	109645	45011	1813	500
5647	4193	5647	44768	1302	500
110368	3776	110368	45045	1858	500
39718	4126	39718	45354	1854	500
17497	4177	17497	45184	1676	500
108337	3785	108337	45051	1939	500
13436	4170	13436	45037	1547	500
48766	4066	48766	45321	1944	500
115999	3745	115999	44834	1783	500
42082	4108	42082	45350	1915	500
73310	3996	73310	45306	2043	500
93726	3892	93726	45284	1962	500
106308	3796	106308	45085	1938	500
14642	4174	14642	44998	1575	500
67880	4036	67880	45329	1945	500
72712	4006	72712	45333	2059	500
63058	4044	63058	45327	1988	500
11039	4163	11039	44962	1510	500
97775	3873	97775	45246	1956	500
2395	4243	2395	44453	1096	500
10043	4157	10043	44902	1494	500
12608	4166	12608	45070	1511	500
24115	4167	24115	45224	1706	500
119463	3725	119463	44626	1604	500
114256	3760	114256	44850	1690	500
53317	4061	53317	45320	1981	500
31020	4156	31020	45276	1835	500
105136	3834	105136	45123	1951	500
119386	3726	119386	44655	1582	500
113255	3747	113255	44972	1812	500
33776	4134	33776	45312	1829	500
100557	3837	100557	45197	1955	500
15322	4168	15322	45072	1644	500
105650	3812	105650	45069	1906	500
4696	4198	4696	44679	1268	500
13435	4177	13435	45017	1564	500
8888	4188	8888	44943	1444	500
120710	3704	120710	44500	1456	500
106426	3820	106426	45105	1825	500
107685	3789	107685	45133	1966	500
102853	3835	102853	45127	1863	500
89065	3931	89065	45316	2010	500
114742	3750	114742	44831	1733	500
105544	3840	105544	45134	1933	500
4733	4207	4733	44674	1282	500
47171	4115	47171	45333	1947	500
113181	3789	113181	44867	1840	500
39168	4096	39168	45286	1882	500
16879	4171	16879	45096	1622	500
110903	3815	110903	44936	1823	500
110791	3783	110791	44974	1837	500
85418	3934	85418	45340	1998	500
15021	4171	15021	45029	1607	500
70632	4000	70632	45355	2011	500
12342	4174	12342	45018	1604	500
19353	4167	19353	45214	1660	500
114787	3741	114787	44888	1780	500
112986	3768	112986	44910	1746	500
118409	3727	118409	44655	1688	500
23966	4152	23966	45142	1782	500
78954	3960	78954	45341	2012	500
118516	3712	118516	44659	1603	500
47044	4110	47044	45356	1968	500
4774	4188	4774	44659	1300	500
13840	4182	13840	45039	1569	500
39224	4112	39224	45340	1906	500
116380	3734	116380	44739	1749	500
88751	3933	88751	45314	2003	500
75986	3994	75986	45311	2037	500
14217	4159	14217	45050	1584	500
113692	3774	113692	44888	1760	500
13522	4170	13522	45008	1537	500
114066	3784	114066	44864	1793	500
12844	4170	12844	44958	1513	500
17108	4176	17108	45135	1617	500
39571	4147	39571	45264	1826	500
103983	3691	103983	44693	2053	500
84875	3911	84875	45228	2024	500
24061	4139	24061	45203	1716	500
37019	4091	37019	45244	1849	500
54915	4057	54915	45343	1984	500
59175	4061	59175	45353	1926	500
60291	4055	60291	45379	2029	500
70138	3874	70138	45215	1981	500
23017	4143	23017	45276	1709	500
62934	4076	62934	45226	1961	500
54323	4085	54323	45380	1915	500
81236	3890	81236	45282	2023	500
99129	3913	99129	45215	2017	500
13758	4190	13758	44951	1510	500
79296	3948	79296	45304	2115	500
88907	3999	88907	45248	1983	500
8739	4183	8739	44848	1391	500
83441	3959	83441	45291	2003	500
48853	3979	48853	45108	1806	500
105528	3876	105528	45016	2023	500
77875	3967	77875	45316	2045	500
64712	4046	64712	45313	2044	500
58336	4074	58336	45337	2000	500
69626	3996	69626	45374	2018	500
55060	4082	55060	45299	1903	500
96826	3926	96826	44900	2082	500
68771	4069	68771	45013	1977	500
99488	3798	99488	45169	2034	500
35333	4111	35333	45328	1842	500
22236	4158	22236	45165	1703	500
84784	3978	84784	45315	1964	500
74061	3981	74061	45298	2051	500
31933	4145	31933	45294	1864	500
36866	4120	36866	45285	1815	500
20876	4164	20876	45331	1616	500
39838	3984	39838	44956	1738	500
51297	4095	51297	45300	1920	500
19532	4148	19532	45063	1658	500
95897	3803	95897	45152	1986	500
80288	3994	80288	45325	2024	500
24659	4149	24659	45318	1734	500
73046	3850	73046	45175	2037	500
65190	4068	65190	45344	2017	500
47295	4107	47295	45326	1949	500
21328	4164	21328	45061	1581	500
41448	4130	41448	45282	1869	500
85322	3996	85322	45197	2095	500
72173	3989	72173	45329	2084	500
20956	4146	20956	45081	1674	500
102452	3784	102452	45026	2054	500
112239	3807	112239	44825	1977	500
72983	3901	72983	45282	2004	500
35897	4091	35897	45278	1810	500
84929	3807	84929	45173	2037	500
70306	4018	70306	45348	2080	500
35216	4132	35216	45214	1895	500
82075	3941	82075	45292	1979	500
94643	3985	94643	45171	2079	500
87815	3795	87815	45098	2038	500
78134	3688	78134	44812	2009	500
48378	4118	48378	45268	1977	500
95453	3789	95453	45134	2124	500
88073	3953	88073	45317	2043	500
59611	4033	59611	45355	1979	500
73187	3971	73187	45335	2002	500
68838	3890	68838	45264	1978	500
52594	4082	52594	45348	1960	500
16276	4172	16276	45146	1607	500
84109	3979	84109	45290	2017	500
25007	4167	25007	45144	1667	500
52140	4042	52140	45259	1953	500
105830	3750	105830	44935	2026	500
88535	3997	88535	45205	2055	500
89882	3812	89882	45167	2082	500
63376	4036	63376	45328	1987	500
49587	4061	49587	45290	1952	500
60223	4059	60223	45364	1929	500
109345	3847	109345	44962	1938	500
117523	3703	117523	44558	1745	500
71889	4035	71889	45332	2023	500
36226	4110	36226	45288	1828	500
60316	4068	60316	45306	1934	500
34797	4115	34797	45279	1797	500
79477	3801	79477	45160	2037	500
26772	4130	26772	45079	1694	500
4937	4217	4937	44630	1169	500
43908	4078	43908	45328	1867	500
38102	4130	38102	45284	1855	500
86756	3960	86756	45270	2055	500
31362	4120	31362	45149	1752	500
16630	4168	16630	44769	1394	500
15475	4163	15475	45061	1580	500
17589	4155	17589	45074	1677	500
54447	4087	54447	45351	1937	500
107800	3864	107800	44983	1964	500
55275	3949	55275	45142	1925	500
22813	4159	22813	44716	1448	500
33046	4146	33046	45311	1814	500
60985	4063	60985	45359	1938	500
74970	3974	74970	45369	2011	500
20153	4167	20153	45050	1645	500
53847	4117	53847	45312	1932	500
44042	4104	44042	45289	1892	500
32406	4132	32406	45153	1788	500
69835	3973	69835	45294	1996	500
88218	3870	88218	45190	2085	500
93464	3802	93464	45152	2086	500
102517	3771	102517	45049	2065	500
51593	4089	51593	45323	1910	500
80697	4031	80697	45225	1968	500
102949	3749	102949	45001	2033	500
53516	4076	53516	45334	1982	500
31567	4141	31567	45215	1804	500
43038	4090	43038	45337	1879	500
54704	4094	54704	45210	1865	500
36729	4123	36729	45277	1878	500
60969	4031	60969	45347	2006	500
70498	4026	70498	45348	1961	500
15287	4171	15287	45073	1585	500
64915	4043	64915	45342	2044	500
94856	3840	94856	45196	2070	500
105696	3752	105696	44990	1998	500
61053	4063	61053	45376	1966	500
59809	4003	59809	45312	1896	500
46436	4114	46436	45241	1947	500
96868	3920	96868	44656	2054	500
34737	4125	34737	45327	1842	500
63338	3944	63338	45274	2040	500
68753	3893	68753	45271	1975	500
59588	3910	59588	45135	1978	500
21792	4164	21792	45168	1697	500
45911	4069	45911	45236	1882	500
55869	4035	55869	45318	1976	500
105579	3883	105579	44973	1986	500
92320	3862	92320	45198	2013	500
50392	4084	50392	45348	1920	500
33178	4124	33178	45308	1851	500
38109	4061	38109	45182	1813	500
92840	3970	92840	45122	2100	500
99761	3811	99761	45080	1978	500
42073	4121	42073	45213	1789	500
21998	4150	21998	45101	1632	500
57146	4072	57146	45379	1954	500
66124	4002	66124	45360	1916	500
50525	4087	50525	45296	1913	500
55787	4073	55787	45328	1974	500
79818	3972	79818	45321	2069	500
31954	4150	31954	45254	1792	500
18330	4160	18330	45082	1606	500
62964	3916	62964	45243	1941	500
82971	4021	82971	45240	2051	500
43161	4125	43161	45309	1914	500
105905	3683	105905	44877	1939	500
49877	4077	49877	45374	1983	500
68893	4013	68893	45351	2007	500
33931	4137	33931	45191	1799	500
95634	3952	95634	45078	2100	500
95624	3826	95624	45221	2034	500
90087	3949	90087	45330	2093	500
94990	3838	94990	45191	1991	500
96317	3935	96317	45086	2184	500
72900	3766	72900	44992	1980	500
100182	3900	100182	45105	2040	500
22148	4174	22148	45294	1688	500
50901	4051	50901	45228	1940	500
24360	4150	24360	45207	1705	500
37897	4107	37897	45287	1859	500
51255	4091	51255	45347	1931	500
58673	4101	58673	45351	1980	500
90821	3939	90821	45249	1981	500
87267	3983	87267	45304	2033	500
44483	4085	44483	45323	1873	500
110348	3736	110348	44929	1962	500
62817	4063	62817	45280	1985	500
102198	3770	102198	45050	2060	500
41149	4113	41149	45361	1923	500
80340	3890	80340	45270	2027	500
99359	3783	99359	45092	1989	500
49227	4001	49227	45093	1866	500
24853	4125	24853	45198	1764	500
69143	3935	69143	45295	1974	500
35360	4124	35360	45325	1879	500
66501	4045	66501	45329	2038	500
60303	3943	60303	45244	1930	500
31480	4120	31480	45253	1787	500
4037	4223	4037	44474	1066	500
71290	3820	71290	45131	1981	500
69192	3990	69192	45345	2048	500
95380	3796	95380	45103	2092	500
75285	4043	75285	45299	2030	500
70538	3790	70538	45035	1959	500
36595	4087	36595	45181	1832	500
97791	3933	97791	45196	2059	500
52293	4105	52293	45328	1954	500
65521	4053	65521	45338	2014	500
45736	4120	45736	45290	1908	500
105012	3784	105012	44982	1926	500
81263	3741	81263	45038	2070	500
113037	3811	113037	44766	1928	500
34816	4126	34816	45333	1845	500
45471	4067	45471	45318	1869	500
33111	4089	33111	45169	1841	500
95594	3932	95594	45232	2089	500
56490	4068	56490	45359	2009	500
13985	4175	13985	44999	1511	500
106921	3875	106921	44986	2011	500
106272	3762	106272	45041	1948	500
88885	3961	88885	45274	2059	500
106661	3755	106661	44958	1883	500
60583	3999	60583	45313	1939	500
106157	3685	106157	44798	2126	500
112292	3822	112292	44924	1897	500
37026	4130	37026	45285	1819	500
65247	4023	65247	45351	1978	500
113229	3705	113229	44774	1875	500
19320	4162	19320	45020	1580	500
36598	4100	36598	45232	1887	500
64775	4037	64775	45335	2002	500
28536	4144	28536	45299	1782	500
57306	4038	57306	45341	1990	500
47512	4084	47512	45346	1916	500
88477	3869	88477	45220	1990	500
44442	4090	44442	45308	1898	500
61039	4087	61039	45371	2007	500
105405	3841	105405	45115	1914	500
70026	4022	70026	45348	2028	500
70434	4068	70434	45310	2055	500
40868	4062	40868	45320	1862	500
60033	4023	60033	45323	1962	500
22027	4149	22027	45145	1613	500
23115	4149	23115	45165	1672	500
24765	4155	24765	45132	1739	500
94158	3832	94158	45200	2070	500
84425	4025	84425	45180	2032	500
99174	3734	99174	45025	2050	500
80213	3873	80213	45252	2083	500
53184	4094	53184	45370	1983	500
93143	3735	93143	44962	1982	500
62610	4012	62610	45336	1954	500
91203	3925	91203	44351	1824	500
103928	3900	103928	45095	2090	500
46329	4045	46329	45339	1933	500
59159	4069	59159	45369	1983	500
114589	3713	114589	44754	1797	500
60937	4021	60937	45387	1979	500
34324	4110	34324	45220	1772	500
92293	3941	92293	45256	2093	500
84644	3874	84644	45256	1944	500
70849	4057	70849	45250	2068	500
97000	3918	97000	45216	2043	500
11007	4213	11007	44709	1373	500
79767	3943	79767	45296	2082	500
72731	4001	72731	45351	2033	500
58798	4044	58798	45344	2007	500
103287	3719	103287	45032	2011	500
31105	4121	31105	45097	1792	500
59786	4038	59786	45345	1994	500
37956	4128	37956	45332	1852	500
51638	4068	51638	45279	1919	500
96787	3897	96787	45241	2051	500
108584	3844	108584	44942	1988	500
100262	3696	100262	44798	2113	500
108034	3716	108034	44973	1982	500
69931	4017	69931	45345	2042	500
58964	4050	58964	45366	1992	500
32030	4118	32030	45246	1811	500
80418	4002	80418	45327	2022	500
40084	4096	40084	45261	1836	500
91604	3826	91604	45157	2044	500
108357	3843	108357	45017	1895	500
57488	4054	57488	45344	1951	500
20514	4148	20514	45186	1715	500
38124	4134	38124	45305	1884	500
59977	4053	59977	45351	2002	500
39226	4116	39226	45320	1864	500
106063	3755	106063	44980	2020	500
50102	4106	50102	45323	1926	500
77925	3999	77925	45288	1999	500
75388	4034	75388	45318	1949	500
67026	4064	67026	45342	1933	500
14095	4175	14095	45033	1548	500
72683	3995	72683	45327	2023	500
23872	4164	23872	45237	1699	500
108890	3694	108890	44838	1958	500
120292	3692	120292	44435	1552	500
73769	4045	73769	45328	1998	500
55252	3902	55252	45040	1822	500
62383	4019	62383	45373	2016	500
35331	4129	35331	45286	1817	500
18155	4157	18155	45181	1671	500
97481	3811	97481	45168	2072	500
11637	4171	11637	44860	1482	500
114948	3808	114948	44828	1779	500
83526	4000	83526	45270	2058	500
48656	4080	48656	45357	1953	500
82725	4017	82725	45221	2053	500
118060	3680	118060	44532	1719	500
76835	4001	76835	45343	2053	500
67883	4017	67883	45374	2032	500
62592	4086	62592	45328	1997	500
108754	3768	108754	44996	1873	500
66245	4057	66245	45292	2000	500
31913	4119	31913	45279	1803	500
114919	3687	114919	44636	1796	500
111000	3812	111000	44885	1931	500
105559	3769	105559	45014	1986	500
92250	3938	92250	45238	1977	500
100682	3790	100682	45088	2060	500
35261	4107	35261	45114	1760	500
13768	4208	13768	44544	1250	500
77913	3835	77913	45179	2022	500
21260	4150	21260	45068	1602	500
34440	4128	34440	45318	1810	500
74952	3950	74952	45282	1998	500
30115	4127	30115	45162	1765	500
103646	3882	103646	45046	2058	500
109743	3821	109743	44949	1937	500
79872	4014	79872	45265	1977	500
105789	3789	105789	45024	1999	500
96091	3929	96091	45186	2060	500
19476	4188	19476	45060	1575	500
62574	4050	62574	45394	2007	500
39761	4007	39761	44945	1733	500
62968	4028	62968	45311	1954	500
92180	3934	92180	45228	2039	500
69160	4004	69160	45358	1981	500
62810	4058	62810	45310	1957	500
68324	4080	68324	45288	2030	500
37153	4139	37153	45283	1808	500
60871	3995	60871	45330	1936	500
38944	4078	38944	45261	1806	500
34349	4115	34349	45158	1726	500
43402	4110	43402	45292	1915	500
43627	4127	43627	45327	1879	500
15178	4162	15178	45058	1590	500
75456	3892	75456	45249	2041	500
93865	3925	93865	45287	1981	500
74211	3997	74211	45316	1959	500
58457	4067	58457	45360	1943	500
100785	3765	100785	44992	2091	500
21784	4164	21784	45146	1700	500
105440	3740	105440	45015	2049	500
99161	3927	99161	45147	2047	500
45485	4095	45485	45345	1895	500
81940	4022	81940	45133	1999	500
46854	4086	46854	45336	1871	500
38342	4146	38342	45296	1815	500
112751	3811	112751	44888	1875	500
60894	4036	60894	45292	2093	500
87398	3804	87398	45087	2094	500
48321	4037	48321	45245	1898	500
104706	3834	104706	45077	2001	500
79310	3902	79310	45245	1990	500
25893	4151	25893	45156	1773	500
95457	3827	95457	45173	2048	500
23475	4133	23475	45022	1660	500
18347	4159	18347	45057	1662	500
37768	4136	37768	45283	1841	500
32712	4174	32712	45264	1768	500
95313	3801	95313	45189	2076	500
88160	3810	88160	45130	2106	500
65463	4061	65463	45347	2016	500
84060	3966	84060	45352	2055	500
67505	3997	67505	45322	2037	500
19778	4134	19778	45115	1690	500
96435	3805	96435	45164	2124	500
63345	3951	63345	45246	2005	500
75879	4017	75879	45308	2042	500
50689	4093	50689	45363	1956	500
15446	4164	15446	44956	1549	500
72738	3772	72738	45057	2020	500
49075	4079	49075	45308	1905	500
60416	4022	60416	45294	2009	500
31766	4084	31766	45012	1760	500
113255	3819	113255	44897	1850	500
23533	4171	23533	45211	1718	500
79756	3962	79756	45312	1994	500
61833	4051	61833	45325	1961	500
104125	3887	104125	45149	1946	500
80154	3984	80154	45305	2014	500
96183	3803	96183	45128	1990	500
57578	4018	57578	45308	1935	500
103182	3870	103182	45148	1979	500
104968	3780	104968	45042	1978	500
80962	4026	80962	45205	1953	500
103417	3767	103417	45093	1975	500
110935	3707	110935	44685	1833	500
60045	4067	60045	45346	1958	500
85111	3885	85111	45274	2040	500
51288	4032	51288	45321	1889	500
108156	3894	108156	44600	1871	500
41247	4083	41247	45343	1852	500
50261	4077	50261	45334	1963	500
49880	4096	49880	45362	1924	500
42755	4079	42755	45318	1902	500
18318	4156	18318	45086	1626	500
92062	3932	92062	45254	2024	500
30071	4089	30071	44976	1694	500
66075	3969	66075	45360	2008	500
28455	4131	28455	45168	1786	500
101405	3735	101405	44983	1982	500
101049	3899	101049	45196	2021	500
92634	3866	92634	45186	1997	500
106028	3746	106028	45006	2040	500
112400	3730	112400	44824	1869	500
98517	3775	98517	45166	2035	500
121978	3722	121978	44231	1385	500
76617	4023	76617	45308	2034	500
36438	4148	36438	45240	1783	500
93659	3813	93659	45138	2067	500
18408	4176	18408	44886	1500	500
71218	3974	71218	45326	1987	500
103081	3885	103081	45096	2036	500
41263	4141	41263	45267	1847	500
60140	4064	60140	45285	2019	500
72961	3927	72961	45279	2039	500
113864	3706	113864	44866	1760	500
15926	4176	15926	45064	1633	500
107285	3867	107285	45088	1926	500
16329	4177	16329	44892	1522	500
63266	3952	63266	45302	1937	500
40348	4154	40348	45265	1813	500
37629	4101	37629	45132	1824	500
13038	4164	13038	45057	1468	500
16724	4178	16724	44805	1480	500
29588	4164	29588	45259	1758	500
70033	4029	70033	45312	1960	500
42070	4086	42070	45313	1883	500
103421	3885	103421	45105	2036	500
70556	3946	70556	45318	2046	500
40299	4117	40299	45311	1911	500
41680	4142	41680	45329	1851	500
84750	3958	84750	45299	2086	500
47374	4108	47374	45316	1927	500
38318	4132	38318	45111	1739	500
76083	3933	76083	45273	2036	500
66222	4040	66222	45358	2057	500
93914	3834	93914	45154	1976	500
64913	4035	64913	45348	2024	500
51066	4076	51066	45320	1981	500
106740	3874	106740	45052	1997	500
15897	4173	15897	44941	1625	500
57285	4113	57285	45310	1974	500
33925	4117	33925	45242	1825	500
18784	4154	18784	45215	1667	500
60064	4074	60064	45309	1941	500
51896	4018	51896	45269	1882	500
87153	3809	87153	45156	2089	500
98367	3767	98367	45089	2098	500
61030	3922	61030	45278	2005	500
64419	4031	64419	45348	1950	500
102054	3900	102054	45167	2006	500
34306	4132	34306	44991	1592	500
41988	4142	41988	45273	1854	500
36257	4097	36257	45320	1861	500
88499	3941	88499	45309	2114	500
21598	4174	21598	45223	1659	500
92867	3933	92867	45261	2082	500
14458	4170	14458	45046	1549	500
55041	4063	55041	45361	1995	500
72295	3993	72295	45321	2065	500
62101	3987	62101	45314	2004	500
51914	4108	51914	45123	1898	500
43974	4118	43974	45326	1957	500
14355	4147	14355	44927	1552	500
20208	4150	20208	45181	1672	500
10531	4185	10531	44839	1492	500
113170	3724	113170	44852	1908	500
50986	4128	50986	45274	1890	500
115226	3792	115226	44695	1767	500
74052	3886	74052	45313	2035	500
98407	3933	98407	45153	2048	500
108721	3839	108721	44974	1953	500
9310	4176	9310	44816	1399	500
91994	3912	91994	45264	1967	500
27934	4106	27934	44974	1637	500
67044	3966	67044	45279	2047	500
112003	3737	112003	44896	1823	500
62304	3994	62304	45322	1958	500
21431	4137	21431	45249	1694	500
55217	4093	55217	45316	1933	500
18593	4161	18593	45104	1617	500
70266	4012	70266	45308	2053	500
23606	4148	23606	45238	1751	500
54513	4085	54513	45355	1883	500
100933	3905	100933	45205	2033	500
86597	3887	86597	45289	2117	500
114251	3717	114251	44757	1823	500
10212	4196	10212	44948	1469	500
57272	4094	57272	45296	1951	500
96234	3728	96234	44943	2059	500
85799	3899	85799	45299	2084	500
86506	3958	86506	45329	2014	500
15334	4158	15334	45065	1577	500
63595	4063	63595	45347	2042	500
87362	3968	87362	45259	1962	500
73417	4037	73417	45335	2084	500
60471	4051	60471	45070	1920	500
93482	3792	93482	45086	2124	500
57029	4079	57029	45302	1969	500
62876	4062	62876	45334	1982	500
63032	4044	63032	45327	2022	500
107353	3833	107353	44968	2023	500
48087	4047	48087	45305	1925	500
13677	4143	13677	45031	1556	500
63549	4043	63549	45334	1969	500
49177	4091	49177	45305	1950	500
72031	4047	72031	45196	2003	500
14671	4177	14671	45127	1549	500
76044	3972	76044	45314	2066	500
112503	3819	112503	44865	1833	500
64569	4033	64569	45319	2062	500
108326	3860	108326	45048	1943	500
65108	4050	65108	45317	2007	500
42031	4137	42031	45224	1775	500
87631	3791	87631	45147	2060	500
25161	4155	25161	45009	1629	500
42638	4002	42638	45089	1831	500
114997	3705	114997	44695	1785	500
23565	4135	23565	45208	1686	500
104892	3872	104892	45008	1977	500
21734	4150	21734	44991	1660	500
59069	3965	59069	45301	1950	500
79096	4024	79096	45211	2036	500
20720	4176	20720	45162	1683	500
25357	4151	25357	45078	1764	500
93617	3959	93617	45119	2155	500
65134	4074	65134	45200	1956	500
69485	3991	69485	45352	2001	500
63153	3913	63153	45266	1959	500
59409	4087	59409	45246	1963	500
83917	4021	83917	45242	2084	500
85221	3891	85221	45299	2009	500
110136	3836	110136	44972	1884	500
55380	3964	55380	45126	1913	500
103428	3770	103428	45057	2002	500
75880	3922	75880	45290	2080	500
104508	3774	104508	45053	2020	500
40850	4138	40850	45278	1782	500
59654	4070	59654	45362	1951	500
44724	4102	44724	45334	1925	500
58032	4082	58032	45378	1945	500
83752	3986	83752	45335	2059	500
86667	3971	86667	45313	2014	500
57009	4037	57009	45368	1947	500
38924	4112	38924	45232	1731	500
11332	4220	11332	44696	1297	500
42694	4030	42694	45193	1821	500
104846	3872	104846	44995	2081	500
89886	3942	89886	45289	2073	500
35833	4101	35833	45319	1876	500
76049	4007	76049	45320	2005	500
8493	4187	8493	44727	1423	500
24472	4158	24472	45282	1757	500
20962	4156	20962	45255	1668	500
55333	4063	55333	45353	1940	500
88458	3876	88458	45244	2010	500
19018	4182	19018	45066	1635	500
64167	4021	64167	45366	2030	500
64452	3958	64452	45263	2010	500
66786	4080	66786	45273	1968	500
96425	3911	96425	45232	2030	500
76087	3959	76087	45308	2000	500
49472	4124	49472	45168	1909	500
27303	4141	27303	45236	1794	500
61259	4037	61259	45341	1912	500
32952	4128	32952	45178	1791	500
31336	4122	31336	45149	1817	500
75279	4031	75279	45325	2066	500
19820	4148	19820	45068	1592	500
18389	4161	18389	45029	1597	500
80130	3856	80130	45257	2066	500
14057	4179	14057	44942	1529	500
74950	3976	74950	45360	2056	500
40836	4132	40836	45107	1767	500
71776	3956	71776	45332	1999	500
32390	4110	32390	45210	1827	500
72518	3972	72518	45309	2012	500
63699	4061	63699	45336	1942	500
111335	3837	111335	44877	1937	500
74687	4037	74687	45284	2033	500
53377	4085	53377	45349	1938	500
65127	4019	65127	45310	1998	500
28696	4148	28696	45134	1741	500
105470	3698	105470	44928	2069	500
14622	4174	14622	44953	1469	500
109144	3816	109144	45030	1928	500
114198	3726	114198	44766	1816	500
77568	3962	77568	45328	1982	500
101347	3887	101347	45126	2028	500
56259	4081	56259	45206	1896	500
20703	4161	20703	45101	1586	500
94713	3847	94713	45211	2052	500
64894	4064	64894	45326	2012	500
58619	4059	58619	45382	1970	500
106608	3876	106608	45044	2023	500
57684	4066	57684	45337	2003	500
28443	4147	28443	45300	1763	500
112239	3725	112239	44833	1870	500
18318	4154	18318	44897	1553	500
40217	4085	40217	45283	1799	500
108662	3726	108662	44920	1903	500
58257	4099	58257	45224	1869	500
55894	4110	55894	45336	1947	500
57338	4014	57338	45318	1930	500
98787	3805	98787	45157	1979	500
78065	4017	78065	45307	2064	500
36476	4072	36476	45208	1790	500
54468	4098	54468	45198	1879	500
17863	4147	17863	45025	1652	500
57316	4062	57316	45357	1907	500
60306	4054	60306	45314	1953	500
114627	3709	114627	44779	1812	500
95499	3785	95499	45157	2070	500
72631	3971	72631	45335	1967	500
58679	3981	58679	45286	1937	500
31755	4127	31755	45185	1684	500
41023	4091	41023	45261	1831	500
19391	4149	19391	45084	1600	500
56975	4077	56975	45355	2006	500
36767	4105	36767	45228	1833	500
45834	4072	45834	45271	1888	500
81526	4006	81526	45291	1989	500
63729	4045	63729	45346	1986	500
43335	4053	43335	45144	1854	500
25679	4133	25679	45010	1707	500
10336	4200	10336	44816	1381	500
72120	3956	72120	45257	1996	500
24146	4140	24146	45129	1734	500
77894	3998	77894	45341	2031	500
42417	4069	42417	45188	1856	500
90970	3818	90970	45149	2050	500
30250	4148	30250	45341	1819	500
74896	3938	74896	45282	1992	500
87607	3879	87607	45219	2086	500
34167	4095	34167	45122	1851	500
107619	3735	107619	45014	1989	500
97833	3935	97833	45264	1992	500
66564	4028	66564	45337	1981	500
65662	3966	65662	45355	2092	500
54378	3972	54378	45190	1892	500
31329	4107	31329	44974	1700	500
42608	4122	42608	45259	1886	500
35717	4019	35717	44763	1628	500
39225	4115	39225	45339	1853	500
35743	4101	35743	45259	1845	500
109584	3748	109584	44887	1881	500
65395	4041	65395	45341	1928	500
23274	4152	23274	45119	1696	500
18420	4170	18420	45115	1657	500
70131	4001	70131	45368	1882	500
95617	3921	95617	45249	2006	500
65723	4041	65723	45332	1968	500
98592	3794	98592	45065	2063	500
108486	3748	108486	44905	1919	500
36893	4073	36893	45081	1758	500
47368	4102	47368	45336	1966	500
85101	3821	85101	45126	1999	500
102421	3875	102421	45174	2032	500
109347	3731	109347	44963	1978	500
17007	4173	17007	45093	1584	500
75241	4045	75241	45227	2036	500
28802	4142	28802	45186	1767	500
96405	3795	96405	45134	2085	500
114164	3810	114164	44824	1796	500
31891	4075	31891	45082	1826	500
46333	4103	46333	45201	1833	500
21633	4149	21633	45026	1698	500
77909	4003	77909	45326	2040	500
88995	3967	88995	45245	2007	500
52701	4049	52701	45363	1934	500
23072	4150	23072	45080	1693	500
31888	4158	31888	45150	1687	500
19657	4163	19657	45171	1689	500
82224	3976	82224	45288	1995	500
101840	3906	101840	45091	2020	500
28319	4121	28319	45136	1729	500
105765	3731	105765	44979	1997	500
32805	4147	32805	45285	1784	500
46400	4140	46400	45103	1842	500
65522	3996	65522	45311	1984	500
56023	4071	56023	45336	1938	500
17949	4159	17949	44995	1585	500
62802	4070	62802	45319	1945	500
66480	4074	66480	45297	2074	500
19979	4173	19979	45200	1614	500
72420	4022	72420	45347	1976	500
109447	3755	109447	44912	1922	500
52748	4058	52748	45310	1989	500
109383	3709	109383	44961	1947	500
14342	4174	14342	44963	1575	500
91207	3887	91207	45259	1982	500
74359	3971	74359	45305	2046	500
70493	4003	70493	45361	1992	500
11613	4185	11613	44900	1461	500
79132	4000	79132	45285	1984	500
106261	3851	106261	45111	1949	500
53181	4091	53181	45383	2028	500
47691	4111	47691	45348	1913	500
41129	4095	41129	45045	1747	500
46049	4105	46049	45330	1922	500
49607	4005	49607	45288	1945	500
68253	4011	68253	45335	2005	500
75212	4034	75212	45223	2038	500
60676	4040	60676	45371	1968	500
92959	3833	92959	45198	2084	500
26212	4120	26212	45062	1682	500
54949	4073	54949	45352	1911	500
97404	3816	97404	45154	2004	500
11874	4188	11874	44816	1446	500
71360	3848	71360	45164	1955	500
64422	4038	64422	45356	1951	500
25230	4118	25230	45153	1722	500
10054	4176	10054	44861	1423	500
40238	4084	40238	45307	1915	500
5253	4215	5253	44567	1166	500
62692	4056	62692	45319	1983	500
52184	4044	52184	44727	1821	500
7728	4192	7728	44789	1286	500
111309	3809	111309	44951	1909	500
17007	4145	17007	45048	1615	500
76728	3926	76728	45341	1931	500
46303	4017	46303	45209	1855	500
34206	4112	34206	45283	1860	500
85404	3788	85404	45143	2055	500
89914	3954	89914	45261	2083	500
81653	3895	81653	45223	2021	500
62341	4033	62341	45366	1992	500
21194	4176	21194	45250	1672	500
11325	4201	11325	44929	1430	500
113225	3715	113225	44795	1918	500
94345	3777	94345	45069	2006	500
50141	4085	50141	45319	1953	500
9689	4177	9689	44798	1330	500
63886	4038	63886	45325	2046	500
115954	3802	115954	44649	1764	500
53821	4021	53821	45353	1895	500
89689	3973	89689	45316	1950	500
66689	4033	66689	45362	2004	500
5499	4221	5499	44602	1191	500
45829	4075	45829	45356	1948	500
75910	4014	75910	45283	1973	500
58606	4064	58606	45359	1937	500
56140	4082	56140	45316	1909	500
61191	4037	61191	45341	1975	500
22479	4135	22479	45123	1718	500
104144	3768	104144	44995	2019	500
