0.106592978	0.728552986	0.586689737
0.206336774	0.672573534	0.967592501
0.213638362	0.141787608	0.978940048
0.172461777	0.085002976	0.115768744
0.484604537	0.413380935	0.912270729
0.386956826	0.112637499	0.550807726
0.597105679	0.900018741	0.520786991
0.104585038	0.626350942	0.846463697
0.552396328	0.322557629	0.82549335
0.652270429	0.566955437	0.774603899
0.76062515	0.854084126	0.680630412
0.542680489	0.133136222	0.76366526
0.340387495	0.10602294	0.818484747
0.220524824	0.128758915	0.683785237
0.938509591	0.078709024	0.026404443
0.908205891	0.505753649	0.063501685
0.772543674	0.775964653	0.354206971
0.815483778	0.696616854	0.22317744
0.784834293	0.725174435	0.37311608
0.09762077	0.706585198	0.006891838
0.164609291	0.911106594	0.477071836
0.598040243	0.671242025	0.766714447
0.546631761	0.00824406	0.064410007
0.351334307	0.783775231	0.685862846
0.089347108	0.124733295	0.477675193
0.473365339	0.655590087	0.13827836
0.03676875	0.015185166	0.227071105
0.978464341	0.502884165	0.246633875
0.966654357	0.393122193	0.018328466
0.195209784	0.117454475	0.428866367
0.846831765	0.790328675	0.236867192
0.95373454	0.642189587	0.966624123
0.15369107	0.091744851	0.678054786
0.168066827	0.631069921	0.865393783
0.504101112	0.271902913	0.779462285
0.57201766	0.942631361	0.370171588
0.890422692	0.169769512	0.127941292
0.153593624	0.020343036	0.861868128
0.796624253	0.359213943	0.117328069
0.298300475	0.022501271	0.997735266
0.500038325	0.080108483	0.996696286
0.550218581	0.640252526	0.453372417
0.620973703	0.75217513	0.311153447
0.718115748	0.998182539	0.77727816
0.004845756	0.255198541	0.815710944
0.279593174	0.733870075	0.270810951
0.347248812	0.551450238	0.726456821
0.625528107	0.823758314	0.445943201
0.73603055	0.130883719	0.488678843
0.266260356	0.806888185	0.388345973
0.681556892	0.592497469	0.587657061
0.758875359	0.649943295	0.235748791
0.004170889	0.743291515	0.110140709
0.837939101	0.59488493	0.120603682
0.200858649	0.329937895	0.719287559
0.266068939	0.399139925	0.731607765
0.029366831	0.816750208	0.409075013
0.29208061	0.086929683	0.650212485
0.598798	0.669743662	0.037030781
0.31578642	0.797899788	0.363656089
0.820439843	0.32449066	0.651797683
0.156316724	0.03016051	0.432271047
0.298675838	0.702336241	0.216864639
0.718205833	0.218683826	0.120989257
0.377933783	0.039483654	0.524237689
0.953697485	0.350388189	0.392696311
0.575922092	0.436040739	0.139921267
0.18278367	0.36479453	0.747829841
0.375601833	0.810311555	0.891141629
0.337478757	0.733551716	0.520798638
0.022103867	0.791496287	0.302604564
0.556306709	0.453023154	0.99188947
0.266856599	0.092600924	0.929947321
0.681303757	0.514287636	0.249223201
0.507644644	0.463437427	0.229738683
0.106660422	0.447912397	0.994179443
0.421145102	0.607162849	0.371564704
0.15402369	0.951509625	0.209336709
0.554550984	0.580711692	0.831994553
0.740124354	0.039746929	0.167392822
0.414310436	0.557303232	0.288283766
0.299240931	0.031852585	0.844080153
0.644008139	0.51705201	0.052739844
0.210766534	0.158313461	0.937706215
0.886123479	0.411416024	0.053193963
0.230350936	0.472460393	0.862452497
0.8132867	0.896063906	0.798750486
0.37304934	0.863387577	0.526110313
0.300155812	0.338497165	0.242957279
0.694218911	0.692258726	0.957884788
0.25985631	0.188166854	0.609922702
0.989078665	0.101538417	0.893624308
0.792668125	0.9378077	0.8102784
0.200440538	0.779604927	0.465746915
0.010449394	0.04716943	0.532637337
0.356396033	0.466271582	0.774424912
0.674370014	0.920122869	0.355389719
0.118648856	0.018023347	0.072174363
0.541591389	0.172848244	0.906404939
0.122093403	0.985360968	0.811288574
0.169702639	0.376206613	0.139667943
0.742237726	0.254690308	0.436898231
0.335563607	0.979930792	0.389371411
0.46692452	0.409782422	0.135423398
0.030553447	0.593071631	0.39859365
0.603834486	0.377215737	0.464262713
0.818315827	0.417644925	0.168926967
0.125941568	0.695351211	0.881336005
0.696556426	0.583666935	0.31323366
0.018152918	0.09927457	0.726723803
0.612179423	0.951290998	0.538958592
0.475543029	0.840563325	0.156089888
0.613154861	0.160151625	0.293997722
0.994831046	0.571330147	0.548686909
0.638504898	0.41796418	0.463296242
0.419091064	0.924524984	0.569181868
0.825133722	0.761269478	0.619352822
0.0640389	0.721497404	0.74153667
0.159390393	0.071978074	0.062946968
0.340084064	0.738779645	0.331311097
0.776548023	0.131699923	0.199362909
0.580251476	0.475276471	0.802353869
0.3801346	0.50804084	0.92119631
0.216438781	0.165965674	0.932008675
0.617987423	0.341733997	0.062229944
0.340312643	0.842092695	0.949308316
0.851543239	0.476458931	0.244162102
0.780627315	0.794639696	0.995834352
0.359441914	0.019479198	0.035698044
0.447201429	0.318313285	0.533848561
0.812361753	0.304309955	0.841916567
0.53706093	0.188322655	0.111967894
0.7628798	0.018830653	0.157130543
0.491335651	0.30146175	0.638471427
0.701219565	0.598158968	0.102596297
0.611275873	0.884471834	0.682373566
0.216909342	0.304391465	0.368878571
0.743465712	0.732892064	0.736969697
0.957029673	0.024839366	0.474181783
0.582711179	0.628275226	0.039063613
0.164475451	0.18793762	0.054493265
0.810886203	0.909937871	0.39882183
0.449021556	0.75248013	0.558386322
0.873783947	0.59484628	0.824877699
0.137432856	0.932027246	0.185192433
0.094716154	0.405026532	0.286170641
0.380113983	0.788521594	0.647399421
0.733581808	0.677202824	0.942487218
0.821082491	0.658213846	0.715339892
0.978024706	0.542231001	0.942677365
0.135217977	0.227087479	0.235701901
0.420697737	0.738248823	0.704695672
0.318013773	0.427870549	0.254794276
0.24180132	0.01927843	0.103043575
0.832839831	0.078148905	0.940048726
0.028974206	0.615669808	0.72013416
0.949070756	0.086742721	0.303887444
0.894508289	0.232484549	0.171603971
0.090880824	0.722891555	0.591441514
0.54384728	0.492201282	0.483814804
0.489998792	0.56519806	0.887794949
0.713220062	0.579364461	0.468419319
0.270080937	0.59100072	0.411674018
0.458119103	0.715083029	0.79899014
0.315604635	0.182040121	0.680428706
0.862707477	0.018390532	0.857358371
0.061888321	0.907224834	0.219128776
0.321642808	0.346543578	0.739094273
0.331976981	0.803858979	0.635794196
0.801057736	0.795071187	0.596647376
0.19398961	0.939440511	0.984072434
0.601984868	0.125069949	0.688729018
0.878466255	0.201324687	0.994470223
0.71709118	0.002723749	0.891706791
0.74979183	0.315385436	0.976817626
0.128929356	0.563036462	0.31159057
0.662380518	0.658312434	0.425963737
0.070706977	0.706870533	0.172360076
0.323837534	0.123009275	0.71688466
0.611967381	0.476548001	0.64960963
0.349646086	0.094248169	0.519204395
0.828306512	0.046571215	0.302437301
0.009037352	0.940498247	0.430908754
0.974616832	0.249211404	0.36199664
0.820531525	0.68642552	0.048205334
0.240941228	0.99966615	0.515008386
0.709712697	0.35032454	0.025520285
0.917041217	0.074747444	0.876155223
0.391318273	0.864512365	0.249833832
0.205234362	0.357932704	0.629669322
0.701203647	0.309945526	0.758695075
0.682160932	0.574440874	0.922417787
0.754396033	0.505542839	0.115422972
0.012857048	0.10330338	0.624411691
0.95101171	0.051139373	0.589225911
0.578173731	0.168195666	0.218054124
0.03342316	0.133189978	0.417004621
0.49329018	0.253857299	0.189380971
0.9948988	0.245172184	0.035351532
0.807205784	0.194173684	0.746486604
0.076049315	0.191415328	0.399049177
0.459283631	0.449926926	0.465349838
0.326457758	0.751433671	0.989193608
0.689647018	0.574333293	0.369707809
0.576704091	0.641328643	0.593506762
0.820204722	0.588677631	0.209599659
0.771592267	0.694081664	0.734478366
0.039267421	0.645951522	0.299325235
0.364187346	0.646162353	0.495445074
0.150211474	0.995832689	0.81825019
0.478581659	0.802641176	0.604084809
0.310482753	0.796615175	0.205327783
0.66189248	0.876706024	0.020389808
0.431189323	0.662009558	0.102409545
0.960189067	0.365954908	0.460673797
0.473660495	0.830318066	0.694662991
0.057602803	0.151937909	0.882847132
0.635556717	0.247108208	0.53911497
0.42558256	0.905398603	0.59468091
0.445965817	0.834066607	0.688917291
0.11743429	0.240390593	0.317954658
0.597866892	0.289781235	0.872996921
0.386789089	0.700144148	0.272004533
0.589088845	0.259550486	0.054587873
0.874532784	0.172526093	0.317890323
0.026953327	0.540107983	0.611308346
0.923071284	0.446949245	0.256922474
0.562627489	0.68958934	0.309479139
0.233450374	0.031248512	0.586391558
0.988517749	0.152088204	0.92726568
0.430125436	0.68743646	0.672623876
0.06781826	0.775732308	0.24154124
0.943783557	0.88679194	0.822561118
0.681513081	0.50382908	0.928158992
0.633174527	0.948769995	0.366358718
0.055973597	0.021369034	0.985863259
0.215744029	0.076374295	0.199909776
0.965583467	0.189109124	0.729188134
0.31365005	0.597745681	0.104941286
0.847587379	0.686769408	0.168296941
0.403902657	0.055786345	0.826015936
0.706799112	0.849507743	0.825225804
0.321263263	0.573326978	0.230938079
0.990697571	0.165320803	0.940505351
0.034029108	0.633446955	0.321427024
0.820022853	0.9369046	0.252640862
0.417309179	0.3286194	0.703248217
0.326330979	0.577576662	0.108273058
0.527801882	0.717504096	0.826485197
0.586326736	0.081955396	0.651886679
0.45383529	0.59630554	0.91776608
0.559931111	0.891947745	0.541882693
0.53185046	0.216094456	0.377308934
0.268317031	0.342136461	0.794989684
0.659665169	0.670440559	0.773923802
0.065288741	0.067224725	0.827498792
0.535879813	0.10079537	0.618053253
0.12859066	0.06043324	0.847108038
0.257309632	0.16284851	0.392884689
0.928053515	0.495860638	0.721381855
0.992886021	0.403042774	0.880373912
0.379495687	0.330617222	0.132167977
0.774027442	0.387396897	0.128093896
0.676956945	0.139012077	0.523600182
0.383593534	0.69697735	0.354297929
0.440426505	0.671815778	0.060068108
0.034804418	0.038751882	0.369738852
0.674769	0.922267101	0.703046808
0.096431935	0.0382296	0.75246328
0.5181218	0.077920389	0.295571511
0.505264407	0.294215652	0.946422234
0.635693243	0.750957247	0.75657197
0.909681107	0.898461461	0.080431575
0.09438147	0.578144177	0.007745128
0.905134133	0.36319032	0.116273734
0.774637672	0.143957041	0.20906586
0.91245087	0.585718237	0.248939431
0.922171464	0.871873339	0.903443134
0.798295926	0.415869903	0.516324106
0.243005703	0.579391575	0.526269549
0.097261102	0.787935774	0.030440194
0.274553858	0.706066356	0.355377621
0.988014767	0.136537247	0.749758074
0.51038757	0.276099675	0.799118209
0.452498978	0.222011231	0.582655047
0.277060587	0.235424471	0.550880595
0.775519543	0.961773879	0.283725281
0.012777914	0.484481465	0.507788367
0.535581319	0.328919095	0.450465592
0.545788693	0.464600686	0.743416128
0.471316972	0.581550825	0.064298092
0.819130612	0.102856308	0.419021115
0.905590974	0.63586927	0.596072806
0.620292547	0.065738615	0.389550692
0.696415947	0.616528109	0.706844284
0.937275895	0.675819016	0.115898638
0.457491064	0.459866851	0.831224765
0.09239197	0.730744217	0.792835025
0.464851083	0.032268293	0.174305385
0.723525238	0.803240061	0.35200784
0.097932047	0.349268292	0.071161751
0.73009127	0.981208086	0.737370542
0.605958747	0.549537823	0.508630828
0.433331177	0.032488008	0.769886907
0.39738976	0.115813281	0.597752644
0.027211872	0.154506826	0.620987859
0.026422813	0.959606305	0.79934716
0.524982055	0.513842346	0.283353763
0.149594378	0.023405839	0.481994994
0.490515832	0.26817402	0.04414558
0.911828861	0.282332082	0.460064797
0.646188715	0.534369185	0.493469461
0.540905702	0.179090029	0.79919833
0.075847868	0.033325648	0.481889327
0.73475822	0.680319618	0.574313699
0.359721748	0.480160404	0.100551598
0.870357106	0.230727293	0.258794886
0.470035741	0.930111223	0.749418492
0.570630687	0.161962249	0.162685147
0.725559184	0.174482501	0.139716086
0.521234	0.964507592	0.880509416
0.115434201	0.775803824	0.147275963
0.729874988	0.442748251	0.436676529
0.096916267	0.895997549	0.284367344
0.615876517	0.056834193	0.166560498
0.553083871	0.361925981	0.225503255
0.429999455	0.581502999	0.088529688
0.648143343	0.516568382	0.292961697
0.144388808	0.837483558	0.182418641
0.770052552	0.912085841	0.427976535
0.268844843	0.39149598	0.113090979
0.412665187	0.318524616	0.969186878
0.204709773	0.045257047	0.10658967
0.230850427	0.846845126	0.826498459
0.407776902	0.114837029	0.273644282
0.109979612	0.154085739	0.964452216
0.99926878	0.989402788	0.958125111
0.822805495	0.613669085	0.831251346
0.5195329	0.587368903	0.371858943
0.004042308	0.947301329	0.024574494
0.557408988	0.294927355	0.307193843
0.27245175	0.613925447	0.549961322
0.112280825	0.355138214	0.762543348
0.513649742	0.30345847	0.180025625
0.434832248	0.410445216	0.534265809
0.701733996	0.879241458	0.26883178
0.565064831	0.901804551	0.720843922
0.329783613	0.572507457	0.473630434
0.099710063	0.561524713	0.956032883
0.374707849	0.855862116	0.158934785
0.180559023	0.432587557	0.196930363
0.441163767	0.63014718	0.526064258
0.833299041	0.107733873	0.422363051
0.595894177	0.661390219	0.882076805
0.344221686	0.512216187	0.839572721
0.068776718	0.100777957	0.769061869
0.878378981	0.079496791	0.283625232
0.098239394	0.265022658	0.205180776
0.40015725	0.355689429	0.965134357
0.439254731	0.076463951	0.040056634
0.49434524	0.218039626	0.567920207
0.385517092	0.695224675	0.381329023
0.690525876	0.419838089	0.764509304
0.31763349	0.947549745	0.572968134
0.099067466	0.535627686	0.382224387
0.265851624	0.939731987	0.704224822
0.531716324	0.575808442	0.232153516
0.065021622	0.57015357	0.879779502
0.757293024	0.007688528	0.404905907
0.178596599	0.923595392	0.489906005
0.044365007	0.415936344	0.149392562
0.412216708	0.387454263	0.417589981
0.476462005	0.717300365	0.808895379
0.614048833	0.809059435	0.914573017
0.747105628	0.018318682	0.300168203
0.237577456	0.497825873	0.544167233
0.158774111	0.402542597	0.594925941
0.291005564	0.541399437	0.838107822
0.455035823	0.67523652	0.182886261
0.063215958	0.1206328	0.059379709
0.011279243	0.550237843	0.496226971
0.471767929	0.16014503	0.635750676
0.726456276	0.547775509	0.274586087
0.779518861	0.419026782	0.256135823
0.226015966	0.070225059	0.705243441
0.400990381	0.711326871	0.740434808
0.146292189	0.324561186	0.176309433
0.436703734	0.279940953	0.233026521
0.853507517	0.732863944	0.221023082
0.131784039	0.908727327	0.167029577
0.724517155	0.127376217	0.449273432
0.015098842	0.795908337	0.219861065
0.026921237	0.357476377	0.162909552
0.102794108	0.269887533	0.919725306
0.749773053	0.720499697	0.429909951
0.232169047	0.869275025	0.561296299
0.527240697	0.924147545	0.333167536
0.447153455	0.928577668	0.274318331
0.482282349	0.073712207	0.644674788
0.512598272	0.027980079	0.504721773
0.213887974	0.893112542	0.984808952
0.048644913	0.359547114	0.60192812
0.59840875	0.198059629	0.596321841
0.259374823	0.745727093	0.08652498
0.689111357	0.445971202	0.732388142
0.216550964	0.751476601	0.296965481
0.489519837	0.463695294	0.459808259
0.398012387	0.967945368	0.889387003
0.630049747	0.237708953	0.256336849
0.809519037	0.537499616	0.198715572
0.978432803	0.506766012	0.583384011
0.525142126	0.838937965	0.392544045
0.116986484	0.715351083	0.566520742
0.876783808	0.202660622	0.701818615
0.533670095	0.761435645	0.430761583
0.664664883	0.497528663	0.655509809
0.716408487	0.251518267	0.314000526
0.148207906	0.383399886	0.434337549
0.743803637	0.39330384	0.37377296
0.712838865	0.561928711	0.717176529
0.127970292	0.742298447	0.39178922
0.374737078	0.414201629	0.113577451
0.141819396	0.296871549	0.085816561
0.414370307	0.406599895	0.079172625
0.974153611	0.595733523	0.08372494
0.443270083	0.338621177	0.523179118
0.497067743	0.631658436	0.918141806
0.616870874	0.077212735	0.965368045
0.351305983	0.323851608	0.030244413
0.423995451	0.563323614	0.274840213
0.002279618	0.386486433	0.825671715
0.608809493	0.34574051	0.444985756
0.097055342	0.33213692	0.265673103
0.685232771	0.263957492	0.446409893
0.605801976	0.136885535	0.848344237
0.317921725	0.832624078	0.766606667
0.90670363	0.751977713	0.333729343
0.193240163	0.977616549	0.386800524
0.011440609	0.895639749	0.779071
0.278537277	0.356570303	0.006902816
0.3890076	0.688048588	0.242731449
0.546977345	0.654938511	0.383797617
0.790373204	0.590158306	0.199992217
0.734139056	0.989859616	0.204358212
0.392852184	0.210657157	0.565346215
0.288053549	0.673286792	0.646274238
0.874620203	0.734124788	0.07299982
0.917752839	0.101672033	0.433163041
0.864809557	0.601460101	0.82305889
0.971297525	0.712189128	0.93375637
0.169532411	0.243688071	0.610812532
0.203652367	0.289021448	0.43055717
0.915215429	0.211032031	0.449438249
0.202569278	0.435820331	0.353265676
0.602102425	0.72780694	0.733257689
0.980448748	0.296573336	0.033050252
0.96658014	0.693474324	0.901942186
0.672770535	0.985405832	0.702691797
0.683746817	0.725704262	0.030980385
0.372736198	0.127455526	0.180184331
0.426947962	0.566642924	0.46066452
0.429521425	0.834105521	0.120346374
0.778307438	0.4785445	0.55275163
0.656810154	0.695486684	0.373774819
0.715104905	0.420580703	0.207227824
0.706415448	0.865578078	0.10131693
0.674337411	0.625556549	0.530743858
0.724403575	0.346658258	0.507298851
0.352566341	0.779479529	0.205818469
0.511990718	0.35992537	0.029308659
0.56640892	0.924669714	0.41017962
0.325587368	0.919657978	0.836332766
0.339139874	0.04443397	0.246400388
0.420686487	0.389222257	0.080191772
0.796865988	0.132005027	0.070563138
0.519544141	0.293970896	0.561479797
0.342462792	0.095047943	0.231158956
0.243745934	0.791935174	0.379297817
0.945053542	0.789508619	0.162472355
0.695740968	0.479197733	0.187804875
0.493048959	0.310359179	0.174650906
0.621625416	0.834128602	0.831127264
0.088383529	0.209080002	0.465862558
0.928547308	0.921239761	0.226443316
0.534975657	0.543677272	0.629683818
0.372053857	0.857060953	0.759385118
0.411999602	0.125891957	0.92003068
0.932683305	0.790930317	0.568306001
0.491416899	0.295061945	0.557980845
0.611467329	0.434317154	0.777971751
0.384162985	0.389547812	0.290405677
0.387467687	0.60242961	0.981281274
0.616791212	0.126744247	0.698781461
0.336605477	0.325735852	0.697884046
0.20559053	0.199103785	0.665115573
0.712874192	0.034015718	0.733123845
0.331920085	0.127057464	0.916504961
0.421596365	0.935124998	0.110785939
0.529053034	0.999369739	0.074917103
0.182622424	0.529671357	0.406727778
0.274700273	0.973461865	0.596098734
0.277988741	0.667647557	0.415130573
0.175886553	0.571461009	0.676825928
0.39491538	0.038225174	0.936744335
0.452773072	0.021471513	0.445278134
0.999510122	0.576584794	0.144509014
0.811843308	0.518207947	0.171255226
0.802336322	0.955773614	0.747418862
0.738017987	0.996215556	0.211389732
0.372066367	0.940224881	0.499094875
0.754197748	0.306431475	0.534411477
0.26853388	0.964219924	0.804424862
0.643304532	0.305093367	0.322662221
0.412457684	0.713661968	0.734437571
0.716001252	0.960421677	0.036835721
0.635176219	0.4678864	0.404072579
0.360754925	0.522017603	0.418920967
0.895085504	0.267302414	0.188571612
0.095244682	0.144630528	0.825670607
0.710204464	0.454812015	0.079445475
0.481334428	0.846700608	0.923058153
0.037053166	0.158876268	0.920358573
0.833138501	0.136529486	0.891828145
0.573969726	0.571392193	0.464388637
0.281938814	0.470907001	0.280794975
0.333594394	0.881203115	0.21657855
0.240999639	0.531752929	0.6793389
0.603620573	0.621180168	0.177579842
0.440529523	0.566221393	0.016512587
0.375745965	0.640277296	0.029538987
0.851943785	0.435108591	0.623268794
0.090676054	0.660045567	0.09166337
0.761086183	0.508089772	0.457822999
0.012581672	0.858659343	0.761646573
0.596595306	0.483550728	0.386465831
0.394182107	0.947868373	0.558921821
0.130463756	0.344375293	0.27622992
0.446925291	0.57834937	0.870256584
0.487113919	0.206704038	0.505231898
0.929213072	0.382201935	0.330157696
0.333355976	0.123572399	0.325569035
0.518942139	0.677152843	0.78904207
0.252839373	0.693040119	0.189749287
0.260463957	0.58447673	0.826149086
0.613720515	0.259362448	0.031903452
0.223198382	0.632533855	0.834311994
0.008428881	0.927998987	0.438188179
0.589787428	0.235932891	0.77169024
0.469180964	0.973967312	0.398179481
0.230717502	0.600026549	0.898634259
0.532368175	0.090872894	0.974094861
0.651210694	0.953892083	0.973164726
0.110206699	0.037612499	0.707128672
0.198913976	0.521457063	0.323916947
0.139970161	0.111902081	0.710537637
0.908670311	0.782949684	0.540730699
0.5066444	0.351661395	0.894465167
0.324065645	0.802329727	0.46995925
0.613199864	0.328835222	0.543161335
0.083763305	0.357711589	0.722161532
0.012036754	0.497728398	0.701703096
0.481883685	0.999291913	0.863421641
0.039628341	0.472640881	0.974803552
0.767343443	0.439076223	0.5340321
0.951476747	0.785627663	0.473885991
0.689437386	0.621802019	0.376875272
0.502018962	0.471855307	0.156103389
0.509065879	0.210047007	0.587245116
0.462589762	0.525289412	0.714565241
0.589246482	0.722418093	0.624818556
0.019428883	0.122138188	0.646589731
0.343735628	0.430747399	0.870846688
0.864160974	0.333259521	0.08734133
0.423859421	0.246421409	0.783326616
0.823933483	0.013132627	0.539741675
0.888093003	0.901164713	0.868855199
0.386146212	0.896737205	0.89713679
0.342908243	0.336428241	0.961442719
0.227419564	0.162309131	0.800034895
0.909190335	0.204322885	0.754816933
0.274279789	0.34335034	0.128598304
0.867611744	0.408939393	0.122176484
0.516545419	0.670611185	0.963641192
0.086829474	0.128394186	0.237866353
0.095846299	0.458406684	0.148865
0.406530867	0.250527427	0.993789802
0.678215789	0.735867925	0.911074054
0.674159577	0.031648141	0.072074764
0.437086463	0.187279228	0.240629715
0.838038563	0.226106173	0.764478856
0.104881309	0.813214436	0.535866996
0.680492018	0.774840666	0.589582018
0.975376521	0.120467099	0.417113956
0.630616449	0.208844638	0.607154527
0.75022609	0.7286864	0.580194587
0.500019493	0.257851573	0.070380313
0.128239645	0.358012272	0.561446996
0.611286329	0.12305466	0.712672961
0.179573587	0.016868847	0.906134199
0.12114373	0.406500297	0.146566683
0.512229853	0.040413179	0.360486307
0.061649535	0.386179973	0.527746978
0.713255589	0.739079361	0.208264987
0.77244909	0.446889508	0.759406331
0.495986902	0.24305541	0.980278983
0.987869451	0.825813836	0.187047714
0.603291763	0.807784311	0.875025834
0.418999342	0.91550461	0.258195798
0.063854834	0.758026368	0.773620847
0.899245265	0.014663118	0.316241419
0.280883813	0.210616764	0.949659849
0.144370079	0.74031884	0.816506001
0.784595797	0.278893101	0.848021997
0.936696557	0.016461291	0.888178121
0.124300345	0.304757066	0.684866962
0.811437137	0.792176595	0.899466341
0.787882485	0.577663802	0.877952244
0.656756171	0.4062505	0.465001708
0.11664255	0.757243628	0.380053731
0.007282363	0.307037311	0.55054422
0.835758157	0.253419981	0.53696693
0.441244023	0.557087621	0.911630939
0.805570354	0.195040217	0.834027499
0.461647635	0.871703116	0.13188941
0.465944384	0.827087814	0.041164156
0.381992918	0.183272651	0.753579293
0.086956121	0.075409962	0.454384984
0.246932241	0.873597976	0.50690708
0.324610477	0.302807762	0.99581577
0.792070538	0.334133181	0.678053117
0.495261181	0.066666168	0.205088172
0.493794224	0.233579263	0.769557212
0.58377359	0.376507475	0.602759198
0.384699961	0.441111923	0.339456112
0.364066637	0.911769633	0.463709776
0.170646431	0.238691385	0.73826699
0.514127227	0.84152604	0.704936179
0.837879362	0.02075844	0.348749442
0.008081193	0.195889353	0.588558845
0.91633338	0.615788548	0.030575443
0.558152063	0.417026641	0.524038288
0.920281368	0.94804792	0.60033905
0.328438393	0.773492918	0.841942162
0.827825956	0.008201786	0.885338567
0.740732304	0.230415253	0.998042887
0.023176431	0.2265322	0.623940541
0.698024164	0.800539666	0.027606322
0.830814075	0.508928003	0.595467562
0.755174335	0.638199264	0.352830809
0.693088121	0.467314216	0.815994321
0.453177327	0.190922191	0.759882833
0.707334668	0.846514203	0.622121285
0.929512047	0.755237825	0.106794468
0.844679628	0.908027453	0.239050191
0.399153423	0.955009819	0.960882666
0.700729637	0.651265508	0.009495325
0.084137264	0.681584326	0.226513854
0.697181519	0.329646981	0.237207414
0.427760834	0.711879599	0.679601438
0.389886189	0.744852014	0.24257457
0.612241842	0.67923816	0.461355451
0.597064962	0.558140884	0.12083952
0.815940641	0.306400026	0.25072962
0.791697722	0.016787006	0.176544659
0.577824503	0.181749805	0.189324199
0.414272618	0.101128063	0.440053223
0.455582141	0.642458461	0.130328149
0.127137736	0.679878868	0.573223611
0.293191288	0.928445058	0.325924852
0.218487631	0.383063459	0.130186372
0.701620997	0.448051392	0.709188684
0.077720657	0.838481814	0.025623947
0.384800073	0.234785752	0.005964558
0.114947395	0.613337852	0.881631955
0.013509882	0.205620082	0.608591594
0.058135778	0.319654748	0.822893174
0.980585239	0.202742741	0.311454228
0.941978197	0.74513948	0.59073142
0.952017649	0.170223803	0.651959797
0.579495173	0.899155372	0.798769698
0.127976947	0.2710069	0.355538399
0.884391452	0.245888276	0.486969668
0.958751333	0.881105372	0.177768983
0.795612311	0.501987853	0.717348136
0.281190237	0.96790317	0.857463297
0.194839732	0.457312749	0.356336378
0.816902939	0.799937888	0.409691677
0.775485259	0.36447011	0.793744585
0.553804087	0.590949973	0.76590495
0.94755024	0.546101818	0.431808325
0.210933707	0.605932353	0.381889225
0.117555365	0.676971527	0.631292359
0.186608293	0.444111713	0.577285729
0.359796447	0.673830005	0.586647498
0.165602831	0.647105288	0.270623764
0.028197583	0.156058756	0.56326747
0.454677599	0.278687111	0.819536203
0.37385333	0.387088762	0.248803635
0.496432539	0.93338889	0.981712125
0.987519605	0.587500794	0.90584966
0.44323605	0.722195392	0.190359454
0.244277806	0.538106205	0.500424321
0.594592499	0.315577064	0.605644034
0.889596098	0.075856457	0.243998478
0.854307269	0.180003828	0.569114714
0.796126677	0.024441696	0.780596423
0.853029829	0.748321761	0.386834741
0.302620538	0.052276085	0.721657013
0.816261616	0.075395647	0.391140805
0.743063924	0.255066736	0.80289089
0.868859074	0.214310556	0.116483559
0.912154447	0.99965833	0.353234928
0.722818942	0.64887436	0.49563797
0.202111105	0.390490527	0.214364027
0.761059493	0.873251472	0.228006077
0.892709716	0.347972204	0.465050083
0.123351489	0.437366619	0.856928803
0.4303164	0.071903984	0.069041549
0.299962986	0.466679953	0.460189532
0.232216917	0.303184903	0.721969569
0.556749202	0.241697338	0.239071824
0.045322318	0.790302805	0.052047576
0.662985913	0.772720085	0.912502072
0.133074171	0.815598506	0.321333865
0.382520684	0.985315424	0.158724297
0.196155293	0.244318206	0.209332378
0.932105892	0.225840209	0.590444377
0.880385851	0.369486148	0.028233973
0.525198902	0.311696537	0.667259502
0.012339312	0.074118564	0.955926476
0.732261926	0.560128738	0.208231571
0.01969467	0.820706188	0.623323639
0.863665951	0.272016003	0.170148222
0.854072082	0.662021396	0.768159171
0.991564235	0.053155025	0.194234322
0.078710975	0.344601192	0.119003319
0.002802597	0.579767818	0.67984357
0.774281214	0.450328312	0.524129072
0.805116402	0.483352307	0.942130025
0.933531726	0.869466544	0.720079163
0.294286266	0.42901269	0.839322483
0.019766342	0.496429465	0.857808654
0.972015387	0.831832267	0.71041369
0.725857504	0.031769444	0.257488634
0.04051987	0.26773641	0.454845783
0.598366346	0.66705793	0.099986013
0.022059152	0.306847861	0.733214131
0.041045334	0.964891429	0.198002325
0.571415728	0.057521725	0.218019542
0.464846226	0.068127114	0.155878562
0.714699163	0.278438777	0.80040718
0.417657042	0.278992871	0.293403815
0.503152557	0.449495918	0.549982807
0.728336806	0.104952073	0.300802051
0.617596791	0.910961726	0.82465332
0.320631133	0.364089299	0.123285484
0.992310124	0.823138186	0.951908909
0.18274392	0.656815653	0.029563521
0.437674415	0.704748594	0.981158987
0.337328758	0.896463146	0.274491315
0.36070268	0.776270441	0.385468457
0.629177952	0.515762873	0.598161174
0.817059697	0.501258884	0.538270306
0.435523834	0.315693286	0.187717301
0.156429939	0.402762708	0.565017455
0.20719246	0.363655645	0.702999764
0.86257065	0.939844922	0.437688515
0.342148424	0.166284569	0.317586522
0.995839358	0.204892993	0.066507487
0.807539022	0.612151805	0.575051418
0.009312948	0.073271754	0.302151447
0.281286215	0.945522136	0.814774182
0.042831392	0.439311983	0.542069818
0.129461243	0.38915432	0.612358258
0.947529455	0.177046176	0.486554338
0.808129509	0.729373683	0.032921242
0.11602594	0.758730721	0.693857027
0.796289813	0.615134626	0.911969085
0.928318887	0.7174804	0.725461622
0.089218688	0.020005023	0.814440299
0.197796862	0.675087197	0.873812593
0.920495707	0.233807363	0.712435618
0.227973775	0.880401132	0.82155329
0.208219164	0.327147034	0.008674618
0.972509621	0.058424887	0.991783635
0.883350166	0.085270853	0.724990962
0.472613396	0.798202605	0.710998228
0.901423276	0.457460572	0.057137858
0.768997952	0.004408068	0.557521819
0.990335155	0.226268375	0.052316676
0.825874353	0.375945287	0.507915828
0.762822839	0.636886299	0.375124312
0.360471937	0.419945067	0.432877453
0.096241818	0.035500875	0.831250895
0.698515785	0.588031408	0.938656136
0.600248006	0.32220454	0.894261348
0.698396467	0.707216402	0.36878205
0.793765914	0.654885255	0.174419277
0.054631136	0.414991633	0.944891911
0.381345549	0.869512699	0.286890496
0.321521179	0.076603061	0.984410979
0.537259117	0.114541032	0.082388889
0.768214628	0.179310801	0.810907665
0.811634505	0.809821768	0.568671837
0.398281626	0.471371442	0.956025843
0.889993161	0.299411336	0.764379073
0.018283723	0.892767092	0.066951713
0.919299427	0.292842726	0.038270812
0.803822238	0.852089731	0.459099181
0.043120873	0.971896172	0.244760242
0.174270325	0.996469529	0.202315582
0.599569373	0.388150108	0.327650039
0.887170084	0.906577842	0.015502442
0.010339023	0.630899199	0.202679017
0.126660982	0.538024682	0.261755561
0.993623482	0.592004551	0.638436249
0.188078969	0.396477428	0.67357723
0.314070977	0.22914516	0.526002791
0.103881125	0.225586906	0.619328662
0.600925251	0.596687032	0.183179385
0.578231862	0.207562049	0.667067427
0.45313031	0.902213698	0.396744016
0.569580809	0.583666277	0.194513379
0.313703259	0.257314379	0.390040627
0.861506158	0.543452576	0.019600704
0.547273451	0.434418447	0.226435068
0.646883647	0.728841787	0.2366244
0.384114608	0.547289294	0.912297413
0.383582166	0.492572349	0.613126328
0.070239851	0.939189528	0.854583946
0.205629408	0.44586676	0.65616332
0.915851307	0.988246599	0.468389275
0.264016871	0.037431026	0.243563437
0.098723733	0.237089403	0.150779851
0.583154652	0.585634535	0.836092779
0.33649712	0.334781764	0.228050094
0.915509643	0.383786649	0.3237294
0.378606943	0.202148358	0.323350616
0.641580664	0.928924372	0.517690305
0.044086447	0.357022991	0.682167653
0.828165841	0.822225598	0.531421594
0.693398592	0.101279325	0.992632199
0.839300494	0.093709796	0.44530079
0.721402152	0.395118753	0.798397815
0.370441759	0.790893489	0.596402426
0.217962551	0.220006675	0.015369833
0.185170347	0.533279215	0.651709698
0.01947728	0.091924148	0.641499201
0.885472847	0.816893193	0.806889925
0.353151273	0.070054979	0.658527084
0.338338587	0.534298421	0.32692393
0.092356575	0.955738399	0.391569193
0.200046453	0.3484659	0.997597427
0.030018875	0.3166419	0.207048274
0.392555711	0.097578812	0.391053784
0.620737207	0.043602257	0.736877023
0.623092105	0.965019396	0.09542422
0.197871981	0.366191213	0.867829721
0.71071472	0.051571766	0.197602507
0.707229124	0.592231227	0.773566677
0.068066323	0.736897476	0.325400026
0.95376447	0.32132735	0.434056405
0.932459615	0.265498898	0.524533863
0.745651042	0.442767545	0.431051698
0.252959202	0.521728324	0.213337703
0.810342314	0.462809732	0.815599452
0.742628191	0.72633481	0.610610215
0.550677612	0.593708739	0.764319869
0.248057542	0.79436386	0.458448722
0.824308591	0.032664512	0.759726104
0.975301661	0.531569621	0.153480832
0.878000986	0.005369331	0.225361393
0.502970379	0.243172427	0.319956176
0.127749384	0.517114176	0.409488793
0.98175375	0.343332151	0.012672651
0.956194592	0.61601521	0.87462149
0.239674161	0.190242985	0.201297425
0.225007646	0.044041569	0.003695711
0.310832913	0.00653083	0.977431602
0.092008914	0.204027791	0.683537871
0.36267243	0.405593153	0.070329715
0.567336452	0.577382286	0.085720758
0.994535536	0.181224807	0.581446644
0.238394274	0.174137441	0.42266092
0.436698469	0.578751096	0.992845048
0.269381023	0.123817097	0.422858434
0.622330925	0.128944956	0.300844994
0.142243402	0.056076737	0.459305835
0.850410316	0.532331495	0.815252618
0.9617942	0.528201832	0.558671728
0.316577427	0.540693911	0.68571028
0.282346849	0.0115745	0.867801246
0.000599313	0.902481439	0.760175483
0.977122999	0.415448704	0.891004607
0.021012621	0.28304724	0.772262954
0.961566449	0.076716054	0.007495339
0.83221115	0.356429262	0.40380693
0.01002929	0.698291715	0.276486749
0.642008743	0.56214986	0.141225273
0.611601243	0.938774565	0.93215749
0.910879803	0.413698045	0.786874576
0.914982551	0.500561626	0.465363075
0.597934214	0.933137041	0.771123862
0.49493624	0.531185343	0.645511039
0.240612422	0.096291266	0.071756634
0.309242812	0.015799819	0.289603186
0.549494092	0.380859613	0.926507464
0.797022057	0.499622678	0.145737658
0.035416262	0.430862906	0.381625302
0.269461329	0.562979313	0.749898399
0.169703359	0.210082409	0.93087419
0.622227211	0.293676275	0.388050391
0.977522418	0.729113699	0.234577001
0.879918764	0.872760672	0.164766506
0.387380982	0.83005049	0.227177119
0.541987188	0.643833433	0.254342517
0.129436498	0.503291991	0.529659418
0.579934838	0.295420011	0.543919554
0.48566799	0.90291225	0.902715917
0.725677419	0.410534438	0.14446696
0.500676979	0.115287331	0.369524604
0.614355643	0.26020408	0.674978908
0.36207657	0.271856812	0.953662971
0.011709691	0.435733112	0.197488118
0.623721225	0.591355745	0.434491254
0.485851702	0.837097023	0.373293819
0.980654161	0.671137401	0.698810504
0.318574535	0.230335328	0.816807717
0.586676936	0.619180611	0.319459515
0.20506763	0.918530413	0.288211903
0.228140088	0.295509585	0.560945752
0.947365451	0.447836858	0.15889895
0.827683302	0.213089227	0.184572571
0.037360746	0.567064126	0.291198599
0.878332703	0.207768178	0.852745638
0.167202296	0.896919257	0.405396528
0.498748255	0.035674462	0.748549553
0.60092503	0.772996625	0.560217749
0.549503227	0.538257202	0.955935344
0.556358009	0.001789053	0.664733671
0.245708974	0.80250706	0.217466355
0.713018633	0.077206618	0.002911617
0.846337152	0.315911751	0.480008426
0.992756802	0.003442933	0.8993856
0.278113063	0.379231452	0.618277456
0.558606383	0.498738571	0.892331435
0.467400439	0.57677373	0.956163196
0.641871476	0.420484398	0.246012433
0.228454222	0.182822578	0.789386654
0.203800435	0.307324727	0.528739636
0.47872039	0.118412065	0.270514562
0.201921472	0.617400249	0.545290824
0.501282817	0.631287411	0.363272823
0.535932363	0.895814264	0.915432639
0.394015486	0.536903489	0.023303615
0.992209462	0.676260544	0.599870412
0.341686156	0.114831916	0.928524836
0.805483869	0.594205011	0.620256601
0.311923137	0.257435707	0.994007758
0.159822228	0.529739677	0.554172425
0.135073152	0.242888449	0.15300951
0.232753042	0.331517064	0.916976744
0.182895455	0.950197731	0.761106331
0.72987857	0.908547494	0.317857197
0.081225204	0.153040577	0.535198573
0.173156863	0.278555657	0.988387109
0.234070546	0.03310225	0.897105835
0.493120493	0.077682322	0.778207625
0.405229735	0.661074731	0.01280895
0.717810963	0.107513449	0.759018087
0.899838717	0.62721807	0.005912902
0.453651533	0.987485997	0.150325869
0.063292705	0.322441798	0.697733408
0.938616794	0.347946534	0.410884414
0.665473613	0.032126658	0.533382195
0.702176001	0.564500295	0.567410792
0.764935685	0.414112209	0.953974069
0.547312304	0.828891757	0.956848415
0.253295428	0.373428984	0.637182047
0.371533429	0.562267552	0.107597379
0.389390914	0.840233204	0.473198343
0.257142337	0.678653885	0.897518891
0.834932078	0.929135467	0.181213707
0.330056703	0.603671607	0.061866185
0.508154311	0.245583158	0.172182721
0.814612129	0.448833878	0.750047346
0.607216199	0.535685536	0.031567749
0.31254432	0.895022948	0.319305462
0.370080687	0.356976316	0.240342632
0.729820187	0.90677393	0.831618312
0.537189827	0.921871818	0.664878424
0.611102723	0.547180325	0.498286172
0.395304461	0.592082042	0.379433122
0.170791167	0.214878618	0.118608544
0.085911156	0.683754587	0.675670698
0.78187619	0.581069976	0.86827817
0.253774337	0.237351806	0.151671137
0.266210079	0.030651527	0.225003242
0.413403199	0.450585191	0.531238263
0.134601172	0.653994524	0.126834449
