0.375864786	0.64879171
0.303964077	0.73044249
0.279560964	0.594887984
0.47479432	0.549588242
0.329437068	0.743516424
0.376130275	0.621258539
0.504318724	0.83249129
0.314228198	0.668482992
0.344010047	0.730861996
0.400484508	0.811844889
0.492580603	0.879962763
0.334105027	0.672004077
0.3139199	0.614300002
0.34195138	0.583777421
0.51186863	0.734171112
0.597865753	0.802451446
0.561415198	0.838760454
0.58541501	0.82344783
0.548913097	0.835662685
0.515931173	0.543113663
0.419249896	0.679336043
0.410012364	0.819794857
0.485421352	0.634534875
0.399280105	0.762232595
0.38552739	0.540225481
0.543527319	0.705677296
0.443943327	0.510582425
0.5614164	0.831510153
0.590031449	0.794991318
0.400190236	0.567236133
0.606854146	0.846110216
0.412588358	0.899219986
0.340379014	0.55759428
0.318902789	0.694576573
0.344933552	0.70124711
0.542503891	0.811924068
0.506322402	0.743486828
0.297989067	0.543491222
0.542297223	0.755335092
0.270759973	0.581394987
0.277701519	0.65033731
0.474849673	0.76755341
0.538918332	0.789535534
0.484938597	0.901242334
0.307238386	0.553427352
0.483840855	0.664653599
0.369466707	0.719201165
0.517669952	0.818806723
0.403239502	0.710343291
0.456950763	0.688890411
0.454320488	0.807668276
0.564608836	0.80313352
0.473508545	0.522833501
0.59350652	0.803627973
0.342312794	0.623843631
0.3487219	0.660596424
0.40513164	0.595839633
0.348938109	0.592471156
0.590309508	0.735989217
0.47240729	0.702357647
0.404922877	0.785819599
0.394828823	0.543735094
0.498575635	0.659761924
0.509594544	0.711764976
0.375752142	0.602277197
0.485862276	0.806455758
0.52790314	0.708868317
0.336279933	0.628064333
0.357458693	0.802804993
0.432251664	0.724857029
0.429234358	0.569733676
0.323187606	0.778975042
0.288061759	0.593517476
0.525850291	0.761711097
0.501711034	0.700894361
0.279711121	0.645763314
0.471108731	0.711727487
0.48461827	0.622741441
0.375582711	0.795727961
0.465619161	0.685352049
0.485901247	0.691402938
0.302802129	0.583377352
0.569945864	0.732327819
0.288611876	0.59722611
0.577724292	0.781542599
0.320084069	0.678953217
0.482758405	0.90545163
0.449645983	0.759715612
0.465000903	0.619139793
0.383326781	0.862760698
0.363718823	0.604676228
0.311845369	0.765100967
0.483355571	0.908571626
0.423542249	0.672632783
0.370147292	0.509210107
0.353015052	0.707782849
0.565994638	0.835201413
0.482746734	0.530663623
0.307598645	0.688768592
0.333936303	0.739530848
0.481429115	0.571529775
0.43836511	0.739397216
0.48521952	0.740097832
0.514596776	0.67157676
0.406062145	0.571396736
0.441583341	0.732434338
0.543236132	0.774125501
0.31175378	0.695994356
0.523351023	0.783772614
0.326591107	0.523427914
0.511016731	0.846616941
0.560728714	0.732428848
0.451535664	0.681461844
0.505009639	0.867309709
0.451092178	0.750271077
0.454824422	0.791627811
0.502370328	0.872689361
0.332998089	0.656006805
0.487540542	0.544024867
0.480194672	0.698012998
0.476188287	0.712182999
0.371323926	0.775205154
0.325820897	0.739303732
0.290081833	0.600386477
0.537257001	0.700756177
0.340256259	0.806612759
0.540567533	0.798277283
0.407298554	0.899563609
0.493154608	0.590831831
0.403680476	0.681682493
0.355850574	0.788743259
0.497798556	0.659620184
0.464739727	0.685956149
0.380224416	0.697255923
0.578897787	0.765588257
0.4646934	0.852675905
0.425465913	0.597958635
0.452375676	0.861613006
0.389775659	0.729643351
0.581345143	0.725943917
0.494364532	0.551450335
0.584187819	0.87137336
0.445213745	0.769858103
0.424355997	0.868096518
0.485741206	0.607995245
0.438741114	0.56205667
0.414544383	0.767106774
0.39047736	0.866527138
0.456993884	0.86215311
0.398550363	0.882839052
0.449193531	0.554998492
0.403282536	0.777751572
0.470968284	0.637649667
0.475542408	0.562381876
0.294588518	0.72564087
0.331626114	0.620598949
0.445289902	0.742469635
0.509410805	0.758545264
0.371624943	0.642360214
0.446695447	0.740860527
0.352243827	0.780688491
0.486365714	0.80201633
0.437327172	0.662254578
0.384767981	0.795564842
0.349192817	0.621903592
0.301428203	0.709967938
0.459465373	0.57878053
0.348224853	0.666142768
0.40930479	0.752144512
0.510159101	0.87141385
0.309681895	0.786001846
0.351666167	0.682330627
0.306653494	0.778575076
0.291539825	0.67339071
0.323349964	0.784956813
0.440857668	0.593453392
0.50275283	0.798890953
0.469752842	0.56036076
0.337405696	0.611573685
0.411574661	0.770978723
0.381310245	0.606677739
0.434705643	0.707186762
0.396256602	0.604336722
0.470638945	0.787149465
0.626084367	0.805069611
0.431915559	0.730673334
0.555877186	0.724801763
0.308817652	0.741093204
0.522422728	0.720288394
0.364783853	0.623540328
0.368390831	0.760323319
0.370556994	0.832802786
0.566645368	0.767825335
0.349102134	0.520099311
0.368165122	0.737057739
0.470240434	0.671274391
0.398366505	0.523923792
0.484071927	0.660921088
0.552444335	0.777162505
0.356717208	0.752138994
0.405446392	0.541654576
0.436104533	0.706349335
0.322562316	0.788397567
0.506774581	0.785630633
0.444818392	0.790677
0.568026133	0.806488978
0.450594371	0.860246248
0.432364206	0.564725366
0.435701866	0.715184582
0.33909687	0.753232926
0.445816403	0.794134919
0.510507931	0.673353884
0.63648523	0.779311197
0.546164149	0.686874817
0.47301808	0.81497347
0.425572202	0.809293971
0.294681881	0.550179248
0.405755456	0.716257302
0.447959372	0.794091272
0.421979581	0.801375612
0.428606764	0.555769223
0.332093843	0.735912481
0.499819945	0.700310767
0.524581721	0.680704258
0.458613011	0.746923272
0.355352905	0.592395793
0.539337685	0.81030678
0.519663708	0.762337785
0.359547747	0.564847439
0.315113958	0.782475242
0.406908938	0.766611341
0.453078794	0.576516618
0.504121708	0.92500941
0.358401662	0.816799434
0.558939266	0.829689848
0.272153835	0.519744217
0.454663082	0.561948173
0.366979169	0.783567812
0.520730451	0.637619198
0.602164318	0.824545512
0.309289762	0.616447133
0.444226976	0.881874753
0.488770332	0.654338075
0.315203591	0.787770466
0.42559836	0.564677847
0.62636078	0.861186496
0.362482126	0.687325466
0.520441794	0.640766348
0.38999236	0.817629916
0.353480893	0.665721499
0.343934594	0.781403816
0.489683749	0.824036777
0.435361429	0.674557114
0.331305492	0.653413523
0.417862168	0.835139165
0.305321993	0.531561135
0.363045291	0.657685854
0.30194093	0.547039989
0.413146668	0.590204565
0.435226301	0.851605124
0.382727909	0.851971251
0.498327231	0.633913379
0.542907488	0.755080713
0.394787363	0.699656342
0.47836869	0.710880913
0.558799297	0.685245831
0.409182738	0.512932388
0.480203108	0.875122036
0.321246951	0.532700844
0.437092846	0.641490864
0.310780974	0.717697344
0.430699216	0.843281398
0.676494765	0.858210578
0.511873457	0.538524221
0.553200834	0.781856203
0.475786311	0.71456759
0.571283566	0.831031524
0.475729037	0.925206375
0.454554989	0.793510978
0.404882962	0.666101265
0.51179546	0.54973571
0.459760485	0.672561087
0.350974532	0.773409988
0.341172975	0.705357163
0.382087621	0.664407109
0.381379396	0.615896229
0.613547472	0.857463917
0.377529696	0.566101399
0.432244727	0.702880822
0.380416295	0.758824874
0.552822205	0.686785162
0.417297804	0.720671888
0.494978108	0.865575894
0.414070974	0.665556539
0.431484277	0.826742159
0.626813398	0.83883867
0.349969036	0.741045018
0.326557421	0.677341388
0.460325134	0.61905809
0.557511032	0.830557654
0.49129667	0.53927037
0.495052494	0.89759071
0.456286517	0.772107023
0.319631807	0.616159071
0.365893916	0.625957008
0.350863824	0.531855377
0.316132262	0.694178151
0.497114822	0.719638191
0.38303665	0.541369988
0.522430451	0.653775104
0.449934696	0.786102581
0.463451649	0.778607705
0.331333365	0.686195698
0.38287886	0.524120597
0.481485683	0.835789966
0.518550375	0.641578085
0.485633128	0.756071098
0.422624356	0.832899135
0.482973764	0.66616116
0.497026702	0.706399085
0.407203878	0.867057087
0.485845724	0.579693133
0.472269134	0.776811886
0.451324572	0.608208335
0.467204627	0.659850621
0.494178391	0.697498757
0.540720687	0.675329931
0.51096021	0.756923851
0.485051773	0.603276385
0.568286331	0.865799064
0.498503895	0.603121123
0.302491024	0.701373522
0.475956076	0.55469549
0.347767378	0.755472124
0.443550189	0.619239562
0.279431181	0.568481387
0.508002362	0.949684395
0.419293848	0.862816598
0.483678738	0.739745915
0.494868421	0.508378917
0.464869693	0.692964126
0.405622615	0.685286763
0.326969966	0.604457345
0.494184564	0.673548616
0.41242679	0.696920616
0.586403048	0.826003658
0.447950197	0.848949612
0.429459278	0.687982026
0.289257213	0.666684594
0.540513146	0.696998469
0.470575086	0.585160556
0.438474523	0.741150052
0.417638747	0.725235684
0.380910673	0.828493728
0.340351379	0.721709304
0.318408189	0.538372644
0.447162092	0.725623394
0.455559921	0.545067354
0.305390358	0.708212579
0.498694842	0.617317091
0.386978256	0.674389713
0.472189219	0.714865508
0.383864619	0.786127844
0.432498457	0.761986989
0.418794048	0.588500353
0.388421863	0.764617854
0.518613478	0.725789297
0.301274975	0.646860968
0.401538515	0.683003176
0.419597188	0.689653513
0.467886151	0.53138154
0.436404586	0.676120365
0.385447865	0.802088961
0.397601827	0.864318046
0.429046596	0.682923012
0.395553341	0.651896657
0.370420798	0.61403012
0.336484732	0.711618151
0.53112991	0.708033258
0.48741298	0.519601385
0.380439347	0.572132226
0.363633595	0.656822387
0.530963062	0.781969343
0.5178505	0.770959715
0.334679495	0.572660027
0.388442473	0.771061511
0.468328743	0.562774201
0.472517663	0.651174629
0.599817073	0.837995773
0.488512213	0.599887217
0.412153251	0.706072482
0.448523824	0.550934956
0.4621918	0.524237086
0.291061929	0.594075555
0.527589084	0.832294744
0.411226028	0.715884942
0.538713602	0.789615804
0.535284592	0.753913516
0.352415145	0.637774244
0.380015612	0.632164191
0.311606373	0.783590635
0.358367056	0.570632063
0.38289948	0.697759921
0.527040633	0.626824406
0.395614123	0.789886705
0.4668887	0.646543419
0.442543297	0.717112278
0.376654966	0.83835141
0.473615724	0.698717098
0.558843487	0.794494281
0.47834435	0.85466483
0.512060226	0.785330646
0.381754625	0.647404494
0.371916241	0.768001363
0.494322793	0.780749331
0.419846182	0.789458007
0.466654644	0.72623383
0.407194768	0.592119112
0.480149086	0.765798462
0.421975744	0.820325087
0.426346691	0.625741527
0.510815504	0.640869784
0.489084385	0.552209276
0.522446261	0.649253496
0.622098256	0.832847399
0.408020877	0.684172993
0.353397917	0.800818843
0.285744784	0.677046941
0.520919949	0.616538186
0.491549703	0.694089493
0.30483758	0.580266745
0.44208152	0.726100905
0.442237815	0.554753045
0.43459819	0.728239652
0.317483218	0.691441142
0.377441377	0.772635685
0.586527556	0.862995448
0.450979907	0.681774609
0.316838792	0.673031183
0.523568449	0.594152473
0.506528644	0.695099816
0.493842127	0.761071967
0.566411376	0.798422698
0.628002992	0.840768272
0.382174984	0.644865751
0.389129357	0.714645375
0.638860688	0.827970191
0.416005657	0.741882033
0.425371483	0.867793697
0.439937264	0.91136943
0.36167394	0.589162321
0.408692432	0.595731092
0.436603193	0.769129715
0.434380242	0.609413099
0.426867178	0.828654532
0.564477709	0.7827036
0.442543	0.9057291
0.490674721	0.883952572
0.614795705	0.769390683
0.467253466	0.609205902
0.445875403	0.717227445
0.559457697	0.708705296
0.455354268	0.804859931
0.520818161	0.797999053
0.523406736	0.751076523
0.625115755	0.803454454
0.473020772	0.80689941
0.436528643	0.760083958
0.517547732	0.687792072
0.539079699	0.670128155
0.528951051	0.813310171
0.369058069	0.80146572
0.442515736	0.590588874
0.520994521	0.649476914
0.508852176	0.71332503
0.399636479	0.698022158
0.450993759	0.598157607
0.453659714	0.676577149
0.64205146	0.860552295
0.536621559	0.753887456
0.494702261	0.668800646
0.422829393	0.862221848
0.390180806	0.551181765
0.652581366	0.880016349
0.416484744	0.762826543
0.392163587	0.793151451
0.296105284	0.641340292
0.542698481	0.892881749
0.398351906	0.690204264
0.375144589	0.771520763
0.464914538	0.656793739
0.321316229	0.770949697
0.349654142	0.686567535
0.357218629	0.6624399
0.349195955	0.593657837
0.329924433	0.681995762
0.294621235	0.620514713
0.570795209	0.715414779
0.611797354	0.756772676
0.423524148	0.621452126
0.418742614	0.754728721
0.443006271	0.677664869
0.360193341	0.66042394
0.284746157	0.609652634
0.392932336	0.616201844
0.606727384	0.840415043
0.562515527	0.789498359
0.505362827	0.90754525
0.628395912	0.8435085
0.463015025	0.767120961
0.425174901	0.759448453
0.367068241	0.786437802
0.468540815	0.71913137
0.391983177	0.774127403
0.657593099	0.808683171
0.473830534	0.754275317
0.44291904	0.683054078
0.512990228	0.765812799
0.307587109	0.557356999
0.560983897	0.744866396
0.374288193	0.841845045
0.28617216	0.547476465
0.315204037	0.744486629
0.466507805	0.76277356
0.46311778	0.633925821
0.519891897	0.694280418
0.365834577	0.675411383
0.549609436	0.748407707
0.558016687	0.668143658
0.552867931	0.654174973
0.437336159	0.816931898
0.492078007	0.552597981
0.482254259	0.799291168
0.321156066	0.663564805
0.475821867	0.745254906
0.453862327	0.785468271
0.442784445	0.567639201
0.352185397	0.770093491
0.400532892	0.66660784
0.506759957	0.804201445
0.429571802	0.602623976
0.392780179	0.803146662
0.49642923	0.636929057
0.338008392	0.710277773
0.532389984	0.686080001
0.333390435	0.709742046
0.394552125	0.604547876
0.347126097	0.713336036
0.515123577	0.788388266
0.318904681	0.712947128
0.28427139	0.66167422
0.413328879	0.900369683
0.331503668	0.535483676
0.445700046	0.616244294
0.333257711	0.558936845
0.542888405	0.885519224
0.328504814	0.731222935
0.448262092	0.723636976
0.415808654	0.730059056
0.333787433	0.592295814
0.332782201	0.591207334
0.405964206	0.861333199
0.277947528	0.627020043
0.451233762	0.792612059
0.568306244	0.888173867
0.51320599	0.79490603
0.520315666	0.692670445
0.382738992	0.67718613
0.384565556	0.746784951
0.450973452	0.812610676
0.344616878	0.525279315
0.326906025	0.704433172
0.550411625	0.765505505
0.336800847	0.672969137
0.37094557	0.698931029
0.483147572	0.922183747
0.365754279	0.823137535
0.300362676	0.686507229
0.318463692	0.597660616
0.361610027	0.777245334
0.491718703	0.602055926
0.557957021	0.781377722
0.350570578	0.818974812
0.443686216	0.532398093
0.4743126	0.551965108
0.291084485	0.680979373
0.398882651	0.864060974
0.487736028	0.668224659
0.460495601	0.63752434
0.36021656	0.76893873
0.389400133	0.651714375
0.48459757	0.841037458
0.42572404	0.758393773
0.38380706	0.709031506
0.49173891	0.848405451
0.515103737	0.656821531
0.374055445	0.592788653
0.346311729	0.684579409
0.288503593	0.549414192
0.475944938	0.557265902
0.416178889	0.633929254
0.376766778	0.571919565
0.579127487	0.80164322
0.398475231	0.811103998
0.297466873	0.701685343
0.652767081	0.876587588
0.404664727	0.857896283
0.531316232	0.738961586
0.326286142	0.668421839
0.425178985	0.714527278
0.291179941	0.631953151
0.329832124	0.702269488
0.34812112	0.775796317
0.294840856	0.724548948
0.343794304	0.591775392
0.436385679	0.897337553
0.396107232	0.852181411
0.451156937	0.753047335
0.428108363	0.621143646
0.366446522	0.544840994
0.419932408	0.765989939
0.339786563	0.767851537
0.337360343	0.755013354
0.567807623	0.727204408
0.585339983	0.708232691
0.335720803	0.643450358
0.390148895	0.532133619
0.428199134	0.71254391
0.289678422	0.674052704
0.398618217	0.783125851
0.457692224	0.632361381
0.34212154	0.68769064
0.405854869	0.737243384
0.458247982	0.669459173
0.46750842	0.754065508
0.332713043	0.596252369
0.432347346	0.823577153
0.418360626	0.703545264
0.357669034	0.53137457
0.630436682	0.817774653
0.427738119	0.733144956
0.567866034	0.913929947
0.357203936	0.774786713
0.293756965	0.69917488
0.304225653	0.758296889
0.350269446	0.542411946
0.630151647	0.782349208
0.457307864	0.82615397
0.5326542	0.812225284
0.379985928	0.802197286
0.338210647	0.665179356
0.494784121	0.862313464
0.644671172	0.847399265
0.629291143	0.861726752
0.359534234	0.845392199
0.610186975	0.762098206
0.458229332	0.573731165
0.49817453	0.732132416
0.407558197	0.771618023
0.512291257	0.703184449
0.489077811	0.79295995
0.553125183	0.731064023
0.499990581	0.758476919
0.459542161	0.691677558
0.479557794	0.67202324
0.402111942	0.622734629
0.540798125	0.696913887
0.38104308	0.646831098
0.486684751	0.704769032
0.488451752	0.587415353
0.403010874	0.791869016
0.509933268	0.5413044
0.521129862	0.617166504
0.308060265	0.674002925
0.353090485	0.535702855
0.309383533	0.584453292
0.472374046	0.7762545
0.527936659	0.889544284
0.380033965	0.772977606
0.431595849	0.860542311
0.421035635	0.56479661
0.4332155	0.772526205
0.66103597	0.876721812
0.421308135	0.825853482
0.358199036	0.799531431
0.433591426	0.610172961
0.560922663	0.858130664
0.375335732	0.794008537
0.392357749	0.791453868
0.521501549	0.84571484
0.437155463	0.639236139
0.365641487	0.651470072
0.379202283	0.628806515
0.414945155	0.730723285
0.459419671	0.61037329
0.363938211	0.530189382
0.333692559	0.692173583
0.474387915	0.64912848
0.373744771	0.867226101
0.419621641	0.891017145
0.532634739	0.711500736
0.408841862	0.655954939
0.397076365	0.725853999
0.456501756	0.726334959
0.398182952	0.75258132
0.318699916	0.697408707
0.562606511	0.855854141
0.330605553	0.588176058
0.418687458	0.712718673
0.351324032	0.757526656
0.517786137	0.746926337
0.636353141	0.898396679
0.493606126	0.819712621
0.466401522	0.590773609
0.607701858	0.835758011
0.461699345	0.796644515
0.309765942	0.635050004
0.490739329	0.614752551
0.420734476	0.658619213
0.342640339	0.627697698
0.474150249	0.679236528
0.496009374	0.531014612
0.401336714	0.867860228
0.447349382	0.623380295
0.554555047	0.714403146
0.459885222	0.573826069
0.406497045	0.781801122
0.573943712	0.77178167
0.376749382	0.710821645
0.277917339	0.521560102
0.550647667	0.779088931
0.353247744	0.633889742
0.516566797	0.758778681
0.449713213	0.873269804
0.46508326	0.741776321
0.477236418	0.536651532
0.337035739	0.598623894
0.456289391	0.795750716
0.365377989	0.839010428
0.523334486	0.914786871
0.329316029	0.685998615
0.300131756	0.612149859
0.524844713	0.914776135
0.441966734	0.680806907
0.391016802	0.543357287
0.574550635	0.74351217
0.326189768	0.563195282
0.460804418	0.56769585
0.454408714	0.649940306
0.469524288	0.624601542
0.354285969	0.757111944
0.456079619	0.649798515
0.419762626	0.726834205
0.444542468	0.697875973
0.435206412	0.873665052
0.498508636	0.618700699
0.466338265	0.930398249
0.522998982	0.580466657
0.338223329	0.80834166
0.507384478	0.708475563
0.473912024	0.719095379
0.432288908	0.779543972
0.468051565	0.817224395
0.488001959	0.653438941
0.377089387	0.61032643
0.348379535	0.631779878
0.592590321	0.889513572
0.435502364	0.61113221
0.534426287	0.77134516
0.479964446	0.839723176
0.425293286	0.508202231
0.366541822	0.788828417
0.372424023	0.574616143
0.363656065	0.603050553
0.421314201	0.768881402
0.635938548	0.805625214
0.353288864	0.675252731
0.396241339	0.864069031
0.48571146	0.892395432
0.307633016	0.526948277
0.323047797	0.71553073
0.378224506	0.786384716
0.349658873	0.760253539
0.515253168	0.569809406
0.282155721	0.748152084
0.343130633	0.735090792
0.417722336	0.805278503
0.588283336	0.792536092
0.365061326	0.684839127
0.543301473	0.773336473
0.450856628	0.790756827
0.52819001	0.816026498
0.430434691	0.667098261
0.304184739	0.532448713
0.37120301	0.840465715
0.332061687	0.747192948
0.531803209	0.81057062
0.585814098	0.806761997
0.284894425	0.615712064
0.511347517	0.723903687
0.276969184	0.603950346
0.495049741	0.647764204
0.338038653	0.741079761
0.522567299	0.873378921
0.316951184	0.738486049
0.378287592	0.800126243
0.487606619	0.523935872
0.557657625	0.768784997
0.556728183	0.867862421
0.449534648	0.58007219
0.493195305	0.634532709
0.476808266	0.723512322
0.687931848	0.846465522
0.451435727	0.536149777
0.451866718	0.583701666
0.487947853	0.876562519
0.354996179	0.629496285
0.388421929	0.624446033
0.355676133	0.566517079
0.544257595	0.744814348
0.366672637	0.698297451
0.503194999	0.772242212
0.535025866	0.734568463
0.423724941	0.621385672
0.610350123	0.792573323
0.502832235	0.707923128
0.558819491	0.784395042
0.331416839	0.749413891
0.39591673	0.706076364
0.312844646	0.719144442
0.362927691	0.643805675
0.607599213	0.907540366
0.442028114	0.570673262
0.468693116	0.539607411
0.379230375	0.804726854
0.471777856	0.628539746
0.507004676	0.801069067
0.438838853	0.62734921
0.519902956	0.848106092
0.339616059	0.575427968
0.537894913	0.875090029
0.284483436	0.703751138
0.409496004	0.723356285
0.374751524	0.789642014
0.424796407	0.756805375
0.508285403	0.567012537
0.365448527	0.653222814
0.345614494	0.520375253
0.47961431	0.906350158
0.346871756	0.604733556
0.463662456	0.667298627
0.424793244	0.635776052
0.283532998	0.649841591
0.450796592	0.526621733
0.413140537	0.615479247
0.329945161	0.66391979
0.623918446	0.788723479
0.311083367	0.643349024
0.460044543	0.681290902
0.412387623	0.829909255
0.431984997	0.589104252
0.468718114	0.802389947
0.431323471	0.789110753
0.475040384	0.780333432
0.479818675	0.621867174
0.391785342	0.826868715
0.482389534	0.849048174
0.392484918	0.791210069
0.435394947	0.692056252
0.325055976	0.706119944
0.590804504	0.828612684
0.445478149	0.707963615
0.450854296	0.668992357
0.415155642	0.600366463
0.580897414	0.789966492
0.429382503	0.889388991
0.461748329	0.58078676
0.501557857	0.559012421
0.274085478	0.579722289
0.339767072	0.562775322
0.519403722	0.63169093
0.560472724	0.720269335
0.401285289	0.782719247
0.406115108	0.587769584
0.323093068	0.780073846
0.404115239	0.58799376
0.445428691	0.677610573
0.389157266	0.544372305
0.410345555	0.850545224
0.487946395	0.854066241
0.374364073	0.70239693
0.296682222	0.573927765
0.318820145	0.665416897
0.381388703	0.852595776
0.317711418	0.561356514
0.516844321	0.738065365
0.473602066	0.781215568
0.433465081	0.552799906
0.555074734	0.747256276
0.411537215	0.887142171
0.399127942	0.833929973
0.498470024	0.832914014
0.447476196	0.867162733
0.405935854	0.750861365
0.487872892	0.567868575
0.429856938	0.579037101
0.328289754	0.752826023
0.562789485	0.7808306
0.409629798	0.554028442
0.354819254	0.699649589
0.29034575	0.599080542
0.449001378	0.715288673
0.617817511	0.865650922
0.646736539	0.857166861
0.524077298	0.710734188
0.524068534	0.741930298
0.385955623	0.613362026
0.40803772	0.713843205
0.38624044	0.850849685
0.538596817	0.747486057
0.423252518	0.64645297
0.374111824	0.721395188
0.298374243	0.672763461
0.452452263	0.525817884
0.484210094	0.777603491
0.50883627	0.769520183
0.49026723	0.891853818
0.322548764	0.641360528
0.510972008	0.759246065
0.475224489	0.659288951
0.379295011	0.613450645
0.566167893	0.809206771
0.498238101	0.73976487
0.433108697	0.556003104
0.338681279	0.775443966
0.43659289	0.664165141
0.32526422	0.63262765
0.476474625	0.817659293
0.341223055	0.79582303
0.340343245	0.636406574
0.495434341	0.650098955
0.513031792	0.683417311
0.44726044	0.780292442
0.290155268	0.730986798
0.375103059	0.650264832
0.351523596	0.783155421
0.335069411	0.784219112
0.506478371	0.734329876
0.321751092	0.602633324
0.385584709	0.605998376
0.44726967	0.638579948
0.396751572	0.660091875
0.488320811	0.740345073
0.393232801	0.862745444
0.547090543	0.64980129
0.518334341	0.887927503
0.291692082	0.619882243
0.464693559	0.839538829
0.286276324	0.657014827
0.384898284	0.631828759
0.470329867	0.551110593
0.301599108	0.648965381
0.357600475	0.746619044
0.585562077	0.843356907
0.372389975	0.544023976
0.28104532	0.62207044
0.291453048	0.567520084
0.323172537	0.643852381
0.563628157	0.66440676
0.336353489	0.706131979
0.636336305	0.813038772
0.57439699	0.741084751
0.337266277	0.576667772
0.479353161	0.803672516
0.375212216	0.669419176
0.457869378	0.805391336
0.34641293	0.814233112
0.376914926	0.857560583
0.368025252	0.642756725
0.52568255	0.655405098
0.463901073	0.75299277
0.326842465	0.739423178
0.644641761	0.855631308
0.534736752	0.638530584
0.488623843	0.662744032
0.40521789	0.820357148
0.57311167	0.721242412
0.49062819	0.706732036
0.473264798	0.642915476
0.457657119	0.895421708
0.458109797	0.838331811
0.459338137	0.772038295
0.463906282	0.70143575
0.48001127	0.558023836
0.350587821	0.647319795
0.398206712	0.850908402
0.477367576	0.58696926
0.446260195	0.570294418
0.415038425	0.698325448
0.490720271	0.576102245
