
< random search >
LR: 0.0~0.25, DROPOUT: 0.0~0.75
lr drouput avgSquareError
0.06002312 0.07866282 0.00144562
0.00565038 0.22211058 0.0043849
0.20443131 0.69305905 0.0183474
0.1522463 0.67276649 0.01910685
0.14480449 0.30639303 0.0071464
0.1187448 0.06122008 0.00384142
0.14659313 0.08973946 0.01867506
0.09090534 0.18450186 0.00609849
0.18525858 0.44322646 0.01924106
0.24165527 0.39948123 0.01673311
0.05277758 0.74936641 0.01651137
0.11334388 0.17631652 0.00838749
0.02856202 0.17919376 0.0023763
0.19097429 0.64587792 0.01837091
0.2408919 0.32920843 0.01722798
0.04730538 0.48652225 0.00763303
0.12271615 0.64392224 0.01732543
0.04561495 0.64539963 0.01724906
0.0476645 0.09872825 0.00220845
0.23789908 0.62679108 0.01693832
0.0657305 0.46819358 0.01310524
0.02800727 0.09496485 0.00238159
0.22135935 0.52813526 0.01716323
0.21254755 0.56531819 0.01820601
0.22523325 0.49522922 0.01674087
0.16153679 0.20115683 0.01917847
0.04334461 0.46778028 0.01646549
0.22779353 0.04012385 0.0015348
0.17867069 0.66853586 0.01852043
0.03709642 0.22545906 0.00456061
0.16926269 0.48964416 0.01825221
0.22093665 0.01661467 0.01735652
0.17228301 0.45292042 0.01699504
0.22771559 0.25058326 0.02067125
0.03801537 0.11427522 0.00326512
0.16365068 0.29074215 0.01741107
0.09777358 0.17085737 0.0032646
0.14979673 0.05101895 0.00777357
0.15159577 0.0074688 0.01679682
0.00924373 0.58011177 0.00767309
0.0780499 0.53219491 0.01866048
0.18515557 0.39935295 0.01972055
0.17171675 0.10038589 0.00933686
0.23741714 0.50214993 0.01858509
0.11370486 0.41965157 0.01402406
0.13863163 0.20165309 0.01957798
0.03708288 0.51051243 0.0129823
0.24532614 0.53069225 0.01729277
0.17848001 0.50773742 0.01677257
0.22547715 0.5386842 0.01781487
0.23410357 0.25453738 0.01813197
0.00267141 0.32991587 0.00587101
0.07537082 0.6309236 0.01665466
0.00454253 0.1423413 0.00208788
0.12567142 0.11275932 0.00338719
0.16370789 0.71048185 0.01790225
0.11979452 0.4920978 0.01484973
0.20571556 0.16910722 0.02036297
0.16052262 0.64057139 0.01632966
0.02896726 0.37643664 0.00559163
0.03389482 0.53337132 0.01325153
0.23056397 0.59947843 0.01776382
0.24292361 0.31326249 0.01732519
0.12975057 0.46922147 0.01838891
0.15605585 0.57023664 0.01684387
0.02143179 0.27026611 0.01084988
0.16003741 0.12600486 0.00846387
0.17810482 5.16e-05 0.01864209
0.06181877 0.56942011 0.01944832
0.12063214 0.74647705 0.01673862
0.17644928 0.25962405 0.01711013
0.14230202 0.20902012 0.01005633
0.10685876 0.42657285 0.01046124
0.06882191 0.19095293 0.00525788
0.19684442 0.69950545 0.01812693
0.12044984 0.6523332 0.01832854
0.19759991 0.61105269 0.01671346
0.08639685 0.63922708 0.01801133
0.0003466 0.16760671 0.00535267
0.06228755 0.05156227 0.0009731
0.07349775 0.64746837 0.01858767
0.11602247 0.28062001 0.01829241
0.14284595 0.51258834 0.01766588
0.03317032 0.17001703 0.001355
0.00352051 0.56955018 0.0077686
0.10114508 0.19841597 0.01833148
0.05242451 0.3574328 0.00825825
0.18408298 0.74099449 0.01700414
0.21742161 0.68257991 0.01855609
0.15697185 0.18102838 0.00769803
0.0316018 0.48604406 0.01105168
0.0612281 0.25871479 0.00785433
0.01343564 0.12593383 0.00156288
0.17870395 0.03492337 0.00824679
0.17238678 0.45027074 0.01757593
0.05005692 0.59717027 0.01796815
0.21133252 0.40399622 0.01828157
0.03612095 0.41797694 0.01122092
0.14431946 0.59834704 0.01703604
0.15569499 0.43974306 0.01800707
0.13272139 0.3790773 0.01775444
0.01159411 0.08544942 0.00056909
0.14656808 0.15875913 0.00945063
0.0134781 0.33403162 0.00810016
0.02413838 0.49912628 0.00746755
0.08906817 0.16331494 0.00440627
0.07418497 0.45501054 0.01683709
0.21096073 0.12604607 0.01847183
0.00546449 0.17265187 0.00447987
0.23149544 0.58300286 0.01881745
0.00481794 0.53471839 0.00762951
0.12529125 0.03860309 0.00185755
0.04992179 0.42188542 0.01389561
0.16683381 0.35080878 0.01755797
0.04739091 0.32043616 0.00673776
0.1923113 0.44825754 0.01808857
0.08497894 0.09583823 0.00384517
0.15208094 0.07961923 0.00677458
0.14870736 0.22856114 0.01509111
0.14098445 0.36184177 0.01405067

< set target space >
lrMin=0.0 lrMax=0.25 lrGap=0.25
dropoutMin=0.0 dropoutMax=0.75 dropoutGap=0.75
minErrorLr=0.011594111350225006 minErrorDropout=0.08544941638325865
new lrMin=-0.038405888649775 new lrMax=0.06159411135022501
new dropoutMin=-0.06455058361674137 new dropoutMax=0.23544941638325867

< grid search >
LR: 0.0~0.06159411135022501, DROPOUT: 0.0~0.23544941638325867
lr drouput avgSquareError
0.0 0.0 0.10054951
0.0 0.02354494 0.06241959
0.0 0.04708988 0.05728552
0.0 0.07063482 0.07178814
0.0 0.09417977 0.06804652
0.0 0.11772471 0.09842456
0.0 0.14126965 0.06014441
0.0 0.16481459 0.06653083
0.0 0.18835953 0.07180559
0.0 0.21190447 0.06292161
0.0 0.23544942 0.07066625
0.00615941 0.0 0.00010613
0.00615941 0.02354494 0.00027577
0.00615941 0.04708988 0.00030001
0.00615941 0.07063482 0.00056534
0.00615941 0.09417977 0.00070644
0.00615941 0.11772471 0.00248041
0.00615941 0.14126965 0.00096942
0.00615941 0.16481459 0.00096424
0.00615941 0.18835953 0.01229513
0.00615941 0.21190447 0.00274248
0.00615941 0.23544942 0.00614671
0.01231882 0.0 7.61e-05
0.01231882 0.02354494 0.00052847
0.01231882 0.04708988 0.0005932
0.01231882 0.07063482 0.00066036
0.01231882 0.09417977 0.00117683
0.01231882 0.11772471 0.00129665
0.01231882 0.14126965 0.00073174
0.01231882 0.16481459 0.00610977
0.01231882 0.18835953 0.00404587
0.01231882 0.21190447 0.00469623
0.01231882 0.23544942 0.0165047
0.01847823 0.0 9.69e-05
0.01847823 0.02354494 0.00026931
0.01847823 0.04708988 0.00051997
0.01847823 0.07063482 0.00148746
0.01847823 0.09417977 0.0020059
0.01847823 0.11772471 0.00451901
0.01847823 0.14126965 0.00375347
0.01847823 0.16481459 0.00187486
0.01847823 0.18835953 0.00186576
0.01847823 0.21190447 0.00230098
0.01847823 0.23544942 0.00994603
0.02463764 0.0 0.0001379
0.02463764 0.02354494 0.00022132
0.02463764 0.04708988 0.00052793
0.02463764 0.07063482 0.00083421
0.02463764 0.09417977 0.00154033
0.02463764 0.11772471 0.00566732
0.02463764 0.14126965 0.00118333
0.02463764 0.16481459 0.00317055
0.02463764 0.18835953 0.00445437
0.02463764 0.21190447 0.00364858
0.02463764 0.23544942 0.00554522
0.03079706 0.0 8.65e-05
0.03079706 0.02354494 0.000587
0.03079706 0.04708988 0.0005473
0.03079706 0.07063482 0.00313717
0.03079706 0.09417977 0.00143638
0.03079706 0.11772471 0.00228086
0.03079706 0.14126965 0.00402398
0.03079706 0.16481459 0.00544221
0.03079706 0.18835953 0.00376484
0.03079706 0.21190447 0.00413018
0.03079706 0.23544942 0.00577681
0.03695647 0.0 5.692e-05
0.03695647 0.02354494 0.00036831
0.03695647 0.04708988 0.0008924
0.03695647 0.07063482 0.00239602
0.03695647 0.09417977 0.00123908
0.03695647 0.11772471 0.0037601
0.03695647 0.14126965 0.00516336
0.03695647 0.16481459 0.00895419
0.03695647 0.18835953 0.00184461
0.03695647 0.21190447 0.00403487
0.03695647 0.23544942 0.00921387
0.04311588 0.0 0.01681507
0.04311588 0.02354494 0.00058111
0.04311588 0.04708988 0.00171668
0.04311588 0.07063482 0.00160463
0.04311588 0.09417977 0.00170464
0.04311588 0.11772471 0.00765001
0.04311588 0.14126965 0.0099737
0.04311588 0.16481459 0.00680518
0.04311588 0.18835953 0.01055176
0.04311588 0.21190447 0.00837281
0.04311588 0.23544942 0.00608098
0.04927529 0.0 0.00010016
0.04927529 0.02354494 0.00109394
0.04927529 0.04708988 0.00116901
0.04927529 0.07063482 0.00350571
0.04927529 0.09417977 0.01805828
0.04927529 0.11772471 0.0051167
0.04927529 0.14126965 0.00807664
0.04927529 0.16481459 0.00544153
0.04927529 0.18835953 0.00552371
0.04927529 0.21190447 0.00693973
0.04927529 0.23544942 0.00536687
0.0554347 0.0 0.00014371
0.0554347 0.02354494 0.00093437
0.0554347 0.04708988 0.00111738
0.0554347 0.07063482 0.00650374
0.0554347 0.09417977 0.00087432
0.0554347 0.11772471 0.00313103
0.0554347 0.14126965 0.00260806
0.0554347 0.16481459 0.0025238
0.0554347 0.18835953 0.0036365
0.0554347 0.21190447 0.00406865
0.0554347 0.23544942 0.00652341
0.06159411 0.0 0.00021043
0.06159411 0.02354494 0.00060575
0.06159411 0.04708988 0.00175427
0.06159411 0.07063482 0.00311671
0.06159411 0.09417977 0.00151906
0.06159411 0.11772471 0.00625784
0.06159411 0.14126965 0.00268768
0.06159411 0.16481459 0.00313911
0.06159411 0.18835953 0.00521816
0.06159411 0.21190447 0.00937281
0.06159411 0.23544942 0.00988938

< set target space >
lrMin=0.0 lrMax=0.06159411135022501 lrGap=0.06159411135022501
dropoutMin=0.0 dropoutMax=0.23544941638325867 dropoutGap=0.23544941638325867
minErrorLr=0.03695646681013501 minErrorDropout=0.0
new lrMin=0.024637644540090008 new lrMax=0.04927528908018001
new dropoutMin=-0.047089883276651735 new dropoutMax=0.047089883276651735
