
 <<< ESTIMATION RESULT >>>
No.	size	train	test	problem	epoch	dropout	percentage
0	12	900	100	0	5	0.0	66.1818
1	12	900	100	0	5	0.05	63.0588
2	12	900	100	0	5	0.1	68.799
3	12	900	100	0	5	0.15	68.7082
4	12	900	100	0	5	0.2	67.4012
5	12	900	100	0	5	0.25	58.1331
6	12	900	100	0	5	0.3	67.5196
7	12	900	100	0	5	0.35	56.536
8	12	900	100	0	5	0.4	41.5044
9	12	900	100	0	5	0.45	53.4074
10	12	900	100	0	5	0.5	37.1916
11	12	900	100	0	15	0.0	84.4643
12	12	900	100	0	15	0.05	87.2831
13	12	900	100	0	15	0.1	87.0479
14	12	900	100	0	15	0.15	87.2356
15	12	900	100	0	15	0.2	85.3525
16	12	900	100	0	15	0.25	86.2492
17	12	900	100	0	15	0.3	83.8027
18	12	900	100	0	15	0.35	84.5208
19	12	900	100	0	15	0.4	82.6061
20	12	900	100	0	15	0.45	81.6504
21	12	900	100	0	15	0.5	82.7623
22	12	900	100	0	30	0.0	90.8007
23	12	900	100	0	30	0.05	89.6198
24	12	900	100	0	30	0.1	91.5191
25	12	900	100	0	30	0.15	92.2917
26	12	900	100	0	30	0.2	91.4739
27	12	900	100	0	30	0.25	91.1693
28	12	900	100	0	30	0.3	90.2729
29	12	900	100	0	30	0.35	89.3477
30	12	900	100	0	30	0.4	90.8421
31	12	900	100	0	30	0.45	90.4114
32	12	900	100	0	30	0.5	88.531
33	12	900	100	0	50	0.0	91.0876
34	12	900	100	0	50	0.05	92.753
35	12	900	100	0	50	0.1	93.2383
36	12	900	100	0	50	0.15	92.0158
37	12	900	100	0	50	0.2	91.5016
38	12	900	100	0	50	0.25	93.4422
39	12	900	100	0	50	0.3	92.9611
40	12	900	100	0	50	0.35	91.2446
41	12	900	100	0	50	0.4	91.22
42	12	900	100	0	50	0.45	88.4791
43	12	900	100	0	50	0.5	90.3314
44	12	900	100	0	100	0.0	92.1264
45	12	900	100	0	100	0.05	93.8378
46	12	900	100	0	100	0.1	93.1993
47	12	900	100	0	100	0.15	92.9398
48	12	900	100	0	100	0.2	93.2439
49	12	900	100	0	100	0.25	92.7181
50	12	900	100	0	100	0.3	93.2649
51	12	900	100	0	100	0.35	94.1078
52	12	900	100	0	100	0.4	92.8589
53	12	900	100	0	100	0.45	93.122
54	12	900	100	0	100	0.5	91.6748
55	12	900	100	0	200	0.0	90.3941
56	12	900	100	0	200	0.05	93.3182
57	12	900	100	0	200	0.1	93.2518
58	12	900	100	0	200	0.15	93.3086
59	12	900	100	0	200	0.2	92.9062
60	12	900	100	0	200	0.25	93.6513
61	12	900	100	0	200	0.3	92.5344
62	12	900	100	0	200	0.35	92.3108
63	12	900	100	0	200	0.4	92.7757
64	12	900	100	0	200	0.45	91.8545
65	12	900	100	0	200	0.5	93.5988
66	12	900	100	0	300	0.0	92.4444
67	12	900	100	0	300	0.05	92.9318
68	12	900	100	0	300	0.1	93.346
69	12	900	100	0	300	0.15	92.0728
70	12	900	100	0	300	0.2	93.1142
71	12	900	100	0	300	0.25	94.142
72	12	900	100	0	300	0.3	92.6181
73	12	900	100	0	300	0.35	92.7636
74	12	900	100	0	300	0.4	93.5532
75	12	900	100	0	300	0.45	91.9965
76	12	900	100	0	300	0.5	90.2736
77	12	900	100	0	500	0.0	90.1596
78	12	900	100	0	500	0.05	93.0095
79	12	900	100	0	500	0.1	93.3315
80	12	900	100	0	500	0.15	94.9896
81	12	900	100	0	500	0.2	93.2152
82	12	900	100	0	500	0.25	92.3299
83	12	900	100	0	500	0.3	93.3466
84	12	900	100	0	500	0.35	92.8679
85	12	900	100	0	500	0.4	92.1854
86	12	900	100	0	500	0.45	92.6323
87	12	900	100	0	500	0.5	91.7823
88	12	900	100	0	1000	0.0	91.2219
89	12	900	100	0	1000	0.05	93.8172
90	12	900	100	0	1000	0.1	93.9555
91	12	900	100	0	1000	0.15	95.0751
92	12	900	100	0	1000	0.2	94.5129
93	12	900	100	0	1000	0.25	93.2969
94	12	900	100	0	1000	0.3	93.2468
95	12	900	100	0	1000	0.35	92.5178
96	12	900	100	0	1000	0.4	92.4046
97	12	900	100	0	1000	0.45	90.9798
98	12	900	100	0	1000	0.5	91.541
99	12	900	100	0	2000	0.0	91.1763
100	12	900	100	0	2000	0.05	92.7219
101	12	900	100	0	2000	0.1	93.2584
102	12	900	100	0	2000	0.15	92.5418
103	12	900	100	0	2000	0.2	93.3239
104	12	900	100	0	2000	0.25	94.1831
105	12	900	100	0	2000	0.3	92.9511
106	12	900	100	0	2000	0.35	93.0442
107	12	900	100	0	2000	0.4	93.9185
108	12	900	100	0	2000	0.45	92.3861
109	12	900	100	0	2000	0.5	91.1972
110	12	900	100	0	3000	0.0	88.377
111	12	900	100	0	3000	0.05	93.4435
112	12	900	100	0	3000	0.1	93.2024
113	12	900	100	0	3000	0.15	93.4733
114	12	900	100	0	3000	0.2	93.1389
115	12	900	100	0	3000	0.25	93.6682
116	12	900	100	0	3000	0.3	92.2628
117	12	900	100	0	3000	0.35	90.7294
118	12	900	100	0	3000	0.4	92.4144
119	12	900	100	0	3000	0.45	91.2182
120	12	900	100	0	3000	0.5	89.872
121	12	900	100	0	4000	0.0	93.9445
122	12	900	100	0	4000	0.05	94.1836
123	12	900	100	0	4000	0.1	93.8317
124	12	900	100	0	4000	0.15	94.1137
125	12	900	100	0	4000	0.2	93.732
126	12	900	100	0	4000	0.25	93.2185
127	12	900	100	0	4000	0.3	93.2569
128	12	900	100	0	4000	0.35	91.4577
129	12	900	100	0	4000	0.4	92.0478
130	12	900	100	0	4000	0.45	91.6572
