0.506842503	0.635319644
0.483869432	0.650382016
0.34444244	0.607684901
0.380926199	0.684780858
0.490389685	0.617734709
0.642488852	0.613297861
0.433857923	0.658990448
0.418601874	0.647463579
0.441284476	0.32795318
0.451598702	0.490950626
0.364892462	0.585898134
0.921757994	0.442092807
0.522593184	0.690360047
0.439055594	0.680048128
0.707541707	0.389304579
0.424008898	0.701406335
0.544066571	0.668726997
0.577884843	0.633886841
0.483716957	0.62069065
0.524969672	0.656168481
0.585450269	0.607371807
0.338447708	0.671962394
0.477733989	0.634250107
0.465646628	0.728003511
0.438465392	0.625784121
0.318776756	0.155954136
0.802152796	0.460135753
0.719185161	0.50359719
0.423097415	0.756952405
0.391718878	0.612290116
0.505075847	0.65037627
0.358971378	0.558055101
0.36884785	0.464768076
0.403543282	0.684531907
0.407936779	0.658990099
0.418725746	0.519083606
0.565218301	0.642976981
0.463605563	0.713956011
0.505068628	0.679569165
0.466924526	0.712170364
0.376144935	0.575067713
0.559335367	0.642223733
0.422172452	0.596766548
0.573747022	0.321032037
0.441026212	0.70514038
0.464959946	0.689756401
0.350694668	0.447354892
0.476889322	0.609260403
0.451091716	0.695915988
0.414390622	0.67867037
0.393037367	0.556874988
0.999999999	0.631155293
0.372145405	0.683505106
0.382443335	0.649845002
0.459488456	0.667148365
0.523825138	0.487812849
0.370219529	0.630510948
0.486568771	0.754555144
0.602514379	0.559587381
0.436769257	0.770591523
0.474483325	0.585034989
0.439102536	0.741814567
0.64878186	0.562125684
0.425255868	0.730521112
0.370480898	0.723884542
0.422764289	0.572961205
0.427616683	0.634386849
0.492923038	0.711994853
0.471828741	0.757278697
0.424208882	0.543498034
0.416159258	0.551745829
0.651365505	0.461372372
0.469616932	0.678773156
0.370100872	0.647612457
0.66603161	0.580212684
0.456720556	0.414633278
0.457260752	0.556473703
0.429587961	0.413975371
0.409989265	0.683943525
0.523726164	0.598920084
0.441305246	0.516784432
0.359907484	0.745830512
0.572297539	0.572723425
0.520103703	0.656767759
0.484223962	0.636847713
0.374574181	0.613698482
0.407050648	0.725322837
0.644758886	0.663025143
0.45009218	0.554447936
0.48419657	0.647776581
0.464688124	0.68857398
0.496389159	0.575006252
0.473950239	0.566275387
0.427857584	0.410124216
0.418538401	0.541934997
0.421052303	0.644939092
0.422703696	0.628246367
0.764191489	0.541864412
0.971833136	0.515232521
0.370366642	0.747731832
0.513368092	0.689402882
0.472745075	0.657958162
0.328011034	0.589594357
0.654180049	0.501141478
0.400285666	0.670176685
0.435977342	0.720861409
0.457692402	0.767328514
0.507694549	0.687593461
0.391763697	0.612352946
0.629214228	0.597565705
0.511589672	0.614622812
0.425941119	0.61364687
0.411399022	0.672344877
0.504028465	0.684827327
0.416744832	0.540331128
0.571255222	0.475423127
0.814642215	0.629238855
0.388107993	0.565110581
0.309494699	0.305502554
0.35687985	0.683116422
0.475522294	0.731378004
0.453415448	0.478827179
0.392548081	0.603701369
0.379003148	0.385093982
0.404869282	0.533033916
0.358756244	0.640068466
0.788443273	0.516653657
0.395407276	0.532089345
0.503058373	0.56332346
0.508554227	0.590489861
0.452950916	0.63880828
0.688723607	0.601129133
0.507238541	0.608357068
0.494042327	0.613879439
0.381638632	0.55973306
0.348424183	0.622915957
0.356381786	0.601477575
0.522959842	0.658045779
0.416426667	0.643192898
0.35448151	0.655635397
0.629773392	0.552499565
0.443421782	0.623528239
0.332980199	0.043382906
0.483447549	0.642708915
0.505713811	0.627782548
0.791393439	0.521770625
1	0.501040414
0.409099173	0.67993783
0.352380982	0.67401398
0.35914305	0.530103524
0.460693375	0.720997106
0.364523423	0.614195273
0.416145937	0.73084285
0.500974273	0.739950315
0.421529223	0.52966335
0.725912147	0.521494817
0.349425614	0.687769275
0.459194939	0.584119196
0.466971156	0.718916644
0.979851876	0.497781997
0.841303534	0.430208154
0.53497769	0.694251916
0.447303371	0.371130153
0.487698858	0.678141472
0.473905333	0.723063463
0.519453004	0.671565622
0.406495861	0.665808862
0.383222565	0.665766008
0.418765447	0.52962477
0.471155517	0.716568864
0.331807876	0.707877748
0.432303606	0.628034504
0.546794853	0.557939207
0.377394665	0.721699764
0.400986395	0.721576565
0.539183873	0.540468056
0.525007079	0.640925476
0.508456348	0.694026748
0.40523259	0.623036708
0.541403911	0.541996152
0.347454248	0.469638599
0.533290357	0.735437733
0.490180104	0.684586451
0.327212173	0.640877323
0.376343152	0.709794675
0.455757684	0.4899387
0.340794881	0.62416979
0.430720072	0.520454023
0.332942669	0.716856537
0.720716393	0.565933758
0.539777308	0.506431575
0.418773412	0.615595136
0.898157845	0.554696805
0.489377402	0.697858974
0.474382447	0.590833925
0.375928313	0.643979422
0.450920103	0.70024312
0.466912681	0.701208313
0.779844462	0.562675005
0.845405882	0.384875894
0.734396498	0.60143676
0.467395693	0.708585245
0.319790704	0.24399465
0.39759823	0.635518248
0.588719967	0.674048545
0.416501588	0.671274238
0.394418157	0.592288249
0.43937492	0.770624437
0.324622059	0.55341107
0.433347356	0.655308249
0.390082596	0.535440737
0.457245975	0.765115807
0.436922983	0.605170225
0.392115665	0.567880408
0.450765694	0.667345925
0.65215282	0.593828173
0.999916749	0.555802675
0.468617058	0.663656897
0.501157916	0.62779046
0.324932648	0.001040067
0.447679598	0.728408252
0.548447392	0.612770022
0.390034009	0.577711389
0.610920418	0.49478074
0.569657564	0.566393428
0.397799448	0.586631347
0.416669041	0.375087772
0.415534548	0.609318784
0.465564418	0.687106549
0.402103681	0.610177873
0.728988202	0.64584808
0.443689907	0.586912111
0.607413243	0.62986677
0.994937082	0.467367876
0.502549732	0.610864819
0.380448804	0.730764609
0.607564975	0.529951361
0.378176789	0.64912328
0.384265837	0.618488017
0.341033604	0.643169659
0.373930809	0.55735823
0.318899335	0.709943284
0.349410511	0.407161243
0.358191014	0.586034824
0.415549249	0.648705329
0.553205602	0.595325351
0.515559773	0.651161424
0.576714797	0.600477068
0.508253036	0.618373832
0.323058993	0.684715655
0.816347157	0.546241693
0.738558241	0.54277186
0.325641831	0.561959823
0.493189447	0.668331743
0.852263855	0.50778797
0.6982372	0.553707192
0.331688873	0.651389941
0.421466985	0.579648868
0.404403147	0.494884583
0.464065185	0.743570644
0.554628728	0.6058301
0.549150424	0.38338154
0.38043587	0.736265858
0.83317275	0.600795304
0.56273356	0.581153047
0.423136576	0.656701777
0.408478398	0.512774143
0.999579354	0.493448015
0.528108157	0.705317094
0.466894628	0.662780764
0.513588603	0.587662269
0.400929155	0.367495982
0.425178548	0.508438507
0.495182709	0.664600045
0.923502312	0.554461872
0.461065423	0.771478282
0.399503892	0.292613293
0.393765578	0.686445557
0.545784871	0.579976095
0.999999969	0.53665866
0.842659122	0.475842009
0.558579049	0.518810949
0.524694887	0.582384236
0.539272928	0.708680656
0.350740537	0.605650741
0.394964009	0.698140353
0.728884831	0.587096238
0.409608076	0.621428738
0.542701729	0.507029157
0.320047766	0.55211674
0.488488452	0.565720338
0.415954518	0.512330405
0.344163106	0.594652086
0.671774815	0.56195121
0.715872527	0.569872857
0.354767119	0.68055245
0.373768727	0.672822743
0.460770856	0.697552573
0.682362087	0.603099775
0.376087553	0.553588514
0.502649182	0.669487851
0.535916669	0.641577714
0.488156913	0.449567757
0.69573419	0.535424438
0.503498467	0.757387881
0.368669028	0.58217971
0.399354256	0.644081316
0.336012118	0.665932918
0.408341889	0.582836477
0.338883287	0.660196415
0.419614164	0.652251197
0.440280684	0.520386478
0.999999584	0.506102224
0.36185492	0.663048955
0.757863114	0.587124323
0.400643888	0.630074365
0.725172146	0.507094275
0.440715725	0.674682706
0.46758217	0.731303598
0.862077648	0.531451179
0.669222417	0.48863287
0.356905622	0.566197409
0.522848231	0.539706352
0.537074267	0.728608328
0.802435854	0.567525304
0.872155137	0.531634177
0.386819676	0.643565745
0.337263736	0.362050491
0.568589461	0.598877133
0.547680483	0.476987516
0.533626192	0.495544112
0.626015678	0.624439411
0.490920914	0.449928728
0.543008759	0.554707424
0.955591326	0.528867831
0.452643818	0.63593815
0.632376291	0.512604172
0.399170566	0.582104821
0.325267331	0.46417773
0.353564598	0.502537372
0.402318211	0.518248692
0.382605052	0.631452315
0.469011302	0.720366776
0.362948077	0.545824519
0.428355521	0.680580145
0.678834351	0.615811737
0.484377025	0.573599309
0.510076968	0.620517104
0.346147513	0.535375525
0.503617571	0.672581716
0.574887376	0.669587906
0.617099571	0.664977186
0.515173386	0.685458552
0.485226966	0.63074438
0.396347414	0.625017231
0.342741766	0.616203791
0.739146752	0.643148409
0.344614841	0.656265214
0.54655252	0.651755652
0.497282192	0.628721975
0.374265415	0.685578914
0.320296415	0.639362888
0.637319758	0.645818293
0.464437116	0.540743432
0.391182528	0.491250472
0.552891081	0.622809409
0.461398975	0.563838975
0.422678787	0.52255352
0.340441502	0.25816292
0.339492058	0.558428829
0.411828041	0.570736244
0.523588997	0.566423147
0.495121664	0.700907187
0.608074644	0.646479651
0.583871693	0.570151786
0.371951883	0.743716464
0.321258282	0.624979776
0.612259249	0.56406634
0.330899068	0.657504812
0.472377599	0.657730649
0.342772337	0.692392484
0.350680542	0.624651383
0.428521873	0.508892177
0.414018164	0.620394907
0.376306179	0.5471405
0.459263958	0.585181622
0.377470825	0.697736421
0.990458984	0.509933829
0.421922681	0.687609256
0.369825856	0.652920707
0.439619183	0.574321364
0.384428244	0.584731578
0.407418309	0.685334796
0.531482369	0.586591279
0.431127968	0.596713299
0.480100412	0.698289909
0.376962229	0.584973054
0.362550441	0.667973241
0.451086045	0.75353696
0.434476598	0.714863897
0.646279324	0.576183609
0.350230199	0.478740997
0.683789865	0.496162267
0.442862565	0.692709249
0.475582203	0.447793309
0.453073133	0.616747848
0.392631503	0.692107733
0.397835084	0.593209933
0.51166899	0.671748193
0.43243425	0.604864119
0.377076766	0.563761853
0.691203406	0.518672575
0.399006959	0.633408361
0.948138956	0.524587576
0.384487802	0.610474788
0.42183329	0.478787538
0.996574712	0.503573648
0.378440075	0.570899704
0.341729001	0.486310679
0.331855873	0.746787969
0.602563937	0.624029942
0.722277033	0.55946312
0.430191093	0.627422607
0.427881509	0.707461395
0.39633566	0.686388065
0.790879177	0.513434438
0.615173529	0.585554847
0.440650602	0.226831646
0.490414527	0.625890361
0.349182359	0.647588863
0.547665718	0.592196905
0.487226043	0.641805664
0.427410641	0.518038449
0.467169798	0.637179974
0.661523065	0.450564323
0.387904988	0.610065708
0.356720548	0.553602833
0.596540686	0.651463507
0.389776399	0.613365149
0.738985928	0.49314535
0.391773801	0.601481456
0.519076985	0.697060119
0.4487633	0.670118736
0.389778746	0.66783958
0.376153763	0.572666019
0.514213251	0.689025355
0.58018518	0.480891398
0.331941332	0.537565393
0.444364665	0.694202388
0.500875949	0.620552461
0.375849821	0.68145497
0.356821463	0.671181647
0.442376863	0.698460759
0.374825087	0.671202192
0.321199276	0.609227087
0.395919846	0.615103806
0.397142887	0.520734923
0.461330219	0.553144123
0.614534286	0.542577956
0.400129887	0.577440353
0.978307215	0.533610535
0.466257911	0.736750439
0.346162926	0.586802659
0.383872769	0.580413426
0.354340731	0.554915262
0.420917465	0.576063294
0.340531374	0.589951524
0.459106133	0.62849021
0.432862314	0.564292184
0.462336721	0.593424508
0.624310406	0.672640553
0.403766829	0.742014473
0.671564353	0.607568138
0.442560149	0.560068571
0.458189935	0.661373075
0.651266538	0.551950567
0.447910977	0.685181367
0.667655183	0.49356782
0.639324934	0.401649149
0.474381829	0.705203359
0.369041402	0.641267217
0.504796978	0.560557932
0.406434369	0.634127271
0.733647754	0.561333323
0.45691764	0.622465546
0.407706771	0.554799692
0.379421426	0.668477941
0.338608662	0.697840447
0.429368372	0.682803716
0.512704862	0.704560001
1	0.457033115
0.360472097	0.66545071
0.458476761	0.502962163
0.999441925	0.506700058
0.597203326	0.677328368
0.997391886	0.479508413
0.481166414	0.725398396
0.460575368	0.456182383
0.497825642	0.691633367
0.46634189	0.62740382
0.449059899	0.743405336
0.44113546	0.594542235
0.366521865	0.589386057
0.409807386	0.725086508
0.421338476	0.590976748
0.65656595	0.379791383
0.632070754	0.591183302
0.351637663	0.715799166
0.382038953	0.685063746
0.831004513	0.579090339
0.749267314	0.63271497
0.414519368	0.71072043
0.663681353	0.518528794
0.492647907	0.543003846
0.348051079	0.594701098
0.898066312	0.560777916
0.376050967	0.52925543
0.531169985	0.599402303
0.451432785	0.611844166
0.331820314	0.507847987
0.481893243	0.575793723
0.345820643	0.493661194
0.366560914	0.541005289
0.429736467	0.731581986
0.843560802	0.550399368
0.425897748	0.547552304
0.388385848	0.668370696
0.374137723	0.612289628
0.33977613	0.060543894
0.34811514	0.709260748
0.364774459	0.250836624
0.385044387	0.697130657
0.423857099	0.661771053
0.494841348	0.643525638
0.423659069	0.594299953
0.316560382	4.63916E-11
0.373949804	0.741584644
0.460412758	0.611924652
0.355520553	0.476695628
0.322573774	0.547466454
0.387658881	0.729676979
0.37558611	0.731785273
0.395516184	0.499742488
0.54612099	0.644761254
0.463570234	0.665877979
0.469983467	0.77801748
0.435091778	0.712239882
0.41539591	0.287166446
0.436731777	0.553268734
0.557246481	0.631973137
0.854236978	0.529155298
0.999998037	0.51812384
0.49748104	0.550328266
0.443994304	0.641259852
0.409036797	0.722184158
0.422679009	0.637619562
0.468252797	0.665271511
0.424903829	0.661108329
0.346340684	0.590734746
0.399866661	0.596294243
0.374001124	0.65846118
0.997089488	0.373355374
0.503230767	0.3277511
0.361780638	0.542797078
0.392844636	0.520460667
0.585705528	0.600401385
0.434481888	0.346379789
0.492586233	0.531274933
0.901458123	0.403765949
0.575741015	0.584537984
0.557596208	0.649331604
0.937363209	0.568471563
0.565953234	0.479078196
0.39958036	0.59870039
0.924146743	0.465492776
0.615783676	0.608214278
0.323919349	0.598569625
0.724728935	0.529966793
0.42094894	0.487107913
0.382711985	0.65304322
0.512362798	0.635106402
0.548766238	0.704638919
0.519811867	0.465562206
0.552202172	0.681548082
0.440241596	0.62238452
0.391916204	0.730288443
0.49014879	0.647518835
0.400037108	0.571982308
0.486392131	0.731838909
0.449872007	0.683310515
0.445909216	0.523215519
0.472032384	0.567934298
0.461544992	0.683898929
0.422184253	0.63656775
0.475102177	0.668018794
0.377747883	0.763488772
0.561537779	0.670881772
0.780139968	0.49491699
0.538022038	0.628460606
0.468759334	0.643353002
0.349203122	0.45871966
0.683277342	0.427688362
0.847479655	0.550846372
0.993114719	0.512002316
0.469826825	0.610654996
0.812552272	0.330748946
0.417012126	0.724757581
0.373535198	0.489062937
0.393036112	0.459777501
0.328761405	0.458445976
0.539805822	0.623700292
0.448595321	0.689034382
0.487731218	0.555779729
0.588011245	0.458968548
0.488649854	0.623492481
0.362908738	0.619684215
0.443179406	0.52431487
0.422240151	0.47690127
0.5033573	0.616947608
0.354541282	0.409131893
0.467990869	0.689054276
0.441938847	0.756830222
0.509951659	0.628215381
0.428774395	0.691998329
0.323466572	0.005230345
0.457111569	0.619777413
0.344530299	0.634615255
0.336107139	0.72505712
0.596856681	0.590286936
0.490195848	0.587468277
0.44602294	0.575268637
0.419789153	0.60716005
0.455649099	0.66009447
0.583955209	0.567827239
0.859181993	0.541655991
0.995955623	0.57562486
0.505304282	0.658657537
0.624729372	0.500082037
0.989633762	0.472582311
0.51843037	0.625447262
0.451080713	0.549068771
0.389954257	0.757099802
0.414894671	0.630818789
0.412056408	0.623828179
0.687199811	0.589284819
0.522866707	0.54257675
0.631126436	0.539073473
0.999897383	0.519358153
0.398028957	0.59305075
0.423743008	0.562468804
0.438584041	0.71223151
0.749799288	0.463286027
0.371000591	0.598303998
0.488870024	0.75700225
0.558591049	0.5158409
0.734909054	0.563080034
0.465196421	0.740487212
0.348827537	0.615473467
0.429772121	0.735664962
0.342657696	0.656080726
0.442487158	0.613510265
0.412069034	0.580200546
0.60856767	0.518658643
0.384864465	0.724820801
0.413052644	0.650248796
0.355609742	0.2869911
0.358882279	0.476657278
0.905501804	0.572241823
0.376168923	0.654570333
0.398129464	0.351853573
0.631350665	0.659080781
0.37325744	0.647302877
0.495112379	0.626704301
0.461586346	0.703165411
0.539245199	0.624935104
0.543170344	0.700328187
0.454273138	0.628696739
0.560833711	0.548387993
0.48809558	0.673729462
0.470286473	0.331689176
0.999990776	0.549893012
0.511675167	0.482003816
0.553805052	0.644131488
0.435067816	0.564433253
0.949079971	0.503598438
0.453264219	0.763219546
0.392160647	0.708579845
0.712210139	0.622468407
0.434368663	0.509564752
0.459709993	0.683559348
0.443026142	0.800661619
0.454045884	0.191894634
0.344764566	0.653727415
0.483421634	0.375050532
0.325704386	0.549811387
0.417040727	0.437003201
0.522664409	0.604600772
0.605545301	0.559564975
0.402239601	0.536595197
0.363875441	0.606551673
0.418464839	0.583972954
0.44266276	0.556549862
0.507649435	0.549595706
0.351368825	0.679692304
0.970591849	0.48744317
0.439282431	0.752637709
0.510963817	0.643111932
0.539419203	0.72442758
0.341064407	0.527878157
0.371932402	0.690241819
0.999195237	0.479688534
0.946018285	0.470715148
0.433658967	0.696109063
0.999999991	0.525291606
0.395367813	0.512869257
0.465187075	0.642223281
0.466364393	0.634298915
0.448513471	0.616995991
0.585306693	0.696717167
0.401187843	0.611484264
0.486190896	0.642057572
0.510215807	0.553069787
0.440398619	0.225817422
0.403990889	0.634308722
0.345118471	0.670138547
0.363647379	0.712251648
0.482287448	0.730776204
0.424501789	0.577963775
0.553234537	0.59766257
0.461225238	0.50687326
0.447414724	0.706251834
0.467584784	0.675852409
0.337817424	0.557113118
0.347460852	0.671942889
0.727465706	0.505279501
0.419323101	0.684099658
0.480968992	0.620280267
0.480160212	0.662481057
0.999684709	0.554465669
0.41158081	0.628739466
0.454747879	0.723197586
0.405406989	0.628930421
0.426840408	0.607411415
0.56570205	0.534153267
0.859476725	0.428847078
0.475156861	0.63592529
0.446381378	0.738524382
0.999320964	0.526729333
0.366020278	0.516361894
0.465030242	0.491941306
0.489038027	0.60530424
0.985124148	0.508426389
0.488440748	0.700176453
0.422833896	0.593488988
0.46093507	0.592649556
0.470743239	0.630037892
0.437328189	0.584754552
0.398331456	0.583809671
0.361919766	0.711159903
0.390470866	0.546063287
0.354392468	0.667586256
0.45183645	0.741774529
0.518986567	0.659070741
0.400413992	0.614800063
0.350726583	0.449702561
0.99999999	0.548599367
0.948481464	0.590527073
0.921495512	0.511688747
0.650054305	0.403449852
0.963533153	0.593292282
0.999996095	0.51252009
0.494861765	0.756236526
0.442254321	0.635830878
0.43578382	0.713966307
0.373931518	0.529998364
0.390584184	0.435551409
0.972279418	0.406370321
0.361611191	0.431032508
0.764379515	0.37406685
0.424684263	0.647648096
0.438413585	0.495456102
0.492303374	0.470240989
0.544547763	0.683406801
0.50857611	0.643984245
0.41586838	0.49628247
0.356908684	0.449153045
0.396687436	0.625502812
0.395958066	0.593374721
0.363228563	0.604765714
0.522571132	0.561511222
0.679289237	0.450294145
0.552319384	0.450941498
0.386449664	0.670882399
0.382321978	0.541824234
0.47344786	0.58722969
0.399667841	0.643675375
0.678905954	0.558596011
0.46375426	0.608834891
0.398947967	0.526349751
0.398797342	0.65875273
0.51600706	0.598808411
0.459411162	0.527085099
0.593222074	0.661157331
0.452166176	0.703349522
0.432315198	0.620376722
0.437666904	0.527724717
0.644062455	0.51038337
0.336628769	0.568849777
0.366877307	0.422608713
0.500746845	0.671074855
0.396498984	0.606668948
0.461153897	0.58698413
0.443774695	0.510613311
0.353928604	0.505373331
0.337308404	0.440690547
0.425381684	0.678460412
0.391803237	0.530669618
0.68936849	0.310789688
0.392860447	0.400496689
0.535964271	0.533534902
0.429053251	0.591542214
0.823241217	0.546284318
0.595080813	0.633384143
0.37458154	0.744897329
0.335317318	0.573492349
0.529492622	0.665441114
0.525912102	0.720459152
0.696141602	0.654008881
0.389125779	0.633644505
0.442596288	0.543342457
0.354416155	0.390358831
0.653585269	0.55561296
0.525140435	0.687745569
0.41254899	0.362730417
0.391698002	0.753679451
0.400049637	0.648318908
0.53360761	0.612699259
0.466208317	0.691904092
0.440905061	0.644792937
0.546988235	0.673544306
0.389204745	0.627390737
0.370457307	0.677076177
0.356915908	0.649967871
0.386450098	0.632518844
0.408243376	0.477756022
0.541937631	0.600502385
0.529392911	0.657180034
0.332627262	0.62187733
0.382351493	0.580226223
0.443637003	0.613045815
0.435953752	0.76582376
0.34935616	0.566292848
0.401406913	0.730774961
0.417548304	0.70726286
0.381322807	0.638320262
0.498297037	0.747504354
0.503214972	0.665869765
0.419031396	0.590886413
0.522082134	0.626941693
0.477618055	0.59132016
0.467928172	0.61781917
0.438253938	0.476975822
0.35153899	0.719676552
0.529118276	0.720370153
0.324774832	0.621571724
0.574889216	0.616483894
0.405823666	0.669099564
0.745781729	0.538862802
0.33381335	0.37041368
0.449750091	0.694409076
0.403004071	0.624522895
0.37080712	0.637444585
0.66881526	0.567346036
0.378344852	0.594911595
0.434445824	0.626030931
0.478075516	0.509821573
0.807066771	0.615623
0.530324607	0.647806152
0.434845095	0.70028842
0.686771799	0.636259769
0.795593293	0.494335419
0.525693916	0.665509169
0.433150904	0.699767629
0.441343206	0.70772602
0.417463244	0.435118612
0.458576903	0.602761888
0.45816345	0.650277826
0.442307341	0.590197056
0.472117316	0.700370601
0.417373502	0.744617741
0.374048274	0.671360305
0.569279571	0.675970167
0.363565273	0.675398763
0.464911702	0.524357452
0.509655229	0.501860521
0.541803523	0.614885773
0.353153062	0.568448531
0.465043194	0.69852678
0.813338067	0.586869714
0.868205585	0.56049375
0.508544557	0.725640313
0.468541089	0.628135301
0.317225209	0.6502395
0.4039204	0.694324767
0.392761069	0.693133715
0.392810448	0.747891768
0.50021729	0.559128856
0.492215571	0.682374265
0.762830301	0.514237765
0.426241367	0.739066079
0.50546668	0.607802396
0.481409725	0.586026001
0.426327796	0.551023796
0.383696469	0.761015957
0.866108672	0.611616086
0.450684895	0.759567121
0.570423889	0.52049629
0.443956702	0.67251799
0.551874447	0.505902263
0.421090751	0.62829702
0.511283189	0.669543629
0.578104834	0.474297707
0.491525296	0.616143702
0.389487369	0.529934
0.856035612	0.360170674
0.412821109	0.677037463
0.998942521	0.391657498
0.311122337	0.325728433
0.860247524	0.615605349
0.99494794	0.494374204
0.405169663	0.407766304
0.991149938	0.4708214
0.842595534	0.389727845
0.409118052	0.663473564
0.767391515	0.661970875
0.484586162	0.57410695
0.52204762	0.612601037
0.417266321	0.615386078
0.506010728	0.573975951
0.535967195	0.649857371
0.395341593	0.694147891
0.460283223	0.718862886
0.394579846	0.613137529
0.438774864	0.646622195
0.448136732	0.537779697
0.427054036	0.68850961
0.427388422	0.520344826
0.3766474	0.356533425
0.563971892	0.609763149
0.486193957	0.55084165
0.412054419	0.713765962
0.658994215	0.540056903
0.477936211	0.653920103
0.373245225	0.531149275
0.374250782	0.622673793
0.477132753	0.62651988
0.371157316	0.639176533
0.344655813	0.586821295
0.469271404	0.16738376
0.494687088	0.668665013
0.528302212	0.640657005
0.79556413	0.593238577
0.375417151	0.652405161
0.429832499	0.657069473
0.321750097	0.567866465
0.447550345	0.767673046
0.413997167	0.729297872
0.436446974	0.518212347
0.373131572	0.249206706
0.39329268	0.467042323
0.399868262	0.513748069
0.491697021	0.712929713
0.373291157	0.700403099
0.363498097	0.614881844
0.468758987	0.653015543
0.365768244	0.494873526
0.317353909	0.618406703
0.381723463	0.485026619
0.451667189	0.72129626
0.584433029	0.517579763
0.385030779	0.692670097
0.477642357	0.571373713
0.346190524	0.692749449
0.466480104	0.629051031
0.42644859	0.662523649
0.483268455	0.72033765
0.360070311	0.585275706
0.364263466	0.543846026
0.909539532	0.481644851
0.664225863	0.517669865
0.994160456	0.401354894
0.581606252	0.607794751
0.420355933	0.583951894
0.438027495	0.749095678
0.712827319	0.572619331
0.43183595	0.632461052
0.318215422	0.705725565
0.450512405	0.719715761
0.471135749	0.559141391
0.362389688	0.723711696
0.477939058	0.520195789
0.345128933	0.515479333
0.489976493	0.707919295
0.497430098	0.661513895
0.430904705	0.506425932
0.395740897	0.59794819
0.46658144	0.701480321
0.384840735	0.626533687
0.470188896	0.563432395
0.322574008	0.663504128
0.513633905	0.594025594
0.41922424	0.484050054
0.473247791	0.504914193
0.358070665	0.397183582
0.428694066	0.660801019
0.426278307	0.457673679
0.447341517	0.561727051
0.473955185	0.740929841
0.380772822	0.540574293
0.361054926	0.470761394
0.386690887	0.568197636
0.410029616	0.701724607
0.365796472	0.621126581
0.368742389	0.651645018
0.610216738	0.546282936
0.463064196	0.574273925
0.527265922	0.614399453
0.480247805	0.752343857
0.481206868	0.660790474
0.445139686	0.745615642
0.331073515	0.692664134
0.554522537	0.653871884
0.492750247	0.67314822
0.511672512	0.689834803
0.392229463	0.704756672
0.795212186	0.620887051
0.864710952	0.37347997
0.757489427	0.474330853
0.33037964	0.435028628
0.408083173	0.660110492
0.597863048	0.543579189
0.457334596	0.618642324
0.45934462	0.677589235
0.4008159	0.575211134
0.622354567	0.543548557
0.554859882	0.720965296
0.910219586	0.589630945
0.603753289	0.642261439
0.739047772	0.633001118
0.40671454	0.680636091
0.729561628	0.569626826
0.363841802	0.5750931
0.43365616	0.672346527
0.423912269	0.552994239
0.715326776	0.488434556
0.379083393	0.622319499
0.399379925	0.731505822
0.672731524	0.453220853
0.3307141	0.731940435
0.434742131	0.572412277
0.514117517	0.614117935
0.348607821	0.6254924
0.347136218	0.548213084
0.36423919	0.707247417
0.589568423	0.641953273
0.424983075	0.700267477
0.790270301	0.568010296
0.504735741	0.680601257
0.556761562	0.729065135
0.779562549	0.450858036
0.536982243	0.619259106
0.684158609	0.614218816
0.503989039	0.564578636
0.378361443	0.431246171
0.494117782	0.640268888
0.452896562	0.601375034
0.426799483	0.721504119
0.430782332	0.591774022
0.367070702	0.690421103
0.365167413	0.568266818
0.509939823	0.744953212
0.383002174	0.609428943
0.457927618	0.552810013
0.526172614	0.589360805
0.609614061	0.626069377
0.31528726	0.043809613
0.501720153	0.640010945
0.349795578	0.627728566
0.40368163	0.601999995
0.425402752	0.631137258
0.469547144	0.714422802
0.601774008	0.510795208
0.909952495	0.423977167
0.373519901	0.656256808
0.828516547	0.605167193
0.396946718	0.477276688
0.647311345	0.576239771
0.389626919	0.574674207
0.369951119	0.435724112
0.761430218	0.650897458
0.374729324	0.662050103
0.494870086	0.700943405
0.494004452	0.757552277
0.502245416	0.615740614
0.481592316	0.748065374
0.444617477	0.445222366
0.748489354	0.548593878
0.357505333	0.603918042
0.506167539	0.600932747
0.43810129	0.67655715
0.442492779	0.677480063
0.496272597	0.565165837
0.94860863	0.551621452
0.562646448	0.645089848
0.373052885	0.637616936
0.567887287	0.669047711
0.461037333	0.635487438
0.603753627	0.611433027
0.462745458	0.685056542
0.42417761	0.501391757
0.523070238	0.495057365
0.369835846	0.664813567
0.381756163	0.445515605
0.645375499	0.641960685
0.991306323	0.512232356
0.44844045	0.65376052
0.479484408	0.667220417
0.453037854	0.599724592
0.507773063	0.602785341
0.78869574	0.529791704
0.474711295	0.702520753
0.400068514	0.525598936
0.498333963	0.628323756
0.43809857	0.544446074
0.437294287	0.637967518
0.436609314	0.689250995
0.63080275	0.538718924
0.442105802	0.626539353
0.425345925	0.496385301
0.948094436	0.514390722
0.420788524	0.687125705
0.529069447	0.649656791
0.603982202	0.604718491
0.38851538	0.434471869
0.453067176	0.520156023
0.582315715	0.584985388
0.780934205	0.539566538
0.472838211	0.70522781
0.386560106	0.61627093
0.998805909	0.448963587
0.454878672	0.769908654
0.462053659	0.568938628
0.532598178	0.644131489
0.71245113	0.529543004
0.427106168	0.594665219
0.436329783	0.645614875
0.425064061	0.600013018
0.400488695	0.644609556
0.54111428	0.461404281
0.404834541	0.618480736
0.564599494	0.472529119
0.457722067	0.616560903
0.324168968	0.601499743
0.519482091	0.555712289
0.427286448	0.647771206
0.385873179	0.699016706
0.788990647	0.641305054
0.839614766	0.566268772
0.392079483	0.73556871
0.348745092	0.612233601
0.331438619	0.679376425
0.486764736	0.398123816
0.524295582	0.694085913
0.668643689	0.58104403
0.935626088	0.562086145
0.431024029	0.677767955
0.523418904	0.617755693
0.576133135	0.62009558
0.503198602	0.518978396
0.405632907	0.695192425
0.374859213	0.643069736
0.445487329	0.627980593
0.446352531	0.625098733
0.451097102	0.708324271
0.424560653	0.737914397
0.496818116	0.782476767
0.936410655	0.609720065
0.758749253	0.509531313
0.415552887	0.595910947
0.406433937	0.646862032
0.814824531	0.502687562
0.638981935	0.560131605
0.494389042	0.668382479
0.443184009	0.647162612
0.410807163	0.573576758
0.369018121	0.562621297
0.578682324	0.664626936
0.926474432	0.590059928
0.54308614	0.69540153
0.515859127	0.547323961
0.311930564	0.688588184
0.666400644	0.567332425
0.340402038	0.467435527
0.39395992	0.625330308
0.757628161	0.581470326
0.352878627	0.628867445
0.466948839	0.639465605
0.34441727	0.711370997
0.56075979	0.554393973
0.933613868	0.493248031
0.359816362	0.221796891
0.719590133	0.587018946
0.357755014	0.469126827
0.595333795	0.528762857
0.524959378	0.486296781
0.352496199	0.668844651
0.530716697	0.550192258
0.460394037	0.577996396
0.7356261	0.450539054
0.36228471	0.5129822
0.440718902	0.663123832
0.707466969	0.544668625
0.398585719	0.609383838
0.353290871	0.398915934
0.464169442	0.700857103
0.473135623	0.730828639
0.432615768	0.66304771
0.517437699	0.665210456
0.41668253	0.516985273
0.385557615	0.553775024
0.533030792	0.60780807
0.997516143	0.582607147
0.839757176	0.549093136
0.341263237	0.49488619
0.393865115	0.562600624
0.420137281	0.747988533
0.597481037	0.566114813
0.528257317	0.658919134
0.563164126	0.524714715
0.364174741	0.640494
0.334975127	0.634996063
0.448974149	0.677740888
0.430435967	0.524801015
0.552075006	0.568243331
0.407871297	0.690024778
0.438603602	0.692984047
0.376683959	0.597814557
0.41433387	0.656954441
0.393444472	0.698666863
0.344071177	0.539752993
0.448243504	0.755525169
0.448187035	0.65342575
0.34326412	0.033305049
0.587792469	0.612416784
0.403858915	0.565442488
0.325920278	0.384076252
0.650412622	0.461734686
0.391849302	0.762628623
0.469668102	0.658987936
0.702834398	0.531815793
0.433372394	0.665702925
0.340062104	0.616087354
0.373323949	0.714418913
0.539295451	0.699682374
0.428061905	0.704772976
0.43259828	0.710766858
0.409638611	0.519742636
0.446333869	0.7178733
0.548306957	0.724683056
0.405071944	0.715904797
0.504085069	0.472443157
0.764406168	0.485325121
0.411165681	0.520800428
0.481856817	0.68555411
0.512627479	0.711473165
0.347000605	0.611175901
0.507574133	0.741061901
0.870751037	0.538144642
0.414429497	0.59587799
0.344947314	0.670724841
0.448682538	0.571661739
0.404740434	0.666103549
0.485513759	0.72965993
0.448035779	0.674522777
0.379605205	0.605475592
0.428442795	0.756759596
0.424180772	0.669831532
0.998261033	0.511975408
0.696222611	0.597753492
0.542934263	0.647968653
0.504152201	0.546206641
0.445918312	0.678219883
0.650813027	0.567449692
0.3764557	0.639213476
0.35397484	0.395937052
0.495860859	0.592284257
0.456330948	0.710749398
0.448995582	0.136948149
0.422754295	0.712787073
0.387576321	0.68029321
0.383754125	0.694648944
0.426364651	0.69484914
0.567708518	0.620207821
0.403097575	0.625724338
0.489593734	0.484575538
0.449339549	0.644639322
0.630013388	0.577422975
0.598975731	0.506335794
0.391932812	0.439585581
0.534135903	0.687568799
0.396742658	0.689056443
0.473667975	0.76024509
0.455822995	0.668123616
0.395397218	0.609835803
0.863863211	0.536531391
0.386388889	0.416632006
0.361276346	0.745022212
0.403968592	0.578168552
0.343569529	0.689369755
0.343339941	0.416530812
0.340828702	0.648647195
0.427415865	0.649759157
0.504516405	0.660130075
0.478695207	0.437567629
0.599035077	0.627642495
0.531612876	0.663683132
0.455596496	0.743746979
0.807712047	0.476980427
0.572784666	0.529332677
0.933272526	0.463260487
0.439170763	0.549155613
0.345474961	0.265748803
0.455069042	0.708298104
0.756156745	0.498759115
0.604464198	0.539038364
0.448618723	0.703950534
0.58889738	0.553964071
0.955485071	0.464233415
0.852504364	0.461785606
0.317116602	0.593393463
0.42151407	0.747560352
0.971624027	0.581436163
0.404911589	0.509914679
0.60348333	0.685900234
0.624700461	0.529928512
0.563620143	0.529768629
0.369295654	0.640745357
0.587757414	0.630367363
0.369498856	0.573642392
0.612348349	0.585370285
0.429328333	0.499776562
0.375717926	0.680345029
0.557120472	0.589699057
0.419617241	0.670157501
0.374059974	0.581492612
0.364280797	0.536733288
0.483886993	0.565082122
0.327786118	0.618367974
0.362460098	0.598122681
0.515554166	0.620072746
0.388928774	0.605447862
0.431218903	0.63645144
0.795153987	0.572854461
0.565572382	0.550727456
0.344011731	0.656023062
0.706617267	0.594229499
0.614685561	0.561821873
0.877419003	0.544223841
0.602488174	0.581486192
0.421336171	0.461980577
0.644603794	0.650761226
0.39015006	0.682553113
0.734463795	0.493698943
0.999996974	0.452530531
0.330396378	0.036229346
0.522420951	0.479857771
0.478293437	0.606399982
0.593541258	0.60861392
0.42896239	0.684105159
0.377296361	0.274831464
0.503206151	0.726209484
0.384628422	0.636361242
0.445777479	0.697378889
0.364812679	0.519054367
0.601461782	0.645572179
0.512347939	0.65856174
0.463455945	0.3685906
0.426599754	0.535591959
0.406808401	0.692822121
0.702344642	0.603601515
0.498782345	0.740354537
0.583982954	0.571851992
0.446824997	0.758233999
0.511980482	0.716056131
0.385367157	0.280616413
0.594171536	0.68373987
0.364293491	0.751882285
0.383559503	0.603824223
0.392105912	0.443470806
0.431812622	0.659627952
0.625020154	0.618447538
0.42826634	0.728088503
0.487632872	0.746050006
0.48625404	0.666013862
0.530178538	0.681927861
0.499264784	0.660736081
0.945280526	0.437816377
0.335619829	0.613767073
0.353561142	0.664135395
0.746857692	0.548344715
0.395992866	0.447506673
0.63072043	0.493721534
0.451665006	0.668001324
0.360278009	0.493961105
0.462207584	0.364238791
0.718532073	0.561137392
0.603533099	0.629952574
0.440462345	0.627827323
0.510600029	0.689047935
0.526398284	0.657950006
0.733648066	0.534032217
0.481855124	0.693454595
0.36223175	0.713136255
0.719664346	0.527688361
0.608320403	0.511643839
0.519445618	0.611082041
0.367972065	0.662676544
0.460374389	0.522850706
0.389302058	0.483620462
0.374224735	0.424065175
0.531748139	0.486675807
0.489464041	0.597014216
0.513816932	0.719270422
0.480834235	0.564633765
0.463423577	0.647970584
0.428254848	0.614981393
0.389973186	0.146187218
0.486695992	0.574086499
0.565389815	0.524880471
0.407316754	0.519368506
0.351468207	0.522719137
0.315587608	0.525358018
0.438555791	0.666804411
0.427806193	0.650880134
0.516488538	0.613654264
0.392140454	0.717746697
0.733312048	0.55650701
0.422943575	0.062397373
0.345730919	0.615226342
0.331311251	0.558992441
0.69126788	0.566873909
0.341866815	0.56156717
0.736994858	0.576852838
0.674060839	0.646979787
0.588699715	0.585088193
0.648998778	0.469261488
0.397860733	0.728606628
0.426355472	0.69995705
0.54091639	0.696439828
0.455662254	0.464028409
0.350018852	0.387027612
0.622801798	0.562908685
0.705918416	0.636133726
0.820507284	0.520947721
0.477909715	0.664383185
0.905593865	0.574217457
0.598547821	0.574241419
0.499846821	0.747449103
0.312605206	0.646276325
0.321723351	0.670863059
0.910964049	0.485257958
0.47100567	0.669684386
0.536163315	0.690697592
0.484081557	0.636655672
0.436022958	0.644165139
0.371332214	0.555078342
0.984547478	0.571683416
0.679477274	0.673245069
0.42241035	0.712323304
0.581620059	0.670499
0.496920169	0.610139653
0.483209106	0.682531466
0.717875025	0.580215009
0.445956607	0.62562845
0.463270791	0.265126395
0.434982361	0.714004215
0.382799579	0.69063223
0.430236915	0.514252508
0.979508398	0.55980045
0.65141301	0.56273768
0.544391864	0.656944703
0.373449103	0.749040247
0.333931848	0.613061057
0.40989039	0.518984211
0.452026823	0.655483635
0.394796223	0.684086251
0.52641322	0.619688445
0.467013917	0.714570091
0.408623713	0.493865292
0.435309548	0.664906509
0.327087428	0.547878906
0.653507686	0.521738794
0.546094625	0.595975748
0.662936963	0.585954664
0.457785276	0.700372609
0.617006482	0.525726715
0.961874789	0.551321898
0.342499868	0.037839447
0.382796168	0.556220797
0.445612663	0.615596118
0.542113605	0.69058353
0.366611099	0.701213556
0.549711316	0.449920384
0.672014912	0.609444033
0.383425282	0.702641341
0.912672379	0.598059246
0.384805081	0.458616332
0.792225448	0.564219201
0.445390262	0.686251479
0.465739827	0.695608517
0.834312588	0.449680716
0.435566342	0.700654043
0.876018192	0.595333359
0.727427793	0.539621051
0.591579678	0.38694858
0.912829271	0.545811588
0.994093072	0.573695659
0.35976749	0.686226755
0.860401018	0.492532913
0.44903207	0.470171627
0.483040232	0.66084738
0.521966336	0.658421735
0.52062225	0.632323486
0.77796387	0.489623226
0.534353468	0.667229553
0.44607767	0.717497939
0.400629776	0.500785536
0.534879585	0.624409268
0.390708921	0.532886676
0.462595447	0.706386113
0.456344996	0.598827907
0.481763649	0.622877422
0.362154464	0.547083082
0.931834365	0.508995526
0.428075296	0.603842048
0.363729578	0.581914468
0.569323107	0.680692104
0.485009394	0.549599902
0.543167428	0.703743913
0.47849913	0.573582547
0.467754304	0.717668376
0.918366831	0.536886619
0.504484299	0.615337677
0.507956159	0.71830787
0.420370246	0.636051981
0.397589439	0.533860485
0.387559816	0.617819506
0.449038535	0.675521711
0.566321161	0.46659966
0.583211203	0.607890416
0.57087886	0.550266782
0.421463712	0.619355143
0.487789611	0.4689518
0.403903716	0.624866839
0.381665125	0.746477935
0.354993925	0.692341345
0.388405812	0.619738086
0.324284527	0.719171071
0.428543252	0.613289613
0.455822695	0.4593794
0.426098801	0.508600767
0.829759676	0.416071237
0.475409671	0.660181823
0.383213224	0.639911264
0.413005668	0.658219338
0.445366681	0.644635932
0.442484087	0.699383975
0.626108377	0.58194629
0.386102213	0.553473141
0.398087095	0.522084999
0.414678845	0.49471049
0.464582096	0.73775037
0.368308923	0.215619423
0.999775407	0.458594187
0.963375402	0.521409415
0.538253796	0.370133919
0.436599737	0.648282632
0.503862164	0.560610584
0.329550015	0.584374904
0.471215024	0.585642897
0.407141197	0.625771223
0.435080332	0.629987601
0.317574934	0.67194706
0.410582115	0.625178023
0.460618472	0.576305613
0.342288105	0.718507327
0.380919464	0.719248066
0.382720161	0.699943289
0.448609312	0.637083991
0.99395854	0.595503126
0.325578426	0.02572325
0.433482232	0.588753411
0.338579569	0.518223585
0.641861081	0.648469
0.424519146	0.631618168
0.66193336	0.617467266
0.387757336	0.669859807
0.562311494	0.633188953
0.442618464	0.671508693
0.49600701	0.603755586
0.388387316	0.672097359
0.328769481	0.700135523
0.597506912	0.617776944
0.440292231	0.641934313
0.498805315	0.744366314
0.648679381	0.595932505
0.48230107	0.642891762
0.493296953	0.691895959
0.508659348	0.608602681
0.589211494	0.674007482
0.542220901	0.517648432
0.522608105	0.571392554
0.457448926	0.578312805
0.389441313	0.549475336
0.547911322	0.563723993
0.376591404	0.218772646
0.611090933	0.61068315
0.344833573	0.211748318
0.404831995	0.710608684
0.76219641	0.543453043
0.914670592	0.609418901
0.408573807	0.6169188
0.436252823	0.56576121
0.383335693	0.613861873
0.961636018	0.440416466
0.500839773	0.763237049
0.548949421	0.668808685
0.451665263	0.726280268
0.450603077	0.51192579
0.324171778	0.596013363
0.434926489	0.66418856
0.835831004	0.554172681
0.442709612	0.640895434
0.407892363	0.616158215
0.403294229	0.5060694
0.792990494	0.517230931
0.441238303	0.675256911
0.398712719	0.761399292
0.473281298	0.727913021
0.461325911	0.537246217
0.382371775	0.627335363
0.684576156	0.591554915
0.555447279	0.564413693
0.954635409	0.57185307
0.416895095	0.713030577
0.382346185	0.624547021
0.664477001	0.631046669
0.335427862	0.522551205
0.444782472	0.771443507
0.398598431	0.535566768
0.386090431	0.717471532
0.388964927	0.621292825
0.378148704	0.722872639
0.581232562	0.436125137
0.463105945	0.711678668
0.44825054	0.762089322
0.422681041	0.57634971
0.644105576	0.546820359
0.363713201	0.500167506
0.442441377	0.737476458
0.394845669	0.619736047
0.399819336	0.610175555
0.485201615	0.746104797
0.414244523	0.74686289
0.380951968	0.676125222
0.434570396	0.741141969
0.44912956	0.668477574
0.546712512	0.583415893
0.499805853	0.604499496
0.580206669	0.496830281
0.469260305	0.727183542
0.488531347	0.734594021
0.635941318	0.614094203
0.4485549	0.710259903
0.457073055	0.40741828
0.380094528	0.567475236
0.383605715	0.434671745
0.561297982	0.62444029
0.375983912	0.712154453
0.440469416	0.626505973
0.403224397	0.728250566
0.321719959	0.690749698
0.507588201	0.54499247
0.502779783	0.677044376
0.716990299	0.533389804
0.435272849	0.550941122
0.431257348	0.764497742
0.998503925	0.529206067
0.799634139	0.541400349
0.577481668	0.52903998
0.426604002	0.611980011
0.576070424	0.549713541
0.436442232	0.639734386
0.60440586	0.611988879
0.561332022	0.616352402
0.334589828	0.207238146
0.454826484	0.631457109
0.43465563	0.539903946
0.603122245	0.622138428
0.501576211	0.66227814
0.319299615	0.093330496
0.426206565	0.743562011
0.604853385	0.692565575
0.43111408	0.59118581
0.726281659	0.643011638
0.566150108	0.56005165
0.974321526	0.376776553
0.390586163	0.626760747
0.441632615	0.562868161
0.406531849	0.613136499
0.335941043	0.619687122
0.443580103	0.633112696
0.408857055	0.539506751
0.441253385	0.628577027
0.385377243	0.637377805
0.331965215	0.490253598
0.479346702	0.732596553
0.525995832	0.653343624
0.777722788	0.494048423
0.396040405	0.614555936
0.396399612	0.605482291
0.381387177	0.608376985
0.399788104	0.640644548
0.443658464	0.696544543
0.444465222	0.637282642
0.471029801	0.512376248
0.438907665	0.75867939
0.430754959	0.750840461
0.564509673	0.587471081
0.397301001	0.405956075
0.355142891	0.691133022
0.524403154	0.715723208
0.474691707	0.611533371
0.31572976	0.704172744
0.444035637	0.549994496
0.490498607	0.364621409
0.498634311	0.721465273
0.521792535	0.656206084
0.460916142	0.503221433
0.478253472	0.740509018
0.344103158	0.750903314
0.461129932	0.736993699
0.391935482	0.71260143
0.361075428	0.602255023
0.43022557	0.596368212
0.704972653	0.604703158
0.568358796	0.554254698
0.494906741	0.708092997
0.693228133	0.635924647
0.517473571	0.513858131
0.548721464	0.443092508
0.402826042	0.717491775
0.357187389	0.348995628
0.450621395	0.605204528
0.695092494	0.617514417
0.893450362	0.403875154
0.386416088	0.637177724
0.351640505	0.629971123
0.439720615	0.739040473
0.422491911	0.719386839
0.526539102	0.610773113
0.99997385	0.51955951
0.385687874	0.364276689
0.89405391	0.608383451
0.318864429	0.474217898
0.478339942	0.732171673
0.355860155	0.560832352
0.358111498	0.576272497
0.621297974	0.556155346
0.500813567	0.620755745
0.617739209	0.471007852
0.530951432	0.600692356
0.395580374	0.60916256
0.44221346	0.653603566
0.99919197	0.576193317
0.416288297	0.723885688
0.415240678	0.584401286
0.502466446	0.647387196
0.53284972	0.502715284
0.315112278	0.61124175
0.468088797	0.764066969
0.357195461	0.68753056
0.322040252	0.607196916
0.530461061	0.731605294
0.706659191	0.451336493
0.761268146	0.623135807
0.349734968	0.656688842
0.411624447	0.533473443
0.436306917	0.736870504
0.75997213	0.50104569
0.441505892	0.365558321
0.439460257	0.636341005
0.517893253	0.519004789
0.45078187	0.46880008
0.417514957	0.488499491
0.579084352	0.619071621
0.456086383	0.742093301
0.818755829	0.593660332
0.764513036	0.471628671
0.479404366	0.613986554
0.533893195	0.703687461
0.598238571	0.619401437
0.343894975	0.65015227
0.455421262	0.668179638
0.690806963	0.615981153
0.370996161	0.578368347
0.721351044	0.646333939
0.704318499	0.499814952
0.374666673	0.731225739
0.466076902	0.570761941
0.472746367	0.55753538
0.768523568	0.526511026
0.431433029	0.460365522
0.439219209	0.765202647
0.340140321	0.748919685
0.999999333	0.522406583
0.980995795	0.507528272
0.723671942	0.507432513
0.462677358	0.595421281
0.488469588	0.58506855
0.507614979	0.491371189
0.521197765	0.594285621
0.397582204	0.439351139
0.560742279	0.499710662
0.557961298	0.411301836
0.487739434	0.637866445
0.3159162	0.647647871
0.427539294	0.58826658
0.407162493	0.574959539
0.359195473	0.688570387
0.844788201	0.650921824
0.399503102	0.554588006
0.513709852	0.662260616
0.422831937	0.681299129
0.403827736	0.673725549
0.643865182	0.366331681
0.569944388	0.616146441
0.586146133	0.553830296
0.774306415	0.606359501
0.634901783	0.529982248
0.353785729	0.685921251
0.458159167	0.639075131
0.620811208	0.560521159
0.432183701	0.569246259
0.455254741	0.557351372
0.556092359	0.694320361
0.457149826	0.743716187
0.492222788	0.755564415
0.499303284	0.768462934
0.363658413	0.574808526
0.471237578	0.700512872
0.726239682	0.463271567
0.729774008	0.503504067
0.368818738	0.609523807
0.624425894	0.526838131
0.459772985	0.54908809
0.398348196	0.720690019
0.321389039	0.052969724
0.42996411	0.574167369
0.419446676	0.525330973
0.336193954	0.705248129
0.35631344	0.470456761
0.501367452	0.603515649
0.946059464	0.445040427
0.757915688	0.600326698
0.447928074	0.724066923
0.542571173	0.571316189
0.815642631	0.391055172
0.453206645	0.710192543
0.857235219	0.507743644
0.495402128	0.696843642
0.882774779	0.533897075
0.431300003	0.523892168
0.47229871	0.597755126
0.730819968	0.571738272
0.486662411	0.615469026
0.415275668	0.684084598
0.512996667	0.721033037
0.591575346	0.576109842
0.594052363	0.555901295
0.779169562	0.529560711
0.382129899	0.68603527
0.422782209	0.71707346
0.528936143	0.522410841
0.47910866	0.725242364
0.440911401	0.497859983
0.367807121	0.421619758
0.39786507	0.516331588
0.773791093	0.335589963
0.734696573	0.515870585
0.470341526	0.620141973
0.367586657	0.696320941
0.450197405	0.74331929
0.436733362	0.67199236
0.608044989	0.544134629
0.313518527	7.124E-46
0.691632314	0.652130864
0.484515476	0.684940934
0.994484632	0.503255866
0.542467244	0.723611284
0.747326638	0.568101023
0.51164714	0.343717813
0.576961193	0.593119157
0.434106527	0.760466189
0.42750899	0.702274966
0.512534829	0.567894576
0.481675558	0.735720962
0.59542752	0.63405287
0.520762265	0.624316573
0.503797023	0.656134076
0.386729992	0.618509659
0.394940125	0.624397065
0.392300795	0.590530156
0.399916151	0.688769716
0.45467792	0.6653768
0.366741592	0.508063315
0.437946145	0.729443737
0.454384376	0.654296306
0.579595715	0.536563685
0.424606082	0.541418415
0.73046261	0.487882405
0.403473196	0.705896865
0.345882324	0.614058359
0.498561023	0.596487807
0.500109713	0.743626528
0.582055027	0.572982587
0.363874443	0.525974054
0.497156284	0.608847749
0.488219952	0.557106035
0.46223565	0.7302634
0.377357817	0.440717992
0.745208754	0.516834655
0.412307906	0.716477977
0.51559801	0.759740726
0.719690737	0.607954488
0.553939446	0.585301882
0.401036752	0.671367788
0.35312249	0.674632014
0.420136931	0.640932476
0.510569606	0.593015709
0.78503426	0.502822956
0.817057498	0.589410462
0.566161124	0.609147252
0.404017639	0.463092455
0.505191975	0.709873214
0.451551922	0.683472641
0.601693535	0.496449394
0.374154817	0.70394858
0.392501874	0.686360073
0.993489708	0.500102801
0.436362699	0.297619622
0.366713886	0.70909115
0.364062527	0.665397739
0.999999645	0.433697222
0.361344999	0.630479271
0.488347318	0.680321173
0.32155248	0.584464944
0.331737421	0.499794432
0.411900573	0.556807627
0.419694902	0.42521384
0.448891492	0.701205979
0.336652799	0.694936837
0.429868162	0.678053627
0.513567602	0.580053205
0.927754865	0.520842025
0.925257769	0.58520212
0.533541406	0.562240257
0.351342257	0.67694537
0.334041507	0.639680719
0.657090393	0.551450377
0.32564432	0.709741036
0.433941815	0.718685633
0.71620468	0.514665714
0.452805242	0.588336692
0.439270023	0.594689152
0.419490768	0.656457615
0.532837516	0.464519808
0.438247392	0.685535162
0.389297147	0.616289305
0.43420967	0.408768846
0.367344606	0.538762047
0.958265891	0.472066047
0.34427351	0.316410993
0.327360232	0.708909499
0.50118726	0.699766518
0.393665839	0.437496378
0.462660617	0.589657643
0.421091471	0.695122916
0.391603002	0.604838617
0.376316591	0.311970502
0.37971089	0.665411109
0.349634501	0.681169356
0.414754053	0.664855731
0.317008369	0.713981717
0.427465216	0.538241521
0.447772858	0.701242977
0.414932964	0.76447284
0.547020467	0.596412226
0.387826915	0.689820953
0.466826342	0.656601952
0.506126603	0.64208247
0.423770761	0.73631208
0.337170646	0.669594776
0.369037814	0.466367568
0.354423421	0.422637202
0.479219196	0.629214847
0.355054756	0.69540739
0.527140804	0.634170794
0.459776552	0.714338379
0.380097036	0.65562382
0.382074889	0.563671264
0.465583812	0.598920648
0.516019939	0.509744958
0.713409564	0.539910974
0.841878836	0.49317754
0.422365545	0.749505055
0.334536572	0.616620938
0.40675065	0.606118912
0.417874024	0.482432625
0.70118051	0.559475091
0.452157767	0.722982542
0.389748088	0.65826269
0.407095781	0.744431114
0.376449615	0.452817864
0.489383802	0.634201591
0.367351044	0.574115829
0.399605289	0.55269857
0.509811148	0.587848834
0.798838022	0.442430921
0.44427274	0.544385899
0.520884557	0.598635123
0.690953026	0.534144127
0.789198426	0.469734957
0.902503849	0.59713902
0.479192038	0.742629995
0.313675718	0.663771609
0.396565312	0.568296239
0.429715246	0.648084848
0.34819889	0.64550357
0.547789775	0.515188589
0.472622631	0.544317332
0.456908198	0.692119555
0.997942834	0.539686883
0.747668452	0.551246156
0.640013183	0.597188965
0.592642155	0.697347691
0.453242555	0.532706996
0.740444349	0.621905899
0.443919245	0.54676142
0.502925744	0.692609913
0.719500908	0.578807439
0.66188236	0.557131536
0.708690508	0.562304086
0.97836433	0.525607354
0.454380492	0.716679703
0.366633235	0.694774336
0.443026501	0.558060741
0.370047427	0.540373972
0.48211873	0.568833392
0.505388747	0.474284459
0.498331099	0.558084139
0.455149987	0.693655095
0.362135244	0.621221544
0.355226979	0.689496881
0.518429982	0.47510094
0.762011889	0.606383994
0.479444683	0.547571868
0.47598723	0.704753001
0.641723479	0.573604276
0.360932503	0.690852945
0.456449971	0.726216549
0.419591867	0.34554619
0.686876271	0.605721886
0.332135237	0.018625911
0.423482171	0.76532483
0.410239105	0.701876568
0.335276269	0.717012841
0.848056979	0.577630548
0.512891456	0.72699873
0.635450307	0.540761963
0.429240519	0.648688223
0.409232973	0.61945043
0.369897941	0.565374967
0.449738527	0.655825392
0.389812707	0.495318716
0.533903792	0.715738686
0.663071663	0.480876957
0.499210183	0.57956072
0.632525177	0.543029111
0.430787579	0.729069393
0.451783645	0.732886617
0.474790158	0.722119145
0.515343042	0.587995312
0.603003732	0.523250021
0.490696426	0.699716797
0.494425712	0.654836628
0.648098698	0.667447029
0.473018096	0.711849945
0.911627746	0.496889017
0.368447428	0.5821236
0.551301533	0.50181523
0.478493022	0.695484107
0.450886472	0.723104477
0.471586406	0.468920291
0.446270561	0.641080523
0.333387155	0.350238062
0.451476339	0.588657635
0.591956967	0.483304595
0.562350167	0.662738172
0.489309568	0.612083265
0.415934748	0.632667085
0.511155699	0.688181728
0.806466337	0.584478828
0.85424982	0.528866109
0.415487351	0.643299135
0.341738297	0.496270466
0.354869722	0.547252193
0.384653894	0.57131247
0.376351235	0.679284236
0.412499601	0.681822314
0.662060844	0.538955121
0.440244497	0.677693564
0.345645495	0.646151014
0.415925656	0.656610377
0.679701977	0.612198259
0.417508828	0.572498179
0.491207634	0.703662509
0.872063243	0.465776464
0.350685922	0.507246425
0.759372014	0.636085201
0.384348562	0.691336496
0.434017993	0.443576808
0.370030571	0.193196154
0.905854358	0.515219687
0.343434543	0.524865724
0.458624509	0.620731961
0.360970726	0.539774783
0.460861914	0.57996194
0.430278274	0.722007905
0.44663323	0.614856386
0.546539755	0.588940784
0.479500226	0.680936064
0.358292675	0.703590215
0.999999999	0.593074897
0.557732141	0.577749933
0.395911068	0.648526739
0.534347253	0.522905581
0.880201701	0.603676655
0.414594015	0.702798547
0.475784392	0.725595975
0.44547974	0.514894606
0.504548737	0.60552143
0.367911306	0.545551994
0.515498033	0.662391955
0.375125656	0.697505356
0.432420589	0.700061971
0.436530516	0.459788845
0.675514736	0.612451181
0.473730748	0.665675294
0.406813796	0.697860466
0.458637802	0.657327196
0.570232325	0.512713972
0.616904882	0.462208834
0.502190706	0.54459474
0.487771093	0.663046417
0.347569173	0.532901674
0.344474432	0.538879839
0.774553695	0.464236982
0.478216514	0.603098559
0.416635553	0.691072651
0.759588619	0.416369684
0.432215103	0.596783254
0.528662663	0.648756752
0.773000488	0.570616889
0.402086603	0.631022475
0.471631435	0.615457624
0.956424308	0.462238172
0.553538778	0.439738391
0.451503172	0.700419679
0.44054663	0.699804441
0.635309288	0.603931084
0.593582513	0.608999824
0.694262138	0.454546716
0.997458872	0.387055422
0.423655262	0.640471401
0.346822713	0.627657124
0.478921158	0.661585179
0.443609893	0.726475518
0.423296303	0.742996819
0.514778544	0.524928382
0.424642722	0.64654149
0.48215167	0.613669241
0.557696977	0.593255293
0.434054381	0.626128886
0.663184211	0.584231826
0.920593442	0.502346443
0.41181937	0.520131866
0.845807728	0.563748591
0.325749885	0.713488737
0.40665648	0.621771089
0.450734008	0.58358515
0.396375133	0.545692707
0.498108287	0.737985877
0.617601908	0.530444149
0.982084501	0.561594994
0.419502589	0.758112888
0.566141777	0.572100353
0.52925989	0.69279397
0.966803623	0.536590241
0.514336993	0.668707335
0.689226071	0.45482508
0.863847663	0.57668199
0.532294796	0.640638995
0.358710376	0.565172184
0.43844078	0.658256006
0.407425835	0.552126371
0.46091725	0.750333807
0.435226295	0.673240445
0.533897015	0.54333164
0.472232575	0.666819472
0.365272149	0.667507229
0.348434599	0.569100226
0.442543259	0.720651871
0.611595742	0.641102851
0.41568024	0.509914564
0.477965619	0.619921236
0.348295698	0.642846579
0.481491589	0.641150324
0.469755272	0.45590978
0.36072872	0.700721212
0.445784142	0.626096355
0.97687091	0.456861688
0.607877214	0.502653769
0.522276757	0.482513112
0.449343003	0.664095
0.417309126	0.621317455
0.636219932	0.612715381
0.486169234	0.666541943
0.448969963	0.687461411
0.34584692	0.69469736
0.455118673	0.519536632
0.777419399	0.551751213
0.481407318	0.7275394
0.556140688	0.672244615
0.392350325	0.706980795
0.323170847	0.648674549
0.374144048	0.475449582
0.574390225	0.684941884
0.408910854	0.519118552
0.519537563	0.583389977
0.505449439	0.739374488
0.352099074	0.445619744
0.395642403	0.526509696
0.419849728	0.691938195
0.715286777	0.538049078
0.439813599	0.552620759
0.325630916	0.636369734
0.320715649	0.095765848
0.403149756	0.747064663
0.400390676	0.24758152
0.574514737	0.59181794
0.747298798	0.496999778
0.56297252	0.649618206
0.361492	0.577600251
0.44316652	0.757477722
0.466984157	0.701904542
0.771789865	0.595874334
0.46362097	0.677023715
0.312120514	0.483736089
0.829547827	0.490316062
0.995519402	0.40694735
0.692927603	0.563053469
0.426951074	0.642296928
0.477257485	0.669940969
0.449749074	0.613111062
0.482943932	0.64504278
0.412881381	0.621171007
0.372426101	0.744559458
0.430236499	0.671792411
0.497733078	0.683320569
0.521876604	0.580470949
0.383919409	0.706733267
0.453861686	0.504337754
0.395202192	0.3942698
0.378321368	0.667123576
0.420735264	0.628546847
0.416580075	0.611437258
0.487666405	0.742551671
0.427738159	0.633600835
0.332246963	0.649419562
0.787620525	0.481205423
0.424250856	0.6706022
0.505036309	0.599625406
0.987683308	0.484205922
0.800199115	0.443265615
0.363506129	0.503439216
0.504706054	0.709380528
0.760885186	0.523431165
0.353567163	0.442458213
0.500705837	0.5311393
0.538181388	0.665054804
0.412684959	0.716961836
0.350011413	0.554818778
0.470819143	0.585940117
0.515266008	0.662471612
0.453284886	0.704392821
0.580933563	0.529373181
0.413420463	0.663631987
0.422376172	0.630755776
0.51242445	0.692269792
0.591287613	0.519263351
0.456507401	0.703369574
0.396150355	0.600663
0.541854268	0.529909384
0.39177663	0.754196911
0.453481231	0.669443072
0.41568224	0.768126476
0.462307392	0.710113348
0.497001955	0.711835832
0.32770433	0.457183173
0.477962302	0.525244763
0.353457062	0.523180372
0.468603822	0.601190989
0.377709983	0.569108232
0.341272672	0.709590449
0.485813054	0.652493603
0.544518141	0.635731485
0.432737726	0.67944373
0.993011938	0.603475076
0.338207874	0.591062996
0.420694038	0.712958655
0.351762455	0.569354404
0.533027917	0.660845733
0.420686469	0.65271019
0.400881266	0.657419548
0.382450388	0.57684149
0.847791854	0.566200981
0.446344183	0.710361619
0.68674213	0.353510383
0.450826673	0.727196062
0.532658022	0.518116854
0.451339203	0.519593656
0.372002538	0.600786796
0.390282836	0.607346887
0.818526345	0.553452089
0.566281297	0.550165556
0.52648726	0.49413435
0.549419158	0.709973834
0.441940594	0.71255754
0.534762155	0.653468131
0.392967576	0.518895821
0.63117282	0.533546733
0.404209568	0.678148807
0.479872747	0.614653111
0.529512089	0.606988274
0.595900578	0.606937576
0.385800337	0.582694408
0.557120886	0.302885143
0.517218921	0.679918513
0.457916857	0.580639443
0.464980163	0.648354317
0.506139477	0.621326893
0.431916106	0.631039971
0.515544262	0.578349238
0.378131203	0.558743633
0.62990156	0.658469377
0.577020647	0.651998482
0.502967161	0.721225749
0.365622628	0.619870412
0.466927366	0.631327135
0.333165818	0.732136546
0.433021574	0.686484475
0.988727889	0.130320774
0.482319203	0.741018483
0.560815769	0.562198118
0.470368087	0.686221932
0.561873524	0.581134251
0.500229921	0.427562903
0.663853529	0.568711244
0.410821341	0.746896472
0.5058419	0.594577084
0.410393118	0.681393854
0.515529733	0.735395312
0.426260506	0.731360643
0.762620962	0.634901361
0.458883478	0.671347555
0.467149135	0.718101469
0.452118012	0.621064493
0.504147324	0.683296355
0.700814453	0.586349516
0.63745668	0.370493451
0.564714006	0.653248862
0.499311713	0.608286337
0.514278353	0.672682659
0.507759978	0.62471472
0.443267228	0.712579014
0.388522707	0.634724494
0.9996807	0.478384709
0.343352964	0.364194945
0.475716276	0.753083959
0.323221177	0.56572399
0.438189462	0.692525764
0.406713782	0.726990159
0.438540562	0.730402554
0.418478777	0.499619113
0.69741642	0.556793722
0.593275359	0.656558561
0.813913551	0.549639367
0.406440806	0.650793238
0.454167049	0.642753514
0.462332455	0.520856695
0.567944405	0.575819402
0.4277331	0.368441038
0.427670375	0.497192896
0.426996485	0.710590861
0.388533865	0.697689323
0.538235689	0.67571197
0.455697534	0.44772915
0.473752705	0.67445791
0.590935471	0.491322032
0.377069901	0.652795994
0.520852377	0.653537577
0.493158722	0.48512683
0.754705859	0.552188516
0.385862396	0.639631257
0.473304024	0.640820133
0.43579725	0.586743258
0.458494341	0.760117096
0.33291137	0.436677173
0.641943066	0.581048119
0.340796328	0.509559844
0.468879762	0.722585864
0.367071513	0.626871987
0.737879089	0.554200405
0.764073112	0.490934692
0.32706359	0.066334777
0.52929555	0.570401687
0.484460633	0.266253639
0.455274016	0.612397401
0.478848122	0.600203924
0.485169412	0.727666322
0.499367819	0.646724583
0.550702584	0.533345906
0.449704671	0.717978238
0.998983569	0.557719686
0.452055957	0.630186056
0.732268827	0.446697728
0.387960319	0.654106743
0.382094515	0.745968607
0.360458806	0.468476742
0.590300892	0.660984002
0.361218895	0.697791189
0.318272104	0.633636706
0.552650199	0.574986402
0.436001535	0.683574055
0.394019707	0.507121627
0.918850549	0.583033276
0.46860782	0.43542263
0.609116208	0.638321953
0.361645169	0.689093109
0.60977101	0.618832149
0.37427629	0.661838306
0.477388761	0.70224308
0.362259241	0.639799857
0.475111143	0.762908584
0.436202864	0.664093807
0.448266711	0.610348974
0.890186904	0.480156341
0.332011711	0.511644709
0.481510109	0.707046757
0.461182438	0.723844938
0.323557365	0.695144361
0.364079241	0.523374337
0.446372571	0.659724381
0.427592807	0.561629097
0.585023344	0.609246109
0.799617648	0.605428241
0.352807157	0.700214822
0.945006325	0.488986544
0.417066806	0.451646638
0.522129638	0.663776039
0.986315657	0.573870102
0.366737573	0.604230858
0.415348058	0.731020968
0.558264793	0.693795949
0.442711914	0.572308536
0.505198841	0.637851929
0.539703717	0.683626122
0.431617482	0.684368891
0.524853024	0.5683208
0.42576477	0.485642774
0.615316874	0.519922744
0.782288072	0.599043014
0.432343137	0.717626878
0.400019379	0.530491698
0.920886904	0.622008207
0.521760982	0.714525142
0.397996925	0.614026092
0.537809408	0.635705342
0.511953709	0.499991978
0.997558443	0.530657438
0.381466907	0.634197661
0.411439701	0.525047315
0.312921267	0.561381784
0.953304959	0.526943347
0.384001074	0.407256217
0.743953933	0.565229863
0.454156461	0.514573619
0.466713815	0.74637632
0.334910574	0.461608129
0.445305809	0.5856021
0.506299321	0.651113468
0.477927032	0.63548002
0.436188361	0.784983751
0.39532027	0.644082677
0.497761984	0.698761589
0.366414003	0.599006622
0.488137712	0.668770732
0.381051765	0.636831927
0.373528016	0.759244866
0.510498054	0.626324649
0.539572369	0.632911039
0.3989437	0.502428985
0.999738703	0.563753483
0.380923725	0.613421826
0.471871545	0.66400122
0.728591346	0.572381259
0.889836495	0.441524924
0.469721406	0.675431384
0.47023155	0.707979487
0.465478706	0.655903081
0.402700321	0.62890631
0.400423374	0.609342879
0.393609892	0.585267703
0.426056316	0.558886584
0.440526895	0.660611097
0.476270634	0.626559629
0.377779612	0.596150649
0.565244332	0.589965677
0.416354274	0.668797208
0.841835071	0.532351224
0.465872942	0.642279271
0.393821655	0.58898064
0.410462472	0.719444988
0.382548541	0.575160856
0.44467621	0.625143781
0.456755822	0.755278102
0.427849139	0.635077687
0.334542972	0.132522324
0.988448587	0.454038346
0.403772395	0.543846205
0.465258785	0.72279833
0.391223271	0.54432453
0.400737527	0.648767665
0.488098869	0.744758682
0.590199392	0.619682572
0.375775579	0.400257141
0.535846577	0.565903478
0.475582347	0.617407059
0.516745182	0.703961935
0.38674293	0.716295725
0.338213687	0.398639013
0.466358386	0.687223239
0.428346473	0.567766811
0.411470687	0.61781398
0.351963402	0.728846033
0.540412527	0.664694438
0.877477024	0.545928838
0.455261602	0.682005845
0.424740672	0.526733298
0.376369649	0.675347057
0.43632898	0.691862381
0.458983834	0.698504475
0.609364756	0.116475828
0.541873164	0.650808305
0.353577696	0.485744212
0.345251169	0.595215182
0.398541399	0.725382593
0.80574702	0.624174209
0.553315845	0.54246379
0.670077905	0.607940103
0.720524997	0.476733984
0.67581405	0.588681275
0.466602444	0.675096125
0.446874461	0.747893068
0.432086839	0.545769497
0.34737864	0.290272774
0.508999403	0.477726233
0.517719641	0.738143035
0.410044742	0.300295268
0.369539492	0.637356748
0.413838856	0.379951061
0.432805572	0.785916435
0.54588001	0.6410085
0.99948958	0.464378222
0.334080098	0.619391592
0.393575357	0.574429383
0.393879502	0.682974748
0.999664701	0.525378
0.460970192	0.74288219
0.788834791	0.502606687
0.361212272	0.53863659
0.502400556	0.760577417
0.456969027	0.556756459
0.414894187	0.72486291
0.385119157	0.501751333
0.616342496	0.54474899
0.464531635	0.735657196
0.335995541	0.653771858
0.409862449	0.708896384
0.581797335	0.622949161
0.433736054	0.754953435
0.402949311	0.534379636
0.394563961	0.710384305
0.324916431	0.660434749
0.477902432	0.569868412
0.443130669	0.649798208
0.888792121	0.61259627
0.343845197	0.514218711
0.431671109	0.557145626
0.370396594	0.450537884
1	0.533698267
0.385031443	0.714476486
0.352522818	0.535615301
0.426835259	0.677008498
0.352048231	0.548222118
0.492534434	0.776272014
0.446106689	0.652922552
0.444565681	0.699186658
0.427257409	0.643621729
0.407805331	0.555634057
0.783996106	0.554941952
0.429793723	0.439994549
0.489547345	0.628212788
0.354809773	0.598567551
0.388896654	0.710620775
0.320066232	0.049030482
0.508023328	0.55893618
0.456777106	0.673838314
0.425825141	0.724442953
0.428532781	0.425996157
0.434234485	0.638431062
0.46006313	0.692208033
0.434737383	0.647664518
0.717340953	0.451403187
0.471815675	0.707330925
0.445105852	0.607333484
0.453162811	0.722615327
0.335145943	0.458656475
0.330633502	0.177974217
0.344172176	0.498044948
0.384369844	0.537477932
0.444071505	0.557939851
0.400186968	0.756331617
0.998162527	0.32968136
0.340126551	0.729285995
0.47497299	0.46105429
0.400361256	0.656479893
0.346772688	0.650210411
0.483863673	0.51869022
0.361935296	0.036191034
0.617152316	0.553078355
0.378693749	0.667804532
0.606654393	0.624219437
0.431143366	0.697283572
0.99999949	0.595589437
0.591030095	0.588631365
0.477095718	0.67681173
0.456035131	0.540072383
0.53827051	0.62562659
0.999913976	0.537520034
0.509000843	0.728484707
0.471467399	0.529937041
0.99858332	0.558024637
0.487434374	0.590142767
0.43471259	0.561582184
0.54208944	0.708804704
0.566808788	0.537170967
0.370567487	0.640357189
0.436173478	0.63861665
0.442477482	0.717024844
0.459133706	0.683428816
0.404676621	0.667729566
0.343798882	0.68290309
0.418066491	0.644373132
0.426039253	0.719362078
0.418174419	0.752804028
0.81942765	0.572490316
0.444483479	0.748923486
0.425276468	0.616050444
