epoch	scaling	#test	difAvg	0difAvg	accur	TP	TN	FP	FN	P	N	correct
note: difAvg error (squared) and 0-difAvg error (squared) are multiplied by 100
0	0.125	258	7077.2758	0.3702	0.0001	99.6124	0.0	0.3876	0.0	99.6124	0.3876	99.6124
0	0.15625	273	3596.7639	0.3527	0.0001	100.0	0.0	0.0	0.0	100.0	0.0	100.0
0	0.1875	272	2499.2833	0.3879	0.0002	100.0	0.0	0.0	0.0	100.0	0.0	100.0
0	0.21875	306	2025.0927	0.2478	0.0001	99.3464	0.0	0.6536	0.0	99.3464	0.6536	99.3464
0	0.25	268	1706.4133	0.453	0.0003	100.0	0.0	0.0	0.0	100.0	0.0	100.0
0	0.3125	285	998.5726	0.4376	0.0004	99.2982	0.0	0.7018	0.0	99.2982	0.7018	99.2982
0	0.375	269	706.4588	0.363	0.0005	100.0	0.0	0.0	0.0	100.0	0.0	100.0
0	0.4375	267	491.2983	0.3381	0.0007	100.0	0.0	0.0	0.0	100.0	0.0	100.0
0	0.5	267	392.0008	0.3713	0.0009	100.0	0.0	0.0	0.0	100.0	0.0	100.0
0	0.625	269	225.0043	0.2942	0.0013	99.6283	0.0	0.3717	0.0	99.6283	0.3717	99.6283
0	0.75	249	178.6595	0.3914	0.0022	99.5984	0.0	0.4016	0.0	99.5984	0.4016	99.5984
0	0.875	270	121.2732	0.376	0.0031	100.0	0.0	0.0	0.0	100.0	0.0	100.0
0	1	266	98.4362	0.2722	0.0028	99.6241	0.0	0.3759	0.0	99.6241	0.3759	99.6241
0	1.25	247	58.2498	0.2668	0.0046	99.5951	0.0	0.4049	0.0	99.5951	0.4049	99.5951
0	1.5	246	41.0859	0.294	0.0072	99.5935	0.0	0.4065	0.0	99.5935	0.4065	99.5935
0	1.75	265	32.0651	0.3866	0.0121	100.0	0.0	0.0	0.0	100.0	0.0	100.0
0	2	241	22.4599	0.4132	0.0184	99.5851	0.0	0.4149	0.0	99.5851	0.4149	99.5851
0	2.5	281	15.3897	0.4176	0.0271	100.0	0.0	0.0	0.0	100.0	0.0	100.0
0	3	270	10.6543	0.3485	0.0327	100.0	0.0	0.0	0.0	100.0	0.0	100.0
0	3.5	259	7.3458	0.491	0.0668	98.8417	0.0	0.7722	0.3861	99.2278	0.7722	98.8417
0	4	269	5.3089	0.4072	0.0767	99.6283	0.0	0.3717	0.0	99.6283	0.3717	99.6283
0	5	267	3.4177	0.4495	0.1315	99.2509	0.0	0.3745	0.3745	99.6255	0.3745	99.2509
0	6	259	2.4991	0.31	0.124	99.6139	0.0	0.3861	0.0	99.6139	0.3861	99.6139
0	7	262	1.7525	0.2163	0.1234	100.0	0.0	0.0	0.0	100.0	0.0	100.0
0	8	282	1.5252	0.4631	0.3036	100.0	0.0	0.0	0.0	100.0	0.0	100.0
0	10	253	0.8705	0.2666	0.3063	99.6047	0.0	0.3953	0.0	99.6047	0.3953	99.6047
0	12	273	0.6957	0.3793	0.5451	99.2674	0.0	0.7326	0.0	99.2674	0.7326	99.2674
0	14	276	0.516	0.2821	0.5468	100.0	0.0	0.0	0.0	100.0	0.0	100.0
0	16	265	0.4961	0.3469	0.6993	99.6226	0.0	0.3774	0.0	99.6226	0.3774	99.6226
0	20	268	0.4158	0.4335	1.0424	100.0	0.0	0.0	0.0	100.0	0.0	100.0
0	24	241	0.2739	0.2594	0.9469	100.0	0.0	0.0	0.0	100.0	0.0	100.0
0	28	295	0.3989	0.4121	1.0333	100.0	0.0	0.0	0.0	100.0	0.0	100.0
0	32	270	0.3637	0.4094	1.1257	99.6296	0.0	0.3704	0.0	99.6296	0.3704	99.6296
0	40	253	0.3115	0.3375	1.0834	99.6047	0.0	0.3953	0.0	99.6047	0.3953	99.6047
0	48	280	0.3985	0.4396	1.103	99.2857	0.0	0.7143	0.0	99.2857	0.7143	99.2857
0	56	262	0.1989	0.2161	1.0866	99.6183	0.0	0.3817	0.0	99.6183	0.3817	99.6183
0	64	296	0.4172	0.4722	1.1321	100.0	0.0	0.0	0.0	100.0	0.0	100.0
0	80	263	0.2205	0.2504	1.136	100.0	0.0	0.0	0.0	100.0	0.0	100.0
0	96	239	0.2585	0.2899	1.1214	99.1632	0.0	0.8368	0.0	99.1632	0.8368	99.1632
0	112	258	0.2228	0.2528	1.1348	99.6124	0.0	0.3876	0.0	99.6124	0.3876	99.6124
0	128	260	0.3933	0.4358	1.108	100.0	0.0	0.0	0.0	100.0	0.0	100.0
0	160	276	0.3712	0.3936	1.0603	100.0	0.0	0.0	0.0	100.0	0.0	100.0
0	192	278	0.3146	0.3243	1.0307	99.6403	0.0	0.0	0.3597	100.0	0.0	99.6403
0	224	227	0.3397	0.3555	1.0466	99.5595	0.0	0.4405	0.0	99.5595	0.4405	99.5595
0	256	296	0.2876	0.3068	1.0665	99.3243	0.0	0.6757	0.0	99.3243	0.6757	99.3243
0	320	271	0.2608	0.2698	1.0347	100.0	0.0	0.0	0.0	100.0	0.0	100.0
0	384	270	0.4017	0.4142	1.031	100.0	0.0	0.0	0.0	100.0	0.0	100.0
0	448	262	0.3134	0.3214	1.0257	99.6183	0.0	0.3817	0.0	99.6183	0.3817	99.6183
0	512	255	0.2577	0.2656	1.0307	100.0	0.0	0.0	0.0	100.0	0.0	100.0
0	640	250	0.2507	0.2556	1.0197	99.2	0.0	0.8	0.0	99.2	0.8	99.2
0	768	251	0.2097	0.2136	1.0189	100.0	0.0	0.0	0.0	100.0	0.0	100.0
0	896	285	0.3744	0.3784	1.0105	99.6491	0.0	0.3509	0.0	99.6491	0.3509	99.6491
0	1024	248	0.4828	0.4877	1.01	100.0	0.0	0.0	0.0	100.0	0.0	100.0
0	1280	270	0.2037	0.2069	1.0154	100.0	0.0	0.0	0.0	100.0	0.0	100.0
0	1536	271	0.4948	0.4978	1.0062	99.631	0.0	0.369	0.0	99.631	0.369	99.631
0	1792	291	0.2019	0.2042	1.011	100.0	0.0	0.0	0.0	100.0	0.0	100.0
0	2048	258	0.3867	0.3887	1.0052	100.0	0.0	0.0	0.0	100.0	0.0	100.0
0	2560	293	0.3843	0.3857	1.0038	99.3174	0.0	0.6826	0.0	99.3174	0.6826	99.3174
0	3072	257	0.4076	0.409	1.0034	100.0	0.0	0.0	0.0	100.0	0.0	100.0
0	3584	253	0.3203	0.3209	1.0021	99.6047	0.0	0.3953	0.0	99.6047	0.3953	99.6047
0	4096	270	0.2562	0.2573	1.0044	99.6296	0.0	0.3704	0.0	99.6296	0.3704	99.6296
0	5120	268	0.2274	0.228	1.0026	100.0	0.0	0.0	0.0	100.0	0.0	100.0
0	6144	247	0.1727	0.1732	1.0025	99.5951	0.0	0.4049	0.0	99.5951	0.4049	99.5951
0	7168	268	0.2555	0.2563	1.0031	100.0	0.0	0.0	0.0	100.0	0.0	100.0
0	8192	249	0.1577	0.158	1.0022	100.0	0.0	0.0	0.0	100.0	0.0	100.0
0	10240	253	0.3424	0.3428	1.0013	100.0	0.0	0.0	0.0	100.0	0.0	100.0
0	12288	243	0.3456	0.3459	1.0009	99.5885	0.0	0.4115	0.0	99.5885	0.4115	99.5885
0	14336	250	0.5237	0.5239	1.0004	98.8	0.0	0.4	0.8	99.6	0.4	98.8
0	16384	293	0.3743	0.3745	1.0005	99.6587	0.0	0.3413	0.0	99.6587	0.3413	99.6587
0	20480	232	0.4641	0.4645	1.0009	100.0	0.0	0.0	0.0	100.0	0.0	100.0
0	24576	254	0.3576	0.3579	1.0006	100.0	0.0	0.0	0.0	100.0	0.0	100.0
0	28672	294	0.3801	0.3802	1.0003	100.0	0.0	0.0	0.0	100.0	0.0	100.0
0	32768	281	0.3182	0.3183	1.0004	100.0	0.0	0.0	0.0	100.0	0.0	100.0
0	40960	283	0.4266	0.4267	1.0002	99.6466	0.0	0.0	0.3534	100.0	0.0	99.6466
0	2147483647	264	0.2294	0.2294	1.0	100.0	0.0	0.0	0.0	100.0	0.0	100.0
0	2147483647	280	0.324	0.324	1.0	100.0	0.0	0.0	0.0	100.0	0.0	100.0
0	2147483647	255	0.2955	0.2955	1.0	99.6078	0.0	0.3922	0.0	99.6078	0.3922	99.6078
0	2147483647	255	0.3697	0.3697	1.0	100.0	0.0	0.0	0.0	100.0	0.0	100.0
0	2147483647	266	0.3696	0.3696	1.0	99.6241	0.0	0.0	0.3759	100.0	0.0	99.6241
0	2147483647	282	0.3129	0.3129	1.0	99.6454	0.0	0.0	0.3546	100.0	0.0	99.6454
0	2147483647	258	0.3106	0.3106	1.0	99.6124	0.0	0.3876	0.0	99.6124	0.3876	99.6124
0	2147483647	261	0.4315	0.4315	1.0	99.6169	0.0	0.3831	0.0	99.6169	0.3831	99.6169
0	2147483647	269	0.2278	0.2278	1.0	99.6283	0.0	0.3717	0.0	99.6283	0.3717	99.6283
0	2147483647	255	0.3344	0.3344	1.0	99.6078	0.0	0.0	0.3922	100.0	0.0	99.6078
0	2147483647	251	0.359	0.359	1.0	100.0	0.0	0.0	0.0	100.0	0.0	100.0
0	2147483647	281	0.3588	0.3588	1.0	100.0	0.0	0.0	0.0	100.0	0.0	100.0
0	2147483647	284	0.4008	0.4008	1.0	100.0	0.0	0.0	0.0	100.0	0.0	100.0
0	2147483647	260	0.4216	0.4216	1.0	100.0	0.0	0.0	0.0	100.0	0.0	100.0
0	2147483647	262	0.298	0.298	1.0	99.6183	0.0	0.3817	0.0	99.6183	0.3817	99.6183
0	2147483647	287	0.3251	0.3251	1.0	100.0	0.0	0.0	0.0	100.0	0.0	100.0
1	0.125	261	3312.7179	0.3009	0.0001	95.7854	0.0	0.0	4.2146	100.0	0.0	95.7854
1	0.15625	261	2205.1767	0.6377	0.0003	98.4674	0.0	0.7663	0.7663	99.2337	0.7663	98.4674
1	0.1875	257	1338.9048	0.3241	0.0002	91.8288	0.0	0.3891	7.7821	99.6109	0.3891	91.8288
1	0.21875	261	1211.0362	0.3948	0.0003	90.4215	0.0	0.3831	9.1954	99.6169	0.3831	90.4215
1	0.25	273	720.9012	0.3178	0.0004	89.7436	0.0	0.7326	9.5238	99.2674	0.7326	89.7436
1	0.3125	287	590.3085	0.4129	0.0007	92.3345	0.0	0.0	7.6655	100.0	0.0	92.3345
1	0.375	264	337.0092	0.329	0.001	89.0152	0.0	0.3788	10.6061	99.6212	0.3788	89.0152
1	0.4375	252	297.3655	0.2406	0.0008	96.0317	0.0	0.0	3.9683	100.0	0.0	96.0317
1	0.5	271	217.2626	0.2203	0.001	92.6199	0.0	0.0	7.3801	100.0	0.0	92.6199
1	0.625	245	148.5301	0.2953	0.002	95.9184	0.0	0.8163	3.2653	99.1837	0.8163	95.9184
1	0.75	263	97.1182	0.2966	0.0031	95.057	0.0	0.0	4.943	100.0	0.0	95.057
1	0.875	271	63.2665	0.4159	0.0066	88.9299	0.0	0.0	11.0701	100.0	0.0	88.9299
1	1	261	48.7491	0.2227	0.0046	98.0843	0.0	0.0	1.9157	100.0	0.0	98.0843
1	1.25	256	33.6191	0.2497	0.0074	98.4375	0.0	0.3906	1.1719	99.6094	0.3906	98.4375
1	1.5	250	28.253	0.3525	0.0125	98.0	0.0	0.4	1.6	99.6	0.4	98.0
1	1.75	283	18.572	0.3843	0.0207	95.4064	0.0	0.3534	4.2403	99.6466	0.3534	95.4064
1	2	240	12.7437	0.4553	0.0357	92.9167	0.0	0.4167	6.6667	99.5833	0.4167	92.9167
1	2.5	239	6.7654	0.3314	0.049	93.7238	0.0	0.4184	5.8577	99.5816	0.4184	93.7238
1	3	268	6.5892	0.384	0.0583	99.6269	0.0	0.3731	0.0	99.6269	0.3731	99.6269
1	3.5	260	5.299	0.4816	0.0909	99.2308	0.0	0.3846	0.3846	99.6154	0.3846	99.2308
1	4	285	3.1952	0.4044	0.1266	99.6491	0.0	0.0	0.3509	100.0	0.0	99.6491
1	5	257	1.7129	0.3655	0.2134	100.0	0.0	0.0	0.0	100.0	0.0	100.0
1	6	270	1.7021	0.2486	0.146	100.0	0.0	0.0	0.0	100.0	0.0	100.0
1	7	269	1.1788	0.269	0.2282	99.6283	0.0	0.3717	0.0	99.6283	0.3717	99.6283
1	8	260	1.1075	0.4996	0.4511	100.0	0.0	0.0	0.0	100.0	0.0	100.0
1	10	258	0.754	0.5362	0.7112	100.0	0.0	0.0	0.0	100.0	0.0	100.0
1	12	248	0.5213	0.3051	0.5852	100.0	0.0	0.0	0.0	100.0	0.0	100.0
1	14	268	0.3951	0.3165	0.8009	100.0	0.0	0.0	0.0	100.0	0.0	100.0
1	16	249	0.3332	0.375	1.1254	100.0	0.0	0.0	0.0	100.0	0.0	100.0
1	20	288	0.387	0.4807	1.2422	99.6528	0.0	0.3472	0.0	99.6528	0.3472	99.6528
1	24	264	0.2231	0.4206	1.8854	100.0	0.0	0.0	0.0	100.0	0.0	100.0
1	28	273	0.3142	0.344	1.0948	99.6337	0.0	0.3663	0.0	99.6337	0.3663	99.6337
1	32	248	0.2224	0.3056	1.3739	100.0	0.0	0.0	0.0	100.0	0.0	100.0
1	40	265	0.2336	0.3073	1.3154	100.0	0.0	0.0	0.0	100.0	0.0	100.0
1	48	257	0.3671	0.483	1.3158	99.6109	0.0	0.3891	0.0	99.6109	0.3891	99.6109
1	56	257	0.2754	0.3715	1.3486	99.6109	0.0	0.3891	0.0	99.6109	0.3891	99.6109
1	64	276	0.293	0.3733	1.2741	100.0	0.0	0.0	0.0	100.0	0.0	100.0
1	80	281	0.2326	0.3104	1.3343	99.6441	0.0	0.3559	0.0	99.6441	0.3559	99.6441
1	96	256	0.3336	0.4014	1.2032	100.0	0.0	0.0	0.0	100.0	0.0	100.0
1	112	265	0.3899	0.4494	1.1527	99.2453	0.0	0.7547	0.0	99.2453	0.7547	99.2453
1	128	269	0.2909	0.3385	1.1638	100.0	0.0	0.0	0.0	100.0	0.0	100.0
1	160	273	0.2234	0.2679	1.1996	99.6337	0.0	0.3663	0.0	99.6337	0.3663	99.6337
1	192	272	0.1895	0.2117	1.1173	100.0	0.0	0.0	0.0	100.0	0.0	100.0
1	224	292	0.1831	0.2222	1.2138	100.0	0.0	0.0	0.0	100.0	0.0	100.0
1	256	262	0.3063	0.3326	1.0859	100.0	0.0	0.0	0.0	100.0	0.0	100.0
1	320	257	0.5196	0.5549	1.0678	99.6109	0.0	0.3891	0.0	99.6109	0.3891	99.6109
1	384	279	0.1638	0.1755	1.0713	100.0	0.0	0.0	0.0	100.0	0.0	100.0
1	448	264	0.1942	0.2102	1.0822	100.0	0.0	0.0	0.0	100.0	0.0	100.0
1	512	273	0.3421	0.3687	1.0777	100.0	0.0	0.0	0.0	100.0	0.0	100.0
1	640	258	0.2763	0.2872	1.0397	99.6124	0.0	0.3876	0.0	99.6124	0.3876	99.6124
1	768	275	0.3922	0.4023	1.0257	99.2727	0.0	0.7273	0.0	99.2727	0.7273	99.2727
1	896	254	0.3875	0.3995	1.031	100.0	0.0	0.0	0.0	100.0	0.0	100.0
1	1024	243	0.349	0.3548	1.0166	100.0	0.0	0.0	0.0	100.0	0.0	100.0
1	1280	257	0.2603	0.2655	1.0201	100.0	0.0	0.0	0.0	100.0	0.0	100.0
1	1536	255	0.2666	0.2696	1.0111	100.0	0.0	0.0	0.0	100.0	0.0	100.0
1	1792	265	0.4206	0.4248	1.0098	99.6226	0.0	0.3774	0.0	99.6226	0.3774	99.6226
1	2048	257	0.4179	0.4214	1.0085	100.0	0.0	0.0	0.0	100.0	0.0	100.0
1	2560	260	0.3087	0.3134	1.015	100.0	0.0	0.0	0.0	100.0	0.0	100.0
1	3072	259	0.4669	0.4686	1.0037	100.0	0.0	0.0	0.0	100.0	0.0	100.0
1	3584	295	0.4532	0.4571	1.0087	99.661	0.0	0.339	0.0	99.661	0.339	99.661
1	4096	275	0.2727	0.2738	1.0039	99.6364	0.0	0.3636	0.0	99.6364	0.3636	99.6364
1	5120	244	0.3948	0.3967	1.0048	100.0	0.0	0.0	0.0	100.0	0.0	100.0
1	6144	247	0.3427	0.3442	1.0045	99.5951	0.0	0.4049	0.0	99.5951	0.4049	99.5951
1	7168	275	0.3904	0.3917	1.0034	100.0	0.0	0.0	0.0	100.0	0.0	100.0
1	8192	285	0.4897	0.4911	1.0029	100.0	0.0	0.0	0.0	100.0	0.0	100.0
1	10240	258	0.3021	0.303	1.0028	100.0	0.0	0.0	0.0	100.0	0.0	100.0
1	12288	254	0.2888	0.2892	1.0013	99.2126	0.0	0.7874	0.0	99.2126	0.7874	99.2126
1	14336	268	0.2188	0.2191	1.0013	100.0	0.0	0.0	0.0	100.0	0.0	100.0
1	16384	249	0.4564	0.457	1.0014	99.5984	0.0	0.4016	0.0	99.5984	0.4016	99.5984
1	20480	261	0.4985	0.4991	1.0012	99.6169	0.0	0.3831	0.0	99.6169	0.3831	99.6169
1	24576	277	0.2135	0.2139	1.0015	100.0	0.0	0.0	0.0	100.0	0.0	100.0
1	28672	292	0.6423	0.6431	1.0012	99.3151	0.0	0.6849	0.0	99.3151	0.6849	99.3151
1	32768	264	0.3193	0.3196	1.001	100.0	0.0	0.0	0.0	100.0	0.0	100.0
1	40960	257	0.3348	0.335	1.0006	99.6109	0.0	0.3891	0.0	99.6109	0.3891	99.6109
1	2147483647	245	0.4376	0.4376	1.0	100.0	0.0	0.0	0.0	100.0	0.0	100.0
1	2147483647	246	0.2274	0.2274	1.0	99.5935	0.0	0.4065	0.0	99.5935	0.4065	99.5935
1	2147483647	247	0.4008	0.4008	1.0	100.0	0.0	0.0	0.0	100.0	0.0	100.0
1	2147483647	281	0.2089	0.2089	1.0	99.6441	0.0	0.3559	0.0	99.6441	0.3559	99.6441
1	2147483647	252	0.223	0.223	1.0	99.6032	0.0	0.3968	0.0	99.6032	0.3968	99.6032
1	2147483647	270	0.3927	0.3927	1.0	99.6296	0.0	0.3704	0.0	99.6296	0.3704	99.6296
1	2147483647	266	0.2062	0.2062	1.0	99.6241	0.0	0.3759	0.0	99.6241	0.3759	99.6241
1	2147483647	264	0.2374	0.2374	1.0	100.0	0.0	0.0	0.0	100.0	0.0	100.0
1	2147483647	261	0.3904	0.3904	1.0	100.0	0.0	0.0	0.0	100.0	0.0	100.0
1	2147483647	272	0.1356	0.1356	1.0	99.2647	0.0	0.7353	0.0	99.2647	0.7353	99.2647
1	2147483647	250	0.3817	0.3817	1.0	100.0	0.0	0.0	0.0	100.0	0.0	100.0
1	2147483647	230	0.3171	0.3171	1.0	100.0	0.0	0.0	0.0	100.0	0.0	100.0
1	2147483647	260	0.2818	0.2818	1.0	100.0	0.0	0.0	0.0	100.0	0.0	100.0
1	2147483647	281	0.2687	0.2687	1.0	99.2883	0.0	0.7117	0.0	99.2883	0.7117	99.2883
1	2147483647	253	0.2944	0.2944	1.0	100.0	0.0	0.0	0.0	100.0	0.0	100.0
1	2147483647	259	0.4355	0.4355	1.0	100.0	0.0	0.0	0.0	100.0	0.0	100.0
2	0.125	258	1279.8084	0.2925	0.0002	81.7829	0.0	0.0	18.2171	100.0	0.0	81.7829
2	0.15625	254	925.8178	0.239	0.0003	90.5512	0.0	0.3937	9.0551	99.6063	0.3937	90.5512
2	0.1875	274	491.9771	0.3205	0.0007	72.9927	0.0	0.365	26.6423	99.635	0.365	72.9927
2	0.21875	262	571.4447	0.2891	0.0005	80.1527	0.0	0.3817	19.4656	99.6183	0.3817	80.1527
2	0.25	258	298.7319	0.3639	0.0012	70.9302	0.3876	0.3876	28.2946	99.2248	0.7752	71.3178
2	0.3125	264	419.7288	0.4853	0.0012	88.6364	0.0	0.3788	10.9848	99.6212	0.3788	88.6364
2	0.375	255	299.8062	0.4576	0.0015	81.5686	0.0	0.0	18.4314	100.0	0.0	81.5686
2	0.4375	234	74.5734	0.3206	0.0043	70.0855	0.0	0.4274	29.4872	99.5726	0.4274	70.0855
2	0.5	241	33.8001	0.2628	0.0078	78.0083	0.0	0.0	21.9917	100.0	0.0	78.0083
2	0.625	270	31.9394	0.4328	0.0136	71.8519	0.0	0.3704	27.7778	99.6296	0.3704	71.8519
2	0.75	268	25.7549	0.3424	0.0133	77.9851	0.0	0.0	22.0149	100.0	0.0	77.9851
2	0.875	270	25.9452	0.4338	0.0167	78.5185	0.0	0.0	21.4815	100.0	0.0	78.5185
2	1	288	31.5436	0.4002	0.0127	81.9444	0.3472	0.3472	17.3611	99.3056	0.6944	82.2917
2	1.25	259	9.8655	0.2326	0.0236	84.1699	0.0	0.0	15.8301	100.0	0.0	84.1699
2	1.5	286	7.4801	0.3459	0.0462	79.3706	0.0	0.3497	20.2797	99.6503	0.3497	79.3706
2	1.75	250	3.3532	0.4823	0.1438	78.4	0.0	0.4	21.2	99.6	0.4	78.4
2	2	266	7.1417	0.4011	0.0562	81.9549	0.0	0.3759	17.6692	99.6241	0.3759	81.9549
2	2.5	266	1.1043	0.3942	0.357	85.3383	0.0	0.0	14.6617	100.0	0.0	85.3383
2	3	258	2.7638	0.2406	0.0871	89.9225	0.0	0.0	10.0775	100.0	0.0	89.9225
2	3.5	272	1.2328	0.5291	0.4292	79.7794	0.0	0.0	20.2206	100.0	0.0	79.7794
2	4	258	0.8468	0.5625	0.6643	96.124	0.0	0.0	3.876	100.0	0.0	96.124
2	5	263	0.9523	0.3961	0.4159	99.2395	0.0	0.7605	0.0	99.2395	0.7605	99.2395
2	6	269	0.5548	0.4906	0.8843	97.3978	0.0	0.0	2.6022	100.0	0.0	97.3978
2	7	273	0.3326	0.3069	0.9226	99.6337	0.0	0.0	0.3663	100.0	0.0	99.6337
2	8	265	0.5231	0.4965	0.9491	100.0	0.0	0.0	0.0	100.0	0.0	100.0
2	10	301	0.2695	0.4036	1.4976	94.3522	0.0	0.0	5.6478	100.0	0.0	94.3522
2	12	265	0.363	0.4078	1.1234	100.0	0.0	0.0	0.0	100.0	0.0	100.0
2	14	277	0.2712	0.3523	1.2992	100.0	0.0	0.0	0.0	100.0	0.0	100.0
2	16	249	0.2272	0.3323	1.4624	99.5984	0.0	0.4016	0.0	99.5984	0.4016	99.5984
2	20	234	0.2671	0.383	1.434	99.1453	0.0	0.4274	0.4274	99.5726	0.4274	99.1453
2	24	250	0.1841	0.304	1.6508	100.0	0.0	0.0	0.0	100.0	0.0	100.0
2	28	240	0.3115	0.5218	1.6748	99.5833	0.0	0.4167	0.0	99.5833	0.4167	99.5833
2	32	280	0.0976	0.2144	2.1975	100.0	0.0	0.0	0.0	100.0	0.0	100.0
2	40	252	0.2995	0.469	1.5661	100.0	0.0	0.0	0.0	100.0	0.0	100.0
2	48	260	0.1038	0.2009	1.9363	99.6154	0.0	0.3846	0.0	99.6154	0.3846	99.6154
2	56	271	0.1813	0.3774	2.0814	99.631	0.0	0.369	0.0	99.631	0.369	99.631
2	64	266	0.0936	0.1617	1.7275	99.6241	0.0	0.3759	0.0	99.6241	0.3759	99.6241
2	80	252	0.1825	0.2527	1.3849	100.0	0.0	0.0	0.0	100.0	0.0	100.0
2	96	273	0.2935	0.3598	1.2258	99.2674	0.0	0.7326	0.0	99.2674	0.7326	99.2674
2	112	264	0.1528	0.2232	1.4605	100.0	0.0	0.0	0.0	100.0	0.0	100.0
2	128	241	0.3509	0.3987	1.1362	99.1701	0.0	0.8299	0.0	99.1701	0.8299	99.1701
2	160	288	0.1369	0.2105	1.5373	99.6528	0.0	0.3472	0.0	99.6528	0.3472	99.6528
2	192	256	0.1498	0.1992	1.3296	99.6094	0.0	0.3906	0.0	99.6094	0.3906	99.6094
2	224	271	0.3464	0.4089	1.1804	100.0	0.0	0.0	0.0	100.0	0.0	100.0
2	256	270	0.2802	0.3193	1.1394	99.6296	0.0	0.3704	0.0	99.6296	0.3704	99.6296
2	320	251	0.2425	0.2581	1.0646	99.6016	0.0	0.3984	0.0	99.6016	0.3984	99.6016
2	384	271	0.3186	0.3425	1.075	99.262	0.0	0.738	0.0	99.262	0.738	99.262
2	448	268	0.4605	0.4918	1.0682	100.0	0.0	0.0	0.0	100.0	0.0	100.0
2	512	259	0.2394	0.2619	1.094	100.0	0.0	0.0	0.0	100.0	0.0	100.0
2	640	234	0.1921	0.2145	1.1163	99.5726	0.0	0.4274	0.0	99.5726	0.4274	99.5726
2	768	274	0.2604	0.2729	1.0479	100.0	0.0	0.0	0.0	100.0	0.0	100.0
2	896	285	0.3381	0.3588	1.061	100.0	0.0	0.0	0.0	100.0	0.0	100.0
2	1024	274	0.5291	0.5436	1.0276	100.0	0.0	0.0	0.0	100.0	0.0	100.0
2	1280	261	0.1822	0.1905	1.0455	99.6169	0.0	0.3831	0.0	99.6169	0.3831	99.6169
2	1536	278	0.4216	0.4321	1.0247	99.6403	0.0	0.3597	0.0	99.6403	0.3597	99.6403
2	1792	252	0.1936	0.1984	1.0248	99.2063	0.0	0.7937	0.0	99.2063	0.7937	99.2063
2	2048	250	0.3163	0.3227	1.0201	99.2	0.0	0.8	0.0	99.2	0.8	99.2
2	2560	267	0.2577	0.2612	1.0136	99.6255	0.0	0.3745	0.0	99.6255	0.3745	99.6255
2	3072	247	0.3271	0.3342	1.0215	99.5951	0.0	0.4049	0.0	99.5951	0.4049	99.5951
2	3584	249	0.2925	0.295	1.0084	100.0	0.0	0.0	0.0	100.0	0.0	100.0
2	4096	265	0.3502	0.3535	1.0094	99.6226	0.0	0.3774	0.0	99.6226	0.3774	99.6226
2	5120	279	0.4839	0.4885	1.0094	99.6416	0.0	0.3584	0.0	99.6416	0.3584	99.6416
2	6144	273	0.3773	0.3799	1.0068	99.6337	0.0	0.3663	0.0	99.6337	0.3663	99.6337
2	7168	279	0.3554	0.3575	1.006	99.2832	0.0	0.7168	0.0	99.2832	0.7168	99.2832
2	8192	253	0.3634	0.3652	1.0049	100.0	0.0	0.0	0.0	100.0	0.0	100.0
2	10240	257	0.2658	0.2667	1.0033	100.0	0.0	0.0	0.0	100.0	0.0	100.0
2	12288	255	0.3766	0.3778	1.0032	100.0	0.0	0.0	0.0	100.0	0.0	100.0
2	14336	274	0.3688	0.3701	1.0036	100.0	0.0	0.0	0.0	100.0	0.0	100.0
2	16384	274	0.4827	0.4838	1.0022	100.0	0.0	0.0	0.0	100.0	0.0	100.0
2	20480	243	0.1499	0.1503	1.0028	99.5885	0.0	0.4115	0.0	99.5885	0.4115	99.5885
2	24576	279	0.4397	0.4409	1.0026	99.6416	0.0	0.3584	0.0	99.6416	0.3584	99.6416
2	28672	275	0.2493	0.2497	1.0016	100.0	0.0	0.0	0.0	100.0	0.0	100.0
2	32768	273	0.4436	0.4441	1.0011	99.6337	0.0	0.3663	0.0	99.6337	0.3663	99.6337
2	40960	253	0.3669	0.3672	1.0006	100.0	0.0	0.0	0.0	100.0	0.0	100.0
2	2147483647	273	0.3639	0.3639	1.0	99.2674	0.0	0.7326	0.0	99.2674	0.7326	99.2674
2	2147483647	270	0.3237	0.3237	1.0	100.0	0.0	0.0	0.0	100.0	0.0	100.0
2	2147483647	279	0.3742	0.3742	1.0	100.0	0.0	0.0	0.0	100.0	0.0	100.0
2	2147483647	274	0.3298	0.3298	1.0	100.0	0.0	0.0	0.0	100.0	0.0	100.0
2	2147483647	257	0.2539	0.2539	1.0	99.6109	0.0	0.3891	0.0	99.6109	0.3891	99.6109
2	2147483647	255	0.4344	0.4344	1.0	99.6078	0.0	0.3922	0.0	99.6078	0.3922	99.6078
2	2147483647	260	0.26	0.26	1.0	100.0	0.0	0.0	0.0	100.0	0.0	100.0
2	2147483647	218	0.3088	0.3088	1.0	100.0	0.0	0.0	0.0	100.0	0.0	100.0
2	2147483647	245	0.2343	0.2343	1.0	100.0	0.0	0.0	0.0	100.0	0.0	100.0
2	2147483647	249	0.301	0.301	1.0	100.0	0.0	0.0	0.0	100.0	0.0	100.0
2	2147483647	266	0.5966	0.3573	0.5988	100.0	0.0	0.0	0.0	100.0	0.0	100.0
2	2147483647	250	0.4396	0.4396	1.0	99.2	0.0	0.8	0.0	99.2	0.8	99.2
2	2147483647	261	0.9047	0.4391	0.4853	99.6169	0.0	0.3831	0.0	99.6169	0.3831	99.6169
2	2147483647	272	0.3542	0.3542	1.0	100.0	0.0	0.0	0.0	100.0	0.0	100.0
2	2147483647	302	0.3093	0.3093	1.0	99.6689	0.0	0.3311	0.0	99.6689	0.3311	99.6689
2	2147483647	247	0.3316	0.3316	1.0	99.5951	0.0	0.4049	0.0	99.5951	0.4049	99.5951
25	0.125	286	1.8447	0.3658	0.1983	35.6643	0.0	0.0	64.3357	100.0	0.0	35.6643
25	0.15625	241	2.0357	0.261	0.1282	73.029	0.0	0.0	26.971	100.0	0.0	73.029
25	0.1875	287	0.6468	0.2991	0.4625	59.2334	0.0	0.3484	40.4181	99.6516	0.3484	59.2334
25	0.21875	250	1.9425	0.2872	0.1478	63.6	0.0	0.0	36.4	100.0	0.0	63.6
25	0.25	244	0.4805	0.3077	0.6402	57.7869	0.0	0.0	42.2131	100.0	0.0	57.7869
25	0.3125	265	0.2961	0.203	0.6857	76.9811	0.0	0.3774	22.6415	99.6226	0.3774	76.9811
25	0.375	281	0.5457	0.3666	0.6718	65.1246	0.0	0.3559	34.5196	99.6441	0.3559	65.1246
25	0.4375	263	0.5197	0.3028	0.5826	36.8821	0.3802	0.0	62.7376	99.6198	0.3802	37.2624
25	0.5	249	0.4157	0.3945	0.9491	42.5703	0.0	0.0	57.4297	100.0	0.0	42.5703
25	0.625	264	0.2822	0.2903	1.0286	87.5	0.0	0.3788	12.1212	99.6212	0.3788	87.5
25	0.75	263	0.1704	0.4654	2.7306	90.1141	0.0	0.0	9.8859	100.0	0.0	90.1141
25	0.875	252	0.1011	0.2837	2.8068	43.6508	0.0	0.3968	55.9524	99.6032	0.3968	43.6508
25	1	282	0.0819	0.1863	2.2748	95.7447	0.0	0.0	4.2553	100.0	0.0	95.7447
25	1.25	249	0.0998	0.3495	3.5029	34.5382	0.0	0.8032	64.6586	99.1968	0.8032	34.5382
25	1.5	258	0.1389	0.3802	2.736	96.124	0.0	0.3876	3.4884	99.6124	0.3876	96.124
25	1.75	224	0.0371	0.1883	5.0725	91.9643	0.0	0.0	8.0357	100.0	0.0	91.9643
25	2	268	0.2191	0.4259	1.9439	38.806	0.0	0.3731	60.8209	99.6269	0.3731	38.806
25	2.5	263	0.1715	0.4636	2.7027	92.3954	0.0	0.0	7.6046	100.0	0.0	92.3954
25	3	259	0.0789	0.4503	5.7065	96.139	0.0	0.3861	3.4749	99.6139	0.3861	96.139
25	3.5	255	0.1007	0.2125	2.1104	96.4706	0.0	0.0	3.5294	100.0	0.0	96.4706
25	4	280	0.0978	0.3103	3.1741	93.5714	0.0	0.3571	6.0714	99.6429	0.3571	93.5714
25	5	250	0.0359	0.2019	5.6255	89.6	0.4	0.0	10.0	99.6	0.4	90.0
25	6	265	0.122	0.4219	3.4592	83.7736	0.3774	0.0	15.8491	99.6226	0.3774	84.1509
25	7	267	0.0579	0.3492	6.0323	53.5581	0.0	0.0	46.4419	100.0	0.0	53.5581
25	8	237	0.0795	0.2004	2.519	98.3122	0.0	0.8439	0.8439	99.1561	0.8439	98.3122
25	10	242	0.092	0.3124	3.3961	99.5868	0.0	0.4132	0.0	99.5868	0.4132	99.5868
25	12	269	0.1615	0.4846	3.0013	97.7695	0.0	0.3717	1.8587	99.6283	0.3717	97.7695
25	14	245	0.0677	0.338	4.9902	99.1837	0.0	0.4082	0.4082	99.5918	0.4082	99.1837
25	16	245	0.0986	0.3775	3.8294	90.6122	0.0	0.0	9.3878	100.0	0.0	90.6122
25	20	240	0.1141	0.4579	4.0139	97.9167	0.0	0.8333	1.25	99.1667	0.8333	97.9167
25	24	235	0.0932	0.3138	3.366	93.1915	0.4255	0.0	6.383	99.5745	0.4255	93.617
25	28	244	0.1369	0.3677	2.6864	99.1803	0.0	0.4098	0.4098	99.5902	0.4098	99.1803
25	32	281	0.1047	0.4337	4.1435	97.8648	0.0	0.3559	1.7794	99.6441	0.3559	97.8648
25	40	260	0.1101	0.3244	2.9478	99.6154	0.0	0.0	0.3846	100.0	0.0	99.6154
25	48	271	0.1265	0.4035	3.1904	98.893	0.0	0.738	0.369	99.262	0.738	98.893
25	56	258	0.1289	0.3033	2.3534	99.6124	0.0	0.0	0.3876	100.0	0.0	99.6124
25	64	233	0.1957	0.4165	2.1284	98.7124	0.0	0.4292	0.8584	99.5708	0.4292	98.7124
25	80	272	0.2692	0.4833	1.7952	98.5294	0.0	0.3676	1.1029	99.6324	0.3676	98.5294
25	96	275	0.1185	0.2664	2.2486	89.4545	0.0	0.0	10.5455	100.0	0.0	89.4545
25	112	268	0.1946	0.3291	1.6909	95.5224	0.0	0.3731	4.1045	99.6269	0.3731	95.5224
25	128	255	0.2255	0.3755	1.6652	96.0784	0.0	0.0	3.9216	100.0	0.0	96.0784
25	160	247	0.1921	0.3318	1.7271	97.9757	0.0	0.4049	1.6194	99.5951	0.4049	97.9757
25	192	270	0.1933	0.2812	1.455	98.8889	0.0	0.0	1.1111	100.0	0.0	98.8889
25	224	255	0.227	0.3199	1.4091	95.6863	0.0	0.0	4.3137	100.0	0.0	95.6863
25	256	261	0.1282	0.2177	1.6988	99.6169	0.0	0.0	0.3831	100.0	0.0	99.6169
25	320	252	0.3795	0.4927	1.2984	100.0	0.0	0.0	0.0	100.0	0.0	100.0
25	384	236	0.2993	0.356	1.1894	99.5763	0.0	0.0	0.4237	100.0	0.0	99.5763
25	448	269	0.1702	0.2241	1.3167	99.2565	0.0	0.3717	0.3717	99.6283	0.3717	99.2565
25	512	252	0.2315	0.2966	1.281	99.6032	0.0	0.0	0.3968	100.0	0.0	99.6032
25	640	252	0.2896	0.3454	1.1926	100.0	0.0	0.0	0.0	100.0	0.0	100.0
25	768	261	0.3797	0.4319	1.1375	99.2337	0.0	0.3831	0.3831	99.6169	0.3831	99.2337
25	896	250	2297754655129.718	0.1655	0.0	100.0	0.0	0.0	0.0	100.0	0.0	100.0
25	1024	276	0.3977	0.4357	1.0955	99.2754	0.0	0.3623	0.3623	99.6377	0.3623	99.2754
25	1280	251	0.2397	0.2541	1.06	99.6016	0.0	0.3984	0.0	99.6016	0.3984	99.6016
25	1536	262	1492127249978.9824	0.4451	0.0	99.2366	0.0	0.0	0.7634	100.0	0.0	99.2366
25	1792	281	0.472	0.4919	1.0421	99.6441	0.0	0.0	0.3559	100.0	0.0	99.6441
25	2048	257	855650766194.7089	0.191	0.0	100.0	0.0	0.0	0.0	100.0	0.0	100.0
25	2560	253	834411527285.8597	0.578	0.0	100.0	0.0	0.0	0.0	100.0	0.0	100.0
25	3072	267	0.5086	0.5232	1.0287	99.6255	0.0	0.3745	0.0	99.6255	0.3745	99.6255
25	3584	266	134971428956.5926	0.22	0.0	100.0	0.0	0.0	0.0	100.0	0.0	100.0
25	4096	236	0.3062	0.3122	1.0197	99.5763	0.0	0.4237	0.0	99.5763	0.4237	99.5763
25	5120	264	66636979976.0139	0.2904	0.0	100.0	0.0	0.0	0.0	100.0	0.0	100.0
25	6144	291	293874456456.5404	0.315	0.0	100.0	0.0	0.0	0.0	100.0	0.0	100.0
25	7168	275	32638506822.0825	0.3007	0.0	99.6364	0.0	0.0	0.3636	100.0	0.0	99.6364
25	8192	240	28633074346.8955	0.246	0.0	98.75	0.0	0.8333	0.4167	99.1667	0.8333	98.75
25	10240	275	0.3063	0.3088	1.0083	99.2727	0.0	0.0	0.7273	100.0	0.0	99.2727
25	12288	296	0.4216	0.4243	1.0066	99.3243	0.0	0.3378	0.3378	99.6622	0.3378	99.3243
25	14336	230	39024274031.5374	0.3005	0.0	99.5652	0.0	0.4348	0.0	99.5652	0.4348	99.5652
25	16384	276	6224564313.3934	0.3792	0.0	99.2754	0.0	0.3623	0.3623	99.6377	0.3623	99.2754
25	20480	256	0.4004	0.4024	1.0048	100.0	0.0	0.0	0.0	100.0	0.0	100.0
25	24576	281	0.2333	0.2342	1.004	99.2883	0.0	0.3559	0.3559	99.6441	0.3559	99.2883
25	28672	268	2093181707.7541	0.3048	0.0	99.6269	0.0	0.0	0.3731	100.0	0.0	99.6269
25	32768	268	0.332	0.3328	1.0023	99.6269	0.0	0.0	0.3731	100.0	0.0	99.6269
25	40960	215	3835484993.7306	0.272	0.0	100.0	0.0	0.0	0.0	100.0	0.0	100.0
25	2147483647	271	4.8487	0.2658	0.0548	100.0	0.0	0.0	0.0	100.0	0.0	100.0
25	2147483647	257	5.6464	0.492	0.0871	99.2218	0.0	0.7782	0.0	99.2218	0.7782	99.2218
25	2147483647	277	7.7794	0.3462	0.0445	99.278	0.0	0.722	0.0	99.278	0.722	99.278
25	2147483647	256	7.5332	0.273	0.0362	100.0	0.0	0.0	0.0	100.0	0.0	100.0
25	2147483647	252	3.8741	0.4318	0.1115	100.0	0.0	0.0	0.0	100.0	0.0	100.0
25	2147483647	292	5.2423	0.2828	0.0539	100.0	0.0	0.0	0.0	100.0	0.0	100.0
25	2147483647	252	7.4548	0.2747	0.0368	100.0	0.0	0.0	0.0	100.0	0.0	100.0
25	2147483647	276	7.7365	0.2995	0.0387	99.6377	0.0	0.3623	0.0	99.6377	0.3623	99.6377
25	2147483647	262	6.9249	0.4321	0.0624	100.0	0.0	0.0	0.0	100.0	0.0	100.0
25	2147483647	264	2.5665	0.1628	0.0635	99.2424	0.0	0.7576	0.0	99.2424	0.7576	99.2424
25	2147483647	265	5.1356	0.2803	0.0546	99.2453	0.0	0.7547	0.0	99.2453	0.7547	99.2453
25	2147483647	260	3.522	0.434	0.1232	100.0	0.0	0.0	0.0	100.0	0.0	100.0
25	2147483647	279	7.3596	0.3497	0.0475	100.0	0.0	0.0	0.0	100.0	0.0	100.0
25	2147483647	255	7.2457	0.5812	0.0802	99.6078	0.0	0.3922	0.0	99.6078	0.3922	99.6078
25	2147483647	246	15.8436	0.2114	0.0133	99.5935	0.0	0.4065	0.0	99.5935	0.4065	99.5935
25	2147483647	262	4.0822	0.3957	0.0969	99.6183	0.0	0.3817	0.0	99.6183	0.3817	99.6183
50	0.125	279	6.0906	0.4351	0.0714	98.9247	0.0	0.3584	0.7168	99.6416	0.3584	98.9247
50	0.15625	266	2.3716	0.4346	0.1833	83.4586	0.0	0.0	16.5414	100.0	0.0	83.4586
50	0.1875	245	0.5632	0.3285	0.5833	87.3469	0.0	0.0	12.6531	100.0	0.0	87.3469
50	0.21875	285	0.6071	0.3028	0.4987	69.8246	0.0	0.3509	29.8246	99.6491	0.3509	69.8246
50	0.25	273	0.7925	0.3013	0.3802	44.3223	0.0	0.0	55.6777	100.0	0.0	44.3223
50	0.3125	270	0.2999	0.3171	1.0571	38.8889	0.0	0.3704	60.7407	99.6296	0.3704	38.8889
50	0.375	276	0.351	0.3016	0.8593	88.0435	0.0	0.3623	11.5942	99.6377	0.3623	88.0435
50	0.4375	231	0.3291	0.5124	1.5568	36.3636	0.4329	0.0	63.2035	99.5671	0.4329	36.7965
50	0.5	279	0.3187	0.3232	1.014	62.0072	0.0	0.0	37.9928	100.0	0.0	62.0072
50	0.625	275	0.2316	0.3354	1.4482	41.8182	0.7273	0.0	57.4545	99.2727	0.7273	42.5455
50	0.75	264	0.175	0.3913	2.2356	78.0303	0.0	0.0	21.9697	100.0	0.0	78.0303
50	0.875	252	0.1826	0.3212	1.7587	49.6032	0.0	0.0	50.3968	100.0	0.0	49.6032
50	1	270	0.1936	0.3122	1.6125	21.4815	0.3704	0.3704	77.7778	99.2593	0.7407	21.8519
50	1.25	249	0.0675	0.2383	3.5304	34.5382	0.0	0.0	65.4618	100.0	0.0	34.5382
50	1.5	274	0.1237	0.3872	3.1309	44.1606	0.0	0.365	55.4745	99.635	0.365	44.1606
50	1.75	260	0.204	0.3226	1.5816	46.9231	0.0	0.0	53.0769	100.0	0.0	46.9231
50	2	245	0.0676	0.3111	4.6023	30.6122	0.0	0.4082	68.9796	99.5918	0.4082	30.6122
50	2.5	231	0.1113	0.3961	3.5582	98.2684	0.0	0.0	1.7316	100.0	0.0	98.2684
50	3	290	0.1226	0.3647	2.9749	100.0	0.0	0.0	0.0	100.0	0.0	100.0
50	3.5	280	0.1425	0.4166	2.9237	92.5	0.0	0.7143	6.7857	99.2857	0.7143	92.5
50	4	273	0.0846	0.2439	2.8825	99.6337	0.0	0.3663	0.0	99.6337	0.3663	99.6337
50	5	274	0.0666	0.2014	3.0215	40.8759	0.365	0.365	58.3942	99.2701	0.7299	41.2409
50	6	262	0.1828	0.4214	2.3052	85.1145	0.0	0.7634	14.1221	99.2366	0.7634	85.1145
50	7	265	0.0862	0.3389	3.9333	99.6226	0.0	0.0	0.3774	100.0	0.0	99.6226
50	8	255	0.0909	0.3128	3.4421	50.5882	0.3922	0.3922	48.6275	99.2157	0.7843	50.9804
50	10	292	0.0662	0.2931	4.426	99.3151	0.0	0.3425	0.3425	99.6575	0.3425	99.3151
50	12	273	0.1091	0.309	2.8305	98.5348	0.0	0.3663	1.0989	99.6337	0.3663	98.5348
50	14	266	0.163	0.4054	2.4876	56.391	0.3759	0.0	43.2331	99.6241	0.3759	56.7669
50	16	261	0.0955	0.2581	2.7023	96.9349	0.0	0.0	3.0651	100.0	0.0	96.9349
50	20	270	0.1702	0.4488	2.6369	95.1852	0.0	0.0	4.8148	100.0	0.0	95.1852
50	24	267	0.0841	0.2312	2.7508	99.6255	0.0	0.0	0.3745	100.0	0.0	99.6255
50	28	239	0.2092	0.4293	2.0519	51.046	0.4184	0.0	48.5356	99.5816	0.4184	51.4644
50	32	278	0.1662	0.4209	2.5326	88.4892	0.0	0.3597	11.1511	99.6403	0.3597	88.4892
50	40	246	0.2188	0.5057	2.3111	95.122	0.4065	0.0	4.4715	99.5935	0.4065	95.5285
50	48	262	0.0863	0.2641	3.0591	55.7252	0.0	0.0	44.2748	100.0	0.0	55.7252
50	56	264	0.1148	0.287	2.5013	99.6212	0.0	0.0	0.3788	100.0	0.0	99.6212
50	64	255	0.0524	0.1909	3.6414	95.6863	0.0	0.0	4.3137	100.0	0.0	95.6863
50	80	252	0.1774	0.3379	1.9045	98.0159	0.0	0.3968	1.5873	99.6032	0.3968	98.0159
50	96	265	0.3199	0.5576	1.7429	93.5849	0.0	0.7547	5.6604	99.2453	0.7547	93.5849
50	112	264	0.2122	0.3596	1.6944	99.2424	0.0	0.3788	0.3788	99.6212	0.3788	99.2424
50	128	275	0.1793	0.3001	1.6735	100.0	0.0	0.0	0.0	100.0	0.0	100.0
50	160	276	65269564436777.13	0.5284	0.0	86.9565	0.0	0.7246	12.3188	99.2754	0.7246	86.9565
50	192	266	0.1368	0.2054	1.5016	89.8496	0.0	0.3759	9.7744	99.6241	0.3759	89.8496
50	224	270	0.2059	0.2936	1.4259	94.8148	0.0	0.3704	4.8148	99.6296	0.3704	94.8148
50	256	276	0.2319	0.3211	1.3845	98.5507	0.0	0.0	1.4493	100.0	0.0	98.5507
50	320	262	0.3207	0.4054	1.264	98.855	0.0	0.0	1.145	100.0	0.0	98.855
50	384	267	0.3143	0.3764	1.1976	98.8764	0.0	0.0	1.1236	100.0	0.0	98.8764
50	448	256	8975605760000.203	0.2753	0.0	98.0469	0.0	0.7812	1.1719	99.2188	0.7812	98.0469
50	512	281	43823947268737.516	0.2969	0.0	99.2883	0.0	0.0	0.7117	100.0	0.0	99.2883
50	640	280	8042141262994.603	0.3987	0.0	99.6429	0.0	0.3571	0.0	99.6429	0.3571	99.6429
50	768	280	5584820259108.789	0.2983	0.0	98.5714	0.0	0.3571	1.0714	99.6429	0.3571	98.5714
50	896	288	3989157387378.151	0.4463	0.0	99.3056	0.0	0.0	0.6944	100.0	0.0	99.3056
50	1024	277	0.1522	0.1699	1.1167	97.1119	0.0	0.0	2.8881	100.0	0.0	97.1119
50	1280	258	0.3074	0.3328	1.0827	99.6124	0.0	0.3876	0.0	99.6124	0.3876	99.6124
50	1536	281	2782472447089.255	0.3555	0.0	99.6441	0.0	0.0	0.3559	100.0	0.0	99.6441
50	1792	275	4177735355299.05	0.2869	0.0	98.9091	0.0	0.3636	0.7273	99.6364	0.3636	98.9091
50	2048	262	0.3634	0.3746	1.0306	99.2366	0.0	0.0	0.7634	100.0	0.0	99.2366
50	2560	280	0.3296	0.3429	1.0403	100.0	0.0	0.0	0.0	100.0	0.0	100.0
50	3072	267	0.2573	0.267	1.0379	99.2509	0.0	0.3745	0.3745	99.6255	0.3745	99.2509
50	3584	250	143609574195.4651	0.3029	0.0	98.8	0.0	0.4	0.8	99.6	0.4	98.8
50	4096	265	0.1851	0.1891	1.0218	98.8679	0.0	0.0	1.1321	100.0	0.0	98.8679
50	5120	256	68719385600.3419	0.3768	0.0	100.0	0.0	0.0	0.0	100.0	0.0	100.0
50	6144	238	0.2876	0.2906	1.0102	99.1597	0.0	0.4202	0.4202	99.5798	0.4202	99.1597
50	7168	268	0.3089	0.3128	1.0126	98.8806	0.0	0.0	1.1194	100.0	0.0	98.8806
50	8192	256	80530460800.2211	0.3206	0.0	99.2188	0.0	0.0	0.7812	100.0	0.0	99.2188
50	10240	322	95609507458.6223	0.3677	0.0	99.6894	0.0	0.3106	0.0	99.6894	0.3106	99.6894
50	12288	266	0.3557	0.3586	1.0083	99.6241	0.0	0.0	0.3759	100.0	0.0	99.6241
50	14336	267	0.2421	0.2438	1.0073	99.2509	0.0	0.0	0.7491	100.0	0.0	99.2509
50	16384	293	5863420505.5392	0.4331	0.0	98.6348	0.0	0.6826	0.6826	99.3174	0.6826	98.6348
50	20480	271	12171674356.0376	0.3572	0.0	99.631	0.0	0.369	0.0	99.631	0.369	99.631
50	24576	296	5159088259.9079	0.4998	0.0	99.6622	0.0	0.0	0.3378	100.0	0.0	99.6622
50	28672	274	0.4219	0.4229	1.0025	98.9051	0.0	0.7299	0.365	99.2701	0.7299	98.9051
50	32768	262	0.3587	0.3593	1.0018	99.6183	0.0	0.3817	0.0	99.6183	0.3817	99.6183
50	40960	272	1010570070.9217	0.3618	0.0	98.8971	0.0	0.0	1.1029	100.0	0.0	98.8971
50	2147483647	259	8.2983	0.389	0.0469	100.0	0.0	0.0	0.0	100.0	0.0	100.0
50	2147483647	255	12.5531	0.5292	0.0422	99.6078	0.0	0.3922	0.0	99.6078	0.3922	99.6078
50	2147483647	265	7.3146	0.4297	0.0587	100.0	0.0	0.0	0.0	100.0	0.0	100.0
50	2147483647	247	6.2841	0.3572	0.0568	100.0	0.0	0.0	0.0	100.0	0.0	100.0
50	2147483647	257	11.0022	0.2625	0.0239	100.0	0.0	0.0	0.0	100.0	0.0	100.0
50	2147483647	269	9.4627	0.3025	0.032	100.0	0.0	0.0	0.0	100.0	0.0	100.0
50	2147483647	262	8.7899	0.5587	0.0636	100.0	0.0	0.0	0.0	100.0	0.0	100.0
50	2147483647	285	9.9581	0.3731	0.0375	100.0	0.0	0.0	0.0	100.0	0.0	100.0
50	2147483647	257	4.51	0.3074	0.0682	100.0	0.0	0.0	0.0	100.0	0.0	100.0
50	2147483647	263	12.4902	0.2273	0.0182	100.0	0.0	0.0	0.0	100.0	0.0	100.0
50	2147483647	271	9.6758	0.3406	0.0352	99.262	0.0	0.738	0.0	99.262	0.738	99.262
50	2147483647	258	7.3976	0.2833	0.0383	100.0	0.0	0.0	0.0	100.0	0.0	100.0
50	2147483647	269	5.3065	0.3112	0.0586	100.0	0.0	0.0	0.0	100.0	0.0	100.0
50	2147483647	272	8.9948	0.4215	0.0469	99.6324	0.0	0.3676	0.0	99.6324	0.3676	99.6324
50	2147483647	253	15.2982	0.4959	0.0324	100.0	0.0	0.0	0.0	100.0	0.0	100.0
50	2147483647	263	5.7725	0.2793	0.0484	100.0	0.0	0.0	0.0	100.0	0.0	100.0
100	0.125	282	1.606	0.2957	0.1841	72.695	0.3546	0.3546	26.5957	99.2908	0.7092	73.0496
100	0.15625	251	1.0014	0.3104	0.31	22.3108	0.0	0.3984	77.2908	99.6016	0.3984	22.3108
100	0.1875	247	0.9562	0.2976	0.3112	45.749	0.0	0.0	54.251	100.0	0.0	45.749
100	0.21875	286	0.4273	0.3532	0.8266	30.0699	0.0	0.0	69.9301	100.0	0.0	30.0699
100	0.25	233	1.1222	0.2771	0.2469	93.9914	0.0	0.0	6.0086	100.0	0.0	93.9914
100	0.3125	246	0.3074	0.4238	1.3785	38.2114	0.0	0.0	61.7886	100.0	0.0	38.2114
100	0.375	240	0.1681	0.1947	1.1583	36.25	0.8333	0.0	62.9167	99.1667	0.8333	37.0833
100	0.4375	280	0.1522	0.231	1.518	25.3571	0.3571	0.3571	73.9286	99.2857	0.7143	25.7143
100	0.5	273	0.1752	0.3093	1.7659	34.0659	0.3663	0.0	65.5678	99.6337	0.3663	34.4322
100	0.625	250	0.2036	0.3825	1.8791	23.6	0.0	0.0	76.4	100.0	0.0	23.6
100	0.75	244	0.2742	0.3159	1.1522	52.8689	0.0	0.4098	46.7213	99.5902	0.4098	52.8689
100	0.875	276	0.1277	0.2523	1.9762	33.3333	0.3623	0.3623	65.942	99.2754	0.7246	33.6957
100	1	260	0.1379	0.3056	2.2158	42.6923	0.0	0.3846	56.9231	99.6154	0.3846	42.6923
100	1.25	254	0.1409	0.3403	2.4148	98.4252	0.0	0.0	1.5748	100.0	0.0	98.4252
100	1.5	250	0.1043	0.3277	3.1406	83.2	0.4	0.4	16.0	99.2	0.8	83.6
100	1.75	267	0.1204	0.3281	2.7244	94.7566	0.0	0.3745	4.8689	99.6255	0.3745	94.7566
100	2	262	0.0939	0.286	3.0465	100.0	0.0	0.0	0.0	100.0	0.0	100.0
100	2.5	244	0.135	0.4434	3.2848	85.2459	0.0	0.0	14.7541	100.0	0.0	85.2459
100	3	253	0.1121	0.3899	3.4766	23.3202	0.0	0.0	76.6798	100.0	0.0	23.3202
100	3.5	256	0.1535	0.4104	2.6731	98.8281	0.0	0.0	1.1719	100.0	0.0	98.8281
100	4	250	0.19	0.5855	3.0814	97.6	0.0	0.4	2.0	99.6	0.4	97.6
100	5	273	0.1501	0.4607	3.0684	99.6337	0.0	0.0	0.3663	100.0	0.0	99.6337
100	6	268	0.2012	0.4252	2.1138	79.4776	0.0	0.0	20.5224	100.0	0.0	79.4776
100	7	265	0.1816	0.3642	2.0058	84.5283	0.0	0.0	15.4717	100.0	0.0	84.5283
100	8	260	0.0893	0.2783	3.1169	82.3077	0.0	0.3846	17.3077	99.6154	0.3846	82.3077
100	10	260	0.1127	0.3743	3.3198	99.6154	0.0	0.0	0.3846	100.0	0.0	99.6154
100	12	269	0.0837	0.3489	4.1683	92.9368	0.0	0.0	7.0632	100.0	0.0	92.9368
100	14	248	0.1994	0.4073	2.0424	99.1935	0.0	0.4032	0.4032	99.5968	0.4032	99.1935
100	16	268	0.1142	0.3829	3.354	44.0299	0.0	0.0	55.9701	100.0	0.0	44.0299
100	20	290	0.1238	0.3927	3.1731	40.3448	0.3448	0.0	59.3103	99.6552	0.3448	40.6897
100	24	261	0.1796	0.4618	2.5719	88.8889	0.0	0.7663	10.3448	99.2337	0.7663	88.8889
100	28	257	0.0667	0.2607	3.9085	98.8327	0.0	0.3891	0.7782	99.6109	0.3891	98.8327
100	32	268	0.0423	0.224	5.2984	91.0448	0.0	0.3731	8.5821	99.6269	0.3731	91.0448
100	40	260	0.0628	0.3224	5.137	98.8462	0.0	0.3846	0.7692	99.6154	0.3846	98.8462
100	48	261	0.0516	0.2353	4.5574	97.318	0.0	0.3831	2.2989	99.6169	0.3831	97.318
100	56	249	0.0892	0.2661	2.9853	59.8394	0.0	0.0	40.1606	100.0	0.0	59.8394
100	64	255	441529375232401.7	0.4467	0.0	99.2157	0.0	0.0	0.7843	100.0	0.0	99.2157
100	80	245	0.0688	0.2218	3.2226	99.1837	0.0	0.0	0.8163	100.0	0.0	99.1837
100	96	284	0.068	0.2052	3.0165	63.0282	0.0	0.3521	36.6197	99.6479	0.3521	63.0282
100	112	261	0.167	0.3231	1.9341	99.6169	0.0	0.3831	0.0	99.6169	0.3831	99.6169
100	128	274	0.229	0.33	1.4414	84.6715	0.0	0.0	15.3285	100.0	0.0	84.6715
100	160	241	0.3681	0.5471	1.4864	99.1701	0.0	0.0	0.8299	100.0	0.0	99.1701
100	192	243	0.1362	0.2521	1.8509	99.177	0.0	0.0	0.823	100.0	0.0	99.177
100	224	261	0.3656	0.4647	1.2709	97.7011	0.0	0.0	2.2989	100.0	0.0	97.7011
100	256	286	24604453073096.684	0.2914	0.0	98.951	0.0	0.0	1.049	100.0	0.0	98.951
100	320	242	0.3172	0.4077	1.2854	100.0	0.0	0.0	0.0	100.0	0.0	100.0
100	384	261	0.4	0.4907	1.2268	99.6169	0.0	0.3831	0.0	99.6169	0.3831	99.6169
100	448	256	0.2948	0.3584	1.2158	98.8281	0.0	0.3906	0.7812	99.6094	0.3906	98.8281
100	512	287	0.3826	0.4299	1.1237	96.8641	0.0	0.0	3.1359	100.0	0.0	96.8641
100	640	245	9191018586279.438	0.3334	0.0	98.3673	0.0	0.4082	1.2245	99.5918	0.4082	98.3673
100	768	261	11982756714127.352	0.27	0.0	99.2337	0.0	0.0	0.7663	100.0	0.0	99.2337
100	896	266	0.3251	0.3565	1.0967	99.2481	0.0	0.0	0.7519	100.0	0.0	99.2481
100	1024	262	0.3727	0.4041	1.0842	95.8015	0.0	0.3817	3.8168	99.6183	0.3817	95.8015
100	1280	265	0.2122	0.2316	1.0913	96.2264	0.0	0.7547	3.0189	99.2453	0.7547	96.2264
100	1536	270	0.3973	0.4152	1.0451	99.2593	0.0	0.3704	0.3704	99.6296	0.3704	99.2593
100	1792	271	0.3171	0.3295	1.0392	98.524	0.0	0.738	0.738	99.262	0.738	98.524
100	2048	280	1963412965668.755	0.2704	0.0	94.6429	0.0	0.3571	5.0	99.6429	0.3571	94.6429
100	2560	268	2100558600406.143	0.3255	0.0	99.2537	0.0	0.0	0.7463	100.0	0.0	99.2537
100	3072	272	179658643576.7315	0.2978	0.0	99.6324	0.0	0.0	0.3676	100.0	0.0	99.6324
100	3584	275	1697204475717.988	0.3914	0.0	98.9091	0.0	0.3636	0.7273	99.6364	0.3636	98.9091
100	4096	265	0.3601	0.3661	1.0167	98.8679	0.0	0.7547	0.3774	99.2453	0.7547	98.8679
100	5120	262	805747910546.633	0.4928	0.0	98.4733	0.0	0.3817	1.145	99.6183	0.3817	98.4733
100	6144	246	198646865587.2575	0.3489	0.0	98.7805	0.0	0.0	1.2195	100.0	0.0	98.7805
100	7168	251	429112195161.8123	0.2123	0.0	99.6016	0.0	0.0	0.3984	100.0	0.0	99.6016
100	8192	276	24898313646.7858	0.4367	0.0	98.913	0.0	0.0	1.087	100.0	0.0	98.913
100	10240	245	143609426338.2367	0.4329	0.0	99.5918	0.0	0.0	0.4082	100.0	0.0	99.5918
100	12288	281	108690109859.2798	0.3882	0.0	99.2883	0.0	0.3559	0.3559	99.6441	0.3559	99.2883
100	14336	233	19260898554.7074	0.2467	0.0	100.0	0.0	0.0	0.0	100.0	0.0	100.0
100	16384	267	6434382622.1692	0.4724	0.0	99.6255	0.0	0.0	0.3745	100.0	0.0	99.6255
100	20480	233	33032404271.475	0.4292	0.0	98.7124	0.0	1.2876	0.0	98.7124	1.2876	98.7124
100	24576	278	0.3146	0.3157	1.0034	98.5612	0.0	0.0	1.4388	100.0	0.0	98.5612
100	28672	243	0.1753	0.1759	1.0031	97.5309	0.0	0.0	2.4691	100.0	0.0	97.5309
100	32768	292	1470868340.0024	0.2974	0.0	99.6575	0.0	0.0	0.3425	100.0	0.0	99.6575
100	40960	240	0.4013	0.4021	1.0021	99.5833	0.0	0.0	0.4167	100.0	0.0	99.5833
100	2147483647	263	9.3056	0.4295	0.0462	100.0	0.0	0.0	0.0	100.0	0.0	100.0
100	2147483647	254	20.1668	0.3182	0.0158	100.0	0.0	0.0	0.0	100.0	0.0	100.0
100	2147483647	259	10.7085	0.2547	0.0238	100.0	0.0	0.0	0.0	100.0	0.0	100.0
100	2147483647	258	9.8552	0.3105	0.0315	99.2248	0.0	0.7752	0.0	99.2248	0.7752	99.2248
100	2147483647	266	20.6902	0.3443	0.0166	99.6241	0.0	0.3759	0.0	99.6241	0.3759	99.6241
100	2147483647	259	8.5537	0.3502	0.0409	99.6139	0.0	0.3861	0.0	99.6139	0.3861	99.6139
100	2147483647	267	7.3801	0.4058	0.055	98.8764	0.0	1.1236	0.0	98.8764	1.1236	98.8764
100	2147483647	241	8.2127	0.1829	0.0223	99.1701	0.0	0.8299	0.0	99.1701	0.8299	99.1701
100	2147483647	256	15.469	0.4395	0.0284	100.0	0.0	0.0	0.0	100.0	0.0	100.0
100	2147483647	268	9.3493	0.3387	0.0362	100.0	0.0	0.0	0.0	100.0	0.0	100.0
100	2147483647	289	10.6525	0.4416	0.0415	100.0	0.0	0.0	0.0	100.0	0.0	100.0
100	2147483647	276	22.6944	0.2952	0.013	99.6377	0.0	0.3623	0.0	99.6377	0.3623	99.6377
100	2147483647	278	13.9967	0.2978	0.0213	100.0	0.0	0.0	0.0	100.0	0.0	100.0
100	2147483647	269	16.6298	0.3474	0.0209	100.0	0.0	0.0	0.0	100.0	0.0	100.0
100	2147483647	246	11.815	0.2117	0.0179	100.0	0.0	0.0	0.0	100.0	0.0	100.0
100	2147483647	257	20.0326	0.3561	0.0178	100.0	0.0	0.0	0.0	100.0	0.0	100.0
