1.5014138213762176
3.6503195411929767
3.624766342704496
3.082813777033847
1.503424990005889
4.676131111528666
3.316552570967038
2.1110420102504315
2.684586133332293
2.8450222269358734
1.8777752934904672
2.7864120852056264
1.0102559694499247
1.963877249722747
0.9455320695265053
3.744374436133813
1.702273295837543
2.343764409832355
1.2492095549334037
1.3591069609685227
1.7810355758084266
2.8296829110056625
1.7585857415290571
3.095346987419039
2.5986894138585916
0.9605701006181426
1.381129304376679
1.9341622649824515
1.1824918921981844
1.8928081924091535
1.1242548504785972
1.9509054968819883
1.543916576644059
1.8529143211059291
0.9256235271605631
0.8647564808209487
3.6593482990976574
1.428140115167564
1.984083151446143
3.4466778780044995
3.8566326449463677
3.1997386640560053
3.85832471089524
1.3338518902225305
0.5817474325734018
3.8537828154274507
1.9305936658774607
1.971673756171303
3.7033711246404932
1.2102031816998557
2.098244269371843
1.652187755493439
1.5536230574251384
2.331777132948696
2.6200621894010525
0.590615388981359
2.2861196314741017
2.8591609342414968
0.9386115923764353
2.8054240779311375
0.42329643236143366
1.5680038474905986
1.8861710273200216
3.1325913873696987
1.0224497768933358
2.7293745552715487
3.2523972650110125
2.1572528727820584
3.529839350474383
1.729400591735164
2.5787849877893865
3.0175182785391104
2.341315612582621
1.9761207566911136
1.6219269191652266
2.622838607738135
1.1120621417557324
2.236596188839328
2.402300642690558
1.2265871844339193
3.320716240392408
3.4494889974518514
1.0271571629398208
1.021117514896964
3.2978356299312157
2.9655225664639246
3.308626756127239
2.680320447883096
4.236207758568717
1.6019632027783646
4.455203102045193
0.693027023266134
2.221784086250411
2.0393695889128622
3.255024397738392
1.1037160085724496
2.152570270135692
1.4330901392988937
1.9697373294983538
1.0645237280092879
1.5734055494880923
3.854945752235122
2.10378454876612
1.4163331619772679
1.1857721732796929
4.197040720008765
3.9678677741876625
2.555300037495857
2.269497525301393
0.847782868649718
0.7645751796714524
3.0317985791031066
2.426141393315694
2.552936346919656
2.13255950028721
2.6817963926962647
2.1126672832622204
2.0989466212889525
2.270081998776932
2.245428936774067
2.156668709226322
1.7772609984345178
0.9219431497241053
0.2454275708273168
1.111796835127453
3.4903318489118473
2.330171887638052
2.467623355643492
1.2881459003977962
1.5705561153826868
3.5219897318638678
0.39117472996387037
3.2909508322142944
1.2974471316203606
2.7511880745961768
0.8548285320478732
0.8326080209245224
2.192815337247635
1.9298757660444377
2.1081276357974117
2.0635642685159814
3.225951179564374
3.217541822966597
0.9558984295640629
1.6324747296878486
4.273854893928865
1.6037325796526058
1.9091013079476853
2.0877245101955415
1.1774955517271368
1.5386049347493214
3.728498122630767
4.445024605970854
3.9522932570025233
1.1711924327803747
2.6564976517927636
2.129130370567992
5.415413764886342
4.425130865123123
1.5365359168396155
2.0508576224733037
1.4917613621980603
3.2354358369051424
0.49300759700791974
0.24632350889641286
0.6998284529758998
1.2250949232677308
2.3610617988034046
1.6621669254106386
1.6216571832355207
1.8745319980271629
3.0101401090943924
1.5425301943844327
0.5478663026600294
3.4059564220949485
1.9371046029385783
1.1671613212326
1.0886372751752145
2.7274618415021585
1.5568366984866775
1.3567878287578377
3.9005627364101754
3.241631640658726
1.1436266509761785
1.7935899026585531
1.4838177629549492
3.633240600520092
1.4061536652607929
0.5568432650415178
1.1663519960541064
1.5469811160498095
3.8537828154274507
2.8231808373052303
2.1711654428140896
1.2550212392847682
0.9896068988585387
1.2753203096013965
2.248676560031051
2.3749717283853693
1.3223034501079265
1.5269033571413486
1.2511503467092568
0.913690812909959
2.2502260739196336
1.4769465868069793
1.1392043055678782
1.0119389399749192
1.1158529608606986
2.3200673349325047
2.3727483494690356
2.3061456968238048
1.1372518064135302
1.475116451385578
0.5291432360997546
3.20012450081854
1.0513609679603908
1.9234758748194116
1.0886493753120818
3.7561316886847083
2.863673233570175
1.916361078316652
1.6307390775233648
2.660387656336839
3.4656215699212827
4.933521101230964
1.584081624190953
1.9471750303994118
1.328989870448416
2.0133644841623624
2.3428531273524382
1.1874514361779966
2.9868527967148797
4.249650306958361
3.1995753809368597
4.372988811294659
2.192153965998144
2.27586265769871
2.5274945286018706
1.0645237280092879
3.9135169732185937
2.018611513522288
0.8190914251584929
3.967684314079767
5.168125361327719
1.6804624442344895
2.8939332185307682
0.8307000086519218
1.381015122888694
1.2987135166330905
2.8118521589957335
2.120562440925987
1.1052659093938175
1.8572452541612148
1.0352649432870666
0.9033395298873943
3.2052379566034377
1.0700563352358599
1.7792380863445358
0.4815200372844082
2.523004896873957
3.034638252714731
1.7658213320185787
2.894741892873285
0.9219362406790981
1.5359788984540215
2.8242950753870377
2.2388858269287963
3.248505447074672
3.490824642215561
3.115189399308299
2.0431708393699344
1.153017462031698
2.4270986805339425
0.6602667501046087
1.6612291579668481
1.4019397182371622
0.9766593915084936
1.9079692435177966
3.448632599359576
2.07059136808654
3.0292466797741984
2.7377532891551044
4.570503275856455
0.5755971344185666
1.5459563226716941
0.8062118097384459
2.8419196582803856
4.430816672509771
2.5113037907679354
2.9587522511930944
4.0118637266201995
1.8262190554718385
3.5583886035150663
1.1808829694968634
2.7619124793548258
1.3700113070486966
1.6643452364080569
2.6929147857074534
3.3025340114486674
2.346514279015411
3.328652594827843
1.2583021262008538
1.6799497555907168
2.251284203120579
0.9165497347476055
0.9333896962368149
1.4995989507531395
1.4708752927126514
3.149192056604123
1.183024480267945
2.3985710934543163
1.1359406665708287
1.1249235682232117
1.8994156133013158
2.008793681280446
1.280311570170483
0.9096081544784185
4.789436646616254
0.7735555435207961
3.2099996428408266
1.7949189168955524
1.7618511998012552
3.008281428633942
0.9027008578895412
2.7377235676736174
1.005867522976714
2.6429355049256023
4.7724367804483565
3.7973342188614367
1.0817563719121601
2.405308002073282
2.260507851179275
3.033213434272564
2.3367502622481298
1.3849820623352946
1.4725810585960866
1.6673069345184515
2.9124964012301677
1.6814907065718923
1.7724573315398438
2.1898970392848254
1.2578796269253454
2.194818302608648
0.9285789826186259
3.1953460204837674
3.5274139741065014
2.2784717864662696
1.5956719831300332
1.523371562059034
1.325662156380339
1.7341299265634553
2.0917527123530846
0.9219467129282828
1.0673718081916326
2.2789200931113274
2.6940785184633134
1.0833398305375912
2.547905696019926
2.7701988218472966
3.9672553536253257
2.0160353442485404
2.2465814579203878
1.5517062617679729
3.787305969737942
1.1031145324959504
2.5109986467460983
1.8828293977348083
2.253428523513747
1.9794147533913249
1.274576883033236
1.3762640514314883
1.4858671863630364
1.7569247162501227
3.3361631929833098
3.127540042521627
3.7029504432037204
0.9334166689310301
1.2415068932971873
1.2950924287423513
3.694869192376379
3.378016787192529
2.1924181784292083
2.9909365098303367
0.7565488611817044
1.2292996432683974
2.1509758184374252
0.6258262446446619
4.032551369768348
3.9408334325914027
2.308325911739282
1.3749279076387364
3.007643315768242
0.945228742883335
1.2406182405147002
0.4273844436660854
2.341784053594452
2.3898052347121
0.3652369846992791
1.3041139457119046
2.498334529026549
2.8287656729682586
2.233461911721608
0.8561396501800176
2.1222341515715413
2.428135625927803
1.0379111929035068
1.7988365699525242
1.1508836637520765
1.3180049005418555
0.9325401892371499
1.07321128061444
1.8551722636148118
1.4271717200778
0.9482900129244738
1.5120419963122091
0.535590714740459
0.9410528539393002
0.4420632652254213
4.122910585872608
1.0279577894103884
2.253416223633615
1.4669863700625185
3.0599227993847236
4.0660420442107466
0.7936847936451543
2.336356382243881
0.9182780952991729
2.3100021541040627
1.6033874179429595
2.8658175704794457
1.86526358414017
2.8890759531145145
0.9125006158455327
1.4217856079407714
2.392854327315776
2.952063345944739
1.7187513424855427
2.2435587676118
0.2437265396105821
2.7275752233481163
0.7469860052375739
0.3268995087239521
3.1948674175975964
1.4700204367969276
2.021660183677988
2.34488971306462
4.804332650543079
2.7484422306619045
0.6040346733170565
2.4673818524276188
1.21812000253518
1.5608861613205351
1.898014540282694
1.2245109111811372
0.662233701030581
2.346813281545247
1.3326681357837131
2.3877065385315728
1.710761439418246
2.913668282823064
0.4523769114266807
1.8955662665522985
2.2064539889746486
0.982441698380305
3.1895762245566184
0.9457599897491238
1.0203074601889766
1.1190676460622482
1.925102019402577
1.13758208104635
2.9270313332570446
1.4803345310355822
3.914424828685153
1.5060980660764471
2.4170082687050263
1.8326162892939113
3.6370973552933252
1.0408163367157826
2.1966230997556626
1.187903488793578
1.9471140313894932
1.171593365960133
2.015822003595897
1.7104405996102428
1.145789319016649
1.090286026459372
1.0800503702394018
2.14842900231087
1.6239247987787016
2.2736858936726954
1.3149349142192914
2.6079421964634055
1.6788071513090583
0.7859257662633672
1.20671506276368
0.5887033195681051
1.227494851595646
2.3257797210278306
2.2610696859670374
1.9795581817436008
1.0075022414361068
1.0922957109810199
2.6629551716927833
0.8125032395236187
1.111289255295653
1.4376700409290424
1.4814418103105724
0.45149460567829447
1.932018934781174
0.9743701451311797
1.670591332702116
2.381513544539956
2.3713774158089276
1.7829287215824479
1.6072779650147921
2.3035913460030626
1.6368350981326816
2.564090704646821
0.8377257184478171
3.404747687894526
2.1446312139628194
0.9261281851392205
2.6868277243994667
1.0489043888901355
1.8842021589062685
3.7877516798692503
2.843965447891507
4.385219833306782
1.2328009449507102
1.183157538015727
1.8644985135247316
1.2460984025440942
2.421917916350685
1.3139429418324604
2.1018938549433126
1.151529015529965
0.9058512414873718
1.0994377295902091
4.166696639302901
2.3547925807889203
1.9880075576664291
2.090504876548468
3.013496539181037
1.3036657073848257
1.5381872061197823
2.679891809133278
3.555112748389609
1.2977104434084898
2.65895262013055
4.430934280007554
1.616342258182526
0.9680669732017166
2.784679633623618
0.5271284529054019
1.5838228674543637
2.3706083415153496
2.023544198535583
2.941068437815323
0.9630691660406241
2.787004448755294
1.0429113563378072
2.359269882815222
1.8735629724804848
3.3554708278175527
0.521883160015284
3.289379172200391
1.742436648879804
1.0816678413420209
1.61482480585532
1.4686539504245057
1.2200663020919467
1.1917198324899756
2.7138828949475515
1.8072684196370628
3.2260820896938296
2.430764448603122
0.48654107539829594
1.1163805883989144
1.309818580783984
1.4037214063501104
3.46427408119433
1.0668420575638091
1.5321178324317721
1.2631295517142542
1.0084341373842793
5.062716229269153
5.028762029006035
3.5899849996728976
0.7616509972979653
2.019113238668134
2.897784129943284
1.4600600957383976
1.1094369527452752
3.6623140327126356
1.7999753733016302
1.3740627056834644
0.9703262048437313
0.8475142483943601
2.2237173169032656
2.0050939413967717
