0.204889928773802
0.08654981069320149
0.16126692883405117
0.04239008908093794
0.14935805115418743
0.055413676447315124
0.07078691762871483
0.12380746062266414
0.06899410288420926
0.24732580815692656
0.1890395503697191
0.09200113203365301
0.31541474659809954
0.16386681266753642
0.05784074973248471
0.2526036061293265
0.1985213972016543
0.22846576449453773
0.4055055523618414
0.22246661557021435
0.0754541950665451
0.15562896262644577
0.14439650682142913
0.17187693800658313
0.032205594993797965
0.1243267896032089
0.24339478918864063
0.20702561761557028
0.11360857520818106
0.2439076620717252
0.25118153103268903
0.1300782663740322
0.10349541343907444
0.16678602638647466
0.038434628249800484
0.20941740587370639
0.16811356614400477
0.15050697604671132
0.24639149837723018
0.10577793685865593
0.06266435584934454
0.1337294012071697
0.05766870458328399
0.19607060310644023
0.3136338512401534
0.0312591752845863
0.18376187788800985
0.2653988927459613
0.21090448713522786
0.11961761603843084
0.13826202861394696
0.09874610044096649
0.2411294273320563
0.2701102966906406
0.13824656801702803
0.25190091589954317
0.2036529678436261
0.25417687898094604
0.19509973755392954
0.1365505680412121
0.2932464363863698
0.20325910749728096
0.3176474827834679
0.21810291113617272
0.36604089847507454
0.05879304277489905
0.07250087397306783
0.2182812846908661
0.2184125788609378
0.2855641379081522
0.05791978180770138
0.10622045274621185
0.048288497339159686
0.10652619782914673
0.25552313792751935
0.2702348179289662
0.34379674808357674
0.25262257303569646
0.17714133077832964
0.2518184075348419
0.10338965145483307
0.06454357523030214
0.24326933317285104
0.07689758811297952
0.10386714018404525
0.1999158909762212
0.05939018575506394
0.04883491092356129
0.10575934562017732
0.34405300920972315
0.08603475284270727
0.24584117867495606
0.22847047752080973
0.02767226686621091
0.07171956312998706
0.3220943482845132
0.23423500577615242
0.02128647976242365
0.06501626671460824
0.3047857296053459
0.16574033371618357
0.043578807460267155
0.22706605382626327
0.31714062688259614
0.26369787323454835
0.11323233698184787
0.11568357268153423
0.22364849781300022
0.1975529711475193
0.14704526859381645
0.30936421393593905
0.06696920473945303
0.2023625317797372
0.2564794976234366
0.3649177868186877
0.2351883942661619
0.17455309779406483
0.25340960112714395
0.22072620255091047
0.20824877843416875
0.2594209995855797
0.16446627065634858
0.04130444626128474
0.31234333985568924
0.15622872044596214
0.11691210766708579
0.09524220489847512
0.32880126466229165
0.3755042694136018
0.27273456444684296
0.10659995126828645
0.31100448314584034
0.06603360316038809
0.1817829825366328
0.14381396919104508
0.20101400246841264
0.1942470722444784
0.2543753306029204
0.1409557535228066
0.20594017685877733
0.1391946177750087
0.20240646957812813
0.22274433040679126
0.052684308726523466
0.40521065296037984
0.05106165911315799
0.1594026320203764
0.20947914295176728
0.24374042555203584
0.11496273955655327
0.19401820496001065
0.06367416441518457
0.08620984745388785
0.2039379281870056
0.1185189311257411
0.023906808067684637
0.12406246947887
0.03455375761541471
0.08692355651262214
0.08979806467328526
0.21490144528202315
0.3994982037905729
0.021618060344872486
0.29227274453638696
0.3284559852437404
0.3251361667857374
0.3368935662480955
0.09981917045874238
0.1907809672178618
0.23331740506051754
0.19224857365526088
0.2270201298919435
0.14293327634640737
0.29542917971047855
0.10452613114860354
0.1562661082675979
0.41975373998621346
0.3482962137825376
0.23213021566004607
0.17629619710594788
0.25436605588476097
0.05842204535238954
0.22410387425967096
0.3172548249152535
0.13551651123940403
0.3494865160549312
0.2153710956607151
0.19427129488666034
0.2621910806375606
0.20013749288677057
0.23654227221705712
0.0312591752845863
0.22416275670949604
0.20058947335516747
0.3283759802511099
0.06406552989044244
0.14618673485958517
0.22183492867126614
0.2556256609302786
0.1487928271163056
0.09440527399178521
0.02745935964335003
0.3352758926557463
0.18540080841050072
0.1403125830931216
0.14628827016738222
0.10119032068129571
0.347791388666996
0.22856752361809285
0.2227674420370431
0.20815031367648215
0.3110330081082985
0.2490851137284942
0.27862469576418836
0.1270100480884268
0.08788251328121609
0.16182348100296895
0.2407955901172943
0.23103573539578748
0.05628586290185714
0.1378367360497264
0.20450139978767365
0.2710065426703486
0.06798563044108887
0.03241275276711525
0.3392777535108559
0.283699818358115
0.36630135557013793
0.23276257499001282
0.22864752842105646
0.18625015459215558
0.040600061022657674
0.07597358505642614
0.22338846162361964
0.10150115378298023
0.30956019978508664
0.015436840501216437
0.1854079288545488
0.3047857296053459
0.0892007333339564
0.2460851225518559
0.16950916717640535
0.09834604404660795
0.02957625403556907
0.15389799222886247
0.19298694580984388
0.3156809896167286
0.3028955136103898
0.18485369245234257
0.19276315903495014
0.0913736244490217
0.10474427380850736
0.250716253171688
0.3679216972440357
0.3001636724331588
0.0281632435767957
0.09809970626974464
0.16822145247528245
0.3222541235468415
0.2173240236738801
0.10955557140036125
0.013126460211421859
0.06571958087455328
0.3734361198376421
0.11243480571790679
0.19461931373549285
0.5196182127823217
0.032274768048233454
0.07120226992043553
0.18418895236576657
0.1735080725362181
0.3576335710097259
0.3171075556809073
0.33130721744288005
0.28970489844146696
0.15464584990384056
0.10450565762970257
0.133262590445439
0.15195391541983266
0.10637699480001261
0.03599240516538474
0.06303237534607685
0.058262912252929594
0.35727573256235534
0.1603373237258735
0.2503989863047701
0.13697965213403052
0.04549275737882527
0.22718699264936734
0.13615008613373933
0.20775469715775022
0.18172779978701117
0.23512910726567926
0.35415730283236524
0.21560489076549993
0.19387513579104027
0.217784226591491
0.20713282472732675
0.11342613433371386
0.13797416115747574
0.09745045256823251
0.12340267243452802
0.0912871648506765
0.13716865584341015
0.2899575687135527
0.03702247625932065
0.1530071473919663
0.2484170451935842
0.18657344930444444
0.3716869986877927
0.21268531735372684
0.3515351799608102
0.16303167020295775
0.13584006168913143
0.27718160325512886
0.28985186374754346
0.21870437905381762
0.03683619501438354
0.2663713783957137
0.07185854508762489
0.11393360778664233
0.28467969299632945
0.10453594564133117
0.315769452280367
0.05281767156284775
0.06677759280308235
0.2363911695638493
0.03710716045367113
0.12142256371769763
0.17658221523381817
0.22726443070914198
0.24039480139375563
0.10074798889750154
0.3471947808394603
0.15899952081026375
0.22520831874431074
0.29959642348377225
0.03162543719598815
0.10111372412030006
0.2263899128688127
0.22257674370192904
0.11921508456227088
0.09292287208262943
0.2372666466758382
0.10979000176530196
0.24758512928048762
0.18406425639274915
0.13384420874088374
0.32925394122530705
0.358565164619403
0.18876094065424245
0.24500635317894476
0.17286160190626187
0.08236094002717269
0.09243986694013784
0.09472161719248322
0.24917097766171797
0.22269626860943842
0.12983763025254882
0.05986689547807161
0.3507482303847629
0.10701450424957301
0.2277227359548112
0.10643906519211443
0.22281717830045236
0.2692775711166346
0.23280485273812512
0.0910417904038956
0.0011434343876302044
0.1455210953432908
0.3333770983970721
0.15578112891683402
0.1355539481147564
0.10515439049839528
0.2115446835668598
0.18630483500069378
0.04129079875863345
0.2911658775221874
0.13562003042984036
0.06748634124885747
0.2276476235785063
0.19736907276605203
0.06200434047533518
0.342385111225322
0.17648671873511898
0.28531312904572503
0.1833746193920192
0.04145748952865835
0.10731982653216315
0.20652163798954976
0.23581843324003374
0.30510205553171665
0.2951273324265015
0.041051528148206395
0.2816289322112058
0.2570981620419448
0.19617215413273634
0.3251193528697852
0.2541339835271536
0.273970427080248
0.10196650360745531
0.022676772828310543
0.23029356046922647
0.15732409224449875
0.2011648396831227
0.08062798228613212
0.24132938149295835
0.1741552794559329
0.15400315621992006
0.06049194354055257
0.21619300561294957
0.007761655646011639
0.10172041492954434
0.06119781904977606
0.15110749753354957
0.33899670729898357
0.08023359898060008
0.2909592828577875
0.08593409133483204
0.1350833817521354
0.1543013467501083
0.19641617020252577
0.19839524200928244
0.11504033966344061
0.3815050672624606
0.16603515631082386
0.0198773268663458
0.14756586162989527
0.1917955406021463
0.15608334517169975
0.1572537558537937
0.17156144012230545
0.020260103958402165
0.3367225233301103
0.19324479641571635
0.19041812148836076
0.1282207431760364
0.29305761511507183
0.3544074444743724
0.18932785105061714
0.3379788533164055
0.3124692567130184
0.22348252752772982
0.176219752359849
0.10542301485649974
0.2297233100242787
0.0368748728659313
0.22249670977861657
0.3121922695781645
0.1535120612024831
0.3358570933689993
0.13328671546813786
0.0708217896418698
0.1281563792496656
0.35963256065575383
0.22441901274559872
0.08512973476360745
0.16549157381461319
0.21087700616143937
0.040865621761304094
0.264552165396427
0.10539654140821697
0.1336511077651012
0.0839585878938949
0.16270749662994022
0.05484324188197681
0.3608532306689973
0.25822459577946133
0.24804882165099018
0.17074413365586444
0.10065195716019637
0.29228921948948444
0.018157871841966655
0.09601985708269194
0.2064946645803363
0.2000789939594895
0.10811414225800285
0.12680468043392368
0.31438490218708914
0.09861719253183833
0.14220128717437702
0.12378580398890479
0.3738039384843794
0.12340875884339583
0.2563792269290304
0.06484468061800415
0.18829962581755444
0.10638362496418766
0.19078055023844262
0.24567017119195225
0.34938745790501197
0.21557252011357006
0.14385998811650486
0.3644225590196837
0.3707058874406324
0.31035183151928414
0.04817312313544772
0.20720042051118517
0.20734955215716605
0.1477920500897828
0.07003153703650301
0.3553155550896535
0.2231961107491016
0.19799137464526895
0.341523230517107
0.20152432833769013
0.34744595763185043
0.2715497486284175
0.13369510224730435
0.050927993558995105
0.2461753658048532
0.09302928278898148
0.17939553309020423
0.012016122105672128
0.5240607604273264
0.05912831315688227
0.13978667201368092
0.30661189280902557
0.19808491682724447
0.10604850233982302
0.2406668023236496
0.06510105363551755
0.17342054420622904
0.07960922029921572
0.24037773433964588
0.16398461653877766
0.2178829791881995
0.041323774016407716
0.36480247499305024
0.32085786623510654
0.12256123756186844
0.19174287442876237
0.018134286024416302
0.15417335338088628
0.09911391493791728
0.10415800672079754
0.20763032155780797
0.09068265470901445
0.04528004567317129
0.09980274633365536
0.3114690198721299
0.2218097015821421
0.13075850491892452
0.38095674472695606
0.3745350979816179
0.2535309401173793
0.1620541817749635
0.32728330927529437
0.21126625729938592
0.04097208190181756
0.32488104014040664
0.11411945237268716
0.2122695216879996
0.4010061160334385
0.22911054884243298
0.20698520355975442
0.17687401231217303
0.10692987505214169
0.22503204434935886
0.2175274391635657
0.09360511611759739
0.21870897928933591
0.24799087150719362
0.10319164140624619
0.38188641682679136
0.10567190567141631
0.2980071621802219
0.31289500516549373
0.2095317874089774
0.363345569194903
0.32298034392810304
0.12439789318065188
0.24062878707867547
0.14890059224479538
0.03214258076921786
0.26991764389471984
0.2616989763956253
0.2320904213437184
0.18151890470262622
0.14780612117922892
0.07027650195991562
0.09681336699191928
0.2649382781555362
0.12627796718560771
0.22876239049277794
0.03793541360743491
0.03829564730750171
0.16743025533361391
0.3685260189033374
0.1563353436589363
0.016871045072019086
0.2076762009631218
0.12528034598799972
0.06294938049038422
0.12701528615365915
0.020467161773022186
0.2386436377406668
0.145436840733407
0.252986175028689
0.20627509787268836
