1111111111111111111111111111111111111111111111111111
1111111111111111111111111111111111111111111111111111
1111111111111111111111111111111111111111111111111111
1111111111111111111111111111111111111111111111111111
1111111111111111111111111111111111111111111111111111
1111111111111111111111111111111111111111111111111111
1111110000000111111111111000000000001111111111111111
1111110000000111111111000000000000000011111111111111
1111110022200111111110000004004000000001111111111111
1111110022200111111100000400000000400000111111111111
1111110022200111111100000000000000000000011111111111
1111110000000011111000040000000000004000011111111111
1111110004000001110000000111111110000000011111111111
1111110000000000000000001111111111004000011111111111
1111111000400000000000401111111111000000011111111111
1111111000004000000000001111111111100000001111111111
1111111100000004000004001111111111100040001111111111
1111111110000000004000001111111111100000000111111111
1111111111111000000000011111111111110000400011111111
1111111111111111111111111111111111111000004001111111
1111111111111111111111111111111111111100000000111111
1111111111111100000111111111111111111110000040111111
1111111111110000000001111111111111111110000000111111
1111111111100004004000011111111111111110000000111111
1111111111000400000004000001111111111110000040111111
1111111110000000000000000000111111111100000000111111
1111111100040000000000040000011111111000004001111111
1111111000000011111100000000000000000000000011111111
1111111000400111111110000400000000400400400111111111
1111110040001111111111110000400400000000001111111111
1111110000011111111111111100000000000000011111111111
1111110040011111111111111110000000000000111111111111
1111110000011111111111111111111111111111111111111111
1111110000011111111111111111111111111111111111111111
1111110040011111111111111100000000000001111111111111
1111110000001111111100000004000400000000111111111111
1111110000000111110000004000000000400000000111111111
1111111004000011100040000000000000000400000011111111
1111111100000011000000000000111110000004000001111111
1111111100400011004000111111111111100000000001111111
1111111000000111000001111111100011110004000011111111
1111110004000110040001111003330000111000000111111111
1111110000000000000011111003330000011000000111111111
1111110004004004000111111103330000000004001111111111
1111111000000000001111111110000004004000011111111111
1111111100000000011111111111100000000000111111111111
1111111111111111111111111111111111111111111111111111
1111111111111111111111111111111111111111111111111111
1111111111111111111111111111111111111111111111111111
1111111111111111111111111111111111111111111111111111
1111111111111111111111111111111111111111111111111111
1111111111111111111111111111111111111111111111111111