1.3903798	
-0.5475845	
0.23813425	
-0.053407963	
-0.11721973	
0.007925314	
1.9560016	
0.2043756	
0.05001419	
-0.15850674	
-0.76847816	
-0.5041204	
0.15832344	
-0.32162428	
-0.8595069	
0.16314931	
0.95637137	
-0.23997635	
-0.59420466	
0.57127404	
1.4854376	
-0.87464243	
0.40448308	
-0.6625305	
0.59258986	
-0.27668396	
0.78322315	
-1.4715552	
0.14791194	
-0.5677808	
0.60616696	
-0.9522834	
-0.5932547	
1.4622444	
-1.2241492	
1.562658	
1.0666347	
0.68095475	
0.058717903	
1.3975759	
-1.0005454	
-0.13633215	
-2.1308692	
0.25499362	
0.926826	
1.4475961	
-0.46684152	
-1.1914805	
0.5092253	
-0.6412024	
0.5244627	
0.9416943	
-1.2132554	
0.99163574	
-1.314725	
-1.976832	
-0.56841654	
-0.5595619	
0.6061033	
0.9893756	
0.19905277	
-0.10928312	
0.0069499295	
1.3014324	
1.1038296	
0.87039024	
-1.1807895	
-1.3401836	
1.3149874	
0.09014722	
-0.11759116	
-0.22284722	
-1.408905	
-0.57860774	
-0.38883427	
0.6236406	
0.5510633	
0.1703349	
2.1311393	
1.5063019	
1.1233835	
-0.18238725	
-0.39600888	
0.11322348	
2.2653975	
0.48218712	
1.6941062	
1.2513242	
0.4524476	
-0.43343928	
0.09469952	
-0.23950484	
-0.05730325	
0.22906496	
1.2743131	
-1.1488576	
0.3403824	
1.5523852	
-0.60779	
0.12313188	
1.7185547	
2.7051852	
1.3866383	
-0.10731972	
0.73172206	
-1.344984	
-0.08973978	
0.18572798	
0.2565659	
-0.6822294	
-0.60446894	
-0.12825853	
0.9931864	
-0.22030127	
0.9367681	
-0.66120195	
-0.3650122	
-1.8430893	
0.2308957	
0.2161342	
1.1962764	
-0.20687084	
-2.3679583	
1.7453395	
-1.7475497	
1.6354716	
-0.083309405	
0.95324206	
0.3456776	
-0.6137802	
1.2948371	
-1.5841395	
-1.4719261	
0.6349318	
0.61957365	
-0.2794091	
-0.7111434	
1.0238278	
1.2270554	
0.9227128	
-0.14981392	
1.935218	
-0.3725349	
0.4618875	
-0.34987518	
-0.31558156	
0.17184652	
0.8143855	
-0.33883688	
0.35881168	
-0.8577529	
1.8228348	
-0.36268818	
0.62089795	
-1.6368564	
0.27503157	
0.25450537	
-0.79393566	
-0.2659995	
0.8356692	
0.6510591	
0.84831214	
-1.160049	
1.6661508	
0.7681103	
0.12053614	
-1.4747161	
0.33045915	
-1.2498469	
1.206385	
0.058410794	
1.1985346	
1.2974882	
1.9511673	
1.9556261	
-1.6690825	
-1.257911	
0.8213861	
0.8841074	
-0.11179262	
-0.066464566	
-1.1592436	
1.1651082	
0.60575825	
0.3070314	
0.089110404	
-0.07729872	
0.914022	
0.73127013	
-0.5091765	
1.1363807	
0.103444934	
-0.52820957	
1.8290163	
-0.43105486	
0.66526186	
0.870084	
0.7418637	
-0.13640678	
0.72127753	
-0.9629773	
2.126693	
0.035513796	
2.2114828	
0.2631821	
-0.2587407	
-1.310432	
0.9740738	
-0.9617396	
0.22461632	
-1.2897136	
1.2463518	
1.8916858	
0.68951	
2.096424	
1.2627738	
0.2637922	
0.35437047	
-0.22557995	
0.24215513	
0.6946526	
0.51205057	
1.049346	
1.1138914	
-0.78888243	
0.13347116	
-0.9318396	
-0.3415847	
0.5725322	
0.14252804	
-0.84068304	
1.2040445	
0.6986369	
-0.31890106	
-0.12587081	
-0.78527486	
2.3364532	
-0.791802	
1.6040372	
-0.7191358	
-0.1032611	
-0.29663104	
-0.67055124	
-0.078005746	
-0.34673533	
0.19772562	
0.308884	
-1.6714692	
0.2765825	
0.18955566	
0.041184045	
-0.42543873	
0.39665368	
-0.15174136	
-0.20500128	
-0.5083134	
-1.281356	
-1.8685704	
-1.4743088	
0.510375	
-1.375239	
0.22825626	
0.1359409	
-0.5988913	
0.6833447	
0.4674854	
0.8685307	
0.035576995	
-1.019018	
-0.026367404	
-1.459135	
2.1367877	
-1.6017631	
0.6213772	
-0.97411144	
-1.0234339	
0.44154462	
1.9986639	
-0.17688462	
0.914941	
0.19022784	
2.0334165	
-0.14392972	
-0.15350385	
0.101615995	
0.46479172	
0.06700924	
0.4435912	
0.6284679	
0.11856933	
0.7787811	
0.30867964	
-1.5295497	
1.588386	
0.9585439	
0.0022850046	
-0.04345266	
0.5626706	
1.0217954	
1.5336015	
0.5744838	
0.024048295	
0.018467475	
0.86601335	
-0.39213187	
-0.17369056	
1.2957643	
-1.8682941	
-0.004947911	
0.23136975	
-0.81966615	
-1.4768052	
-0.992399	
0.75625795	
0.40315333	
1.7384468	
0.015808674	
-0.2325858	
-0.25068447	
0.2992117	
-0.58678937	
2.3972185	
-0.9890961	
2.141433	
-2.5154305	
-0.58923477	
-1.7106004	
0.5272473	
0.032515053	
1.2111006	
0.0721436	
-1.4772828	
-0.95269805	
0.84973794	
-1.1903995	
1.812644	
-0.5167071	
2.34169	
0.6172797	
0.0533173	
-0.17282628	
0.7517568	
0.049162988	
-0.6822194	
1.6683213	
0.06168437	
1.3826071	
0.9121046	
-0.93315786	
0.96108013	
0.8322327	
0.7644602	
-1.7311491	
-0.083014086	
0.9708248	
0.5464467	
-1.3991098	
-0.14725749	
-0.3718696	
-0.43000227	
0.44697782	
1.2037536	
0.95316607	
1.5212913	
1.6598333	
-0.1713215	
0.9256199	
-2.4294248	
0.24991946	
0.72724825	
-1.554108	
-0.7573883	
2.0124736	
0.8735251	
0.16466963	
-0.91603804	
0.07601653	
0.10240984	
0.9928842	
-0.9878817	
0.44079375	
-1.1076388	
-0.5039814	
1.3902292	
0.167743	
1.1256484	
-0.26989108	
-1.0992807	
1.9618063	
-0.5580657	
0.6099679	
1.8777719	
1.1253777	
-1.9822592	
-0.38505563	
-0.91284424	
-0.74463713	
-0.5561156	
-0.32312337	
1.5429716	
-0.40635562	
0.9972728	
0.8195555	
0.66772425	
0.7907011	
-1.3985131	
-0.84542835	
0.80604047	
-0.2789994	
-0.36874038	
0.5413922	
0.8036771	
0.9133615	
0.16949464	
1.2896533	
1.3793741	
1.604263	
-1.150686	
-1.0825697	
0.843789	
-0.55360466	
-1.1631205	
-0.34799457	
1.127329	
0.9046833	
0.44055358	
0.46429724	
-0.063710295	
1.1321243	
0.7613846	
0.8498971	
-0.01131499	
2.0766041	
0.9011482	
-1.2832732	
-0.6233573	
-0.06724005	
-0.32008043	
0.18583788	
1.4212706	
0.48526984	
1.347914	
0.83603936	
-0.12502132	
-0.89152217	
0.8286797	
-1.155093	
1.0169771	
1.8127587	
0.8027732	
-0.6047307	
-0.7025004	
-1.7718219	
0.17132702	
-1.3195888	
-0.4834973	
-0.83731294	
-0.97255945	
-1.7696509	
0.73678386	
-0.24049626	
1.974635	
-0.58878654	
1.2392834	
0.9407554	
-2.1047945	
-0.68498164	
0.56820416	
0.17355002	
-0.48806763	
0.5918111	
-0.121766955	
-0.0916882	
1.164631	
-0.945918	
2.1115177	
-0.13287857	
0.84129375	
2.3915725	
0.30408794	
-0.59424525	
-0.7551582	
-0.16536948	
1.4145639	
-1.3459338	
0.88327575	
1.3510779	
-1.7193416	
-1.2441181	
-0.1831317	
0.21241808	
-1.7742635	
0.43190256	
0.064781904	
2.3458388	
0.18668874	
-1.3681332	
-1.3256959	
1.0818268	
0.16678047	
-1.4303578	
0.2636413	
0.6697755	
-0.76280755	
-0.9837426	
-0.08022651	
0.31542832	
-0.5074376	
-0.9476577	
0.07143625	
0.4137333	
0.3223312	
-1.3193173	
-1.0043792	
0.57599074	
0.4425732	
0.27712005	
-0.42742586	
-0.31518492	
-0.024259565	
-1.1951392	
-0.30159354	
0.33830357	
-0.68058276	
0.26412284	
0.29353076	
0.38010025	
-1.8735473	
0.6597381	
-0.44924864	
0.7273519	
-0.14927208	
1.0801677	
0.34439716	
0.3197664	
0.34055638	
-0.1805054	
1.8289424	
0.3758236	
-0.24803494	
-1.2681354	
-0.58495206	
-0.65040433	
1.280331	
-0.6032334	
1.0457236	
1.4147083	
-0.3918874	
0.489039	
0.03207863	
1.232237	
-0.22410351	
0.652646	
0.45707855	
-0.92448765	
0.06463822	
-0.5517451	
0.555221	
0.39685673	
-0.35687304	
1.0259808	
-1.7144413	
-2.2995312	
-0.04771446	
0.16715644	
1.1748282	
1.7164885	
0.4829456	
0.179708	
0.62824434	
0.71757275	
-0.46283197	
-0.5800866	
-0.19846863	
-1.908704	
0.0851941	
-0.9348664	
0.41185644	
-0.58023036	
0.9511416	
-1.781285	
-0.19122835	
1.0715246	
0.12068426	
0.55156344	
-1.6077547	
0.18252043	
0.7266833	
-1.0698754	
-0.26275945	
0.15929706	
0.6315067	
-1.0442419	
-0.024105405	
1.1667577	
-0.46488288	
0.10501536	
0.07768697	
-0.31205064	
-0.2189835	
-1.0212687	
-0.36671728	
0.539022	
1.6673543	
-0.12279659	
-1.2318854	
1.1151638	
-1.046834	
-1.0235333	
1.594747	
-0.07569862	
1.8728116	
0.717182	
-0.751812	
-0.39015856	
2.1493058	
-0.10206825	
0.27685273	
-0.03900307	
-2.1118855	
-0.75732106	
-0.7310696	
-0.84897584	
0.8990363	
-0.29579568	
-0.20873982	
-0.6011199	
2.0961447	
-0.53279984	
0.24510625	
-1.7837362	
-0.38461706	
0.8226734	
0.46184227	
-1.4688216	
0.09632351	
1.3335428	
0.66018575	
0.11949863	
-2.1336892	
-1.0134729	
1.3089366	
0.099282674	
-1.0490446	
-0.78872895	
-1.5145088	
-1.7820486	
2.22671	
-0.5162961	
0.1135636	
0.14791888	
1.0352987	
-0.53446865	
-0.73143697	
-1.0742273	
0.6137078	
0.75707674	
1.5015247	
-0.6238361	
1.5215935	
-1.101249	
0.4539024	
0.74706644	
-1.1971203	
0.80508715	
1.1395881	
0.78119653	
-0.52726364	
1.108108	
0.84162503	
0.03236791	
-1.6273903	
0.446341	
-0.27375093	
-0.43035737	
1.0235887	
0.28322282	
-0.6475744	
0.3459871	
0.5959524	
-0.5741885	
-0.3225722	
-1.2493577	
-0.02778232	
0.2535922	
-0.17489377	
-0.78210753	
-0.17725876	
-0.38633355	
-0.33505538	
0.10046125	
0.18522394	
0.38898402	
-0.339299	
-0.77995425	
0.1368226	
-1.1149702	
1.4689975	
0.4872411	
-0.3285292	
-0.075545214	
-0.12472034	
-1.2403626	
0.27065334	
-0.13553037	
0.38990948	
-0.10626171	
-1.6961522	
-1.4533656	
0.5521644	
0.34030068	
0.83931214	
0.7220949	
2.6931252	
0.20602287	
-0.32407323	
-1.4663777	
-0.03730193	
-1.7879506	
-1.5615522	
-0.5896249	
0.6261361	
-1.0630555	
-0.18356086	
0.21607487	
1.4750764	
-1.0336012	
-1.3317264	
-0.1217794	
0.88263756	
0.3414475	
-0.79816383	
-0.3479748	
0.23877968	
1.4889268	
0.63788015	
-0.659264	
1.0325321	
-0.6679561	
-1.643359	
1.671804	
-1.2449874	
0.8417151	
-0.7657477	
0.6079043	
-2.2896733	
0.4780524	
0.44935042	
-0.70779294	
-0.7775073	
0.44743404	
0.7901608	
1.1038555	
-0.99427795	
0.71163106	
-0.029242096	
0.66565126	
-0.5547657	
0.77678657	
-0.6945547	
1.2701192	
1.5391377	
0.65771204	
-0.55932057	
0.19845706	
-2.0360394	
-1.2367922	
-1.011775	
0.16687986	
-0.58390874	
-1.0357056	
-1.161932	
-0.82197726	
1.817071	
1.059325	
-2.007842	
-1.2734052	
-1.7627789	
0.062754	
-0.38238922	
1.2771951	
-1.7864143	
-2.300952	
-1.4689751	
0.053665638	
0.48029673	
-0.36668485	
-1.3083553	
0.71902	
0.73817605	
-0.09706876	
-0.26306096	
-1.5034803	
0.24691334	
0.6362716	
1.1592597	
1.2850962	
-0.57276326	
-1.1243286	
1.2588497	
0.8621575	
1.8710221	
0.8553777	
0.83985347	
-0.6707722	
0.5047252	
0.6319467	
-0.84730476	
1.0211208	
-0.7387303	
0.92305607	
0.08519697	
1.4814919	
-0.9595423	
0.08787107	
-0.8720682	
-0.4044554	
-1.0920663	
1.455913	
0.6492477	
-0.3039497	
1.3158127	
1.231791	
0.29441845	
-0.03832404	
-1.7890288	
-0.14264786	
-0.28567672	
-0.91499954	
-0.57886267	
1.1373734	
-1.6140445	
0.052202154	
0.50305957	
-0.25402394	
1.507929	
-0.20557073	
-0.49465144	
0.24119473	
0.054271903	
-1.0107684	
-0.0880138	
0.60592973	
-1.7170504	
0.3245703	
0.63276243	
1.1096584	
-0.19411047	
0.9297062	
-0.3308934	
1.3863589	
0.5806652	
0.05330203	
-0.52380216	
-1.3707691	
2.041472	
0.42005858	
-1.4661444	
0.2513706	
-1.3614954	
0.81935114	
-2.052725	
0.016376862	
-0.39649945	
-0.50520515	
-0.9301284	
-0.33902764	
1.5251892	
-0.7945348	
0.43329215	
1.4045058	
0.00096106535	
-0.68840474	
-0.20059754	
0.5146432	
1.0847604	
0.3523331	
-1.8212726	
1.87228	
1.4145222	
-0.45197445	
-1.1092277	
-1.5083289	
0.75782907	
0.62410164	
1.0835396	
1.238882	
1.3234248	
0.74428165	
0.78098905	
0.10997853	
0.47387558	
-1.7543777	
-0.12048781	
-0.7414765	
0.8830511	
1.0931292	
0.6390603	
0.73085195	
0.6706487	
-0.6816823	
0.5304342	
-0.8263366	
-0.04532541	
0.7178881	
-1.4626403	
-1.4817575	
0.2793273	
-1.9072771	
-0.057415638	
0.12479334	
0.18825452	
0.3439824	
-0.17646557	
-1.4798814	
0.5375335	
-1.1149737	
0.50636035	
-0.26488903	
0.05914934	
0.9962381	
-0.17039903	
1.4594206	
-0.6130068	
1.9855798	
1.6911312	
0.38736677	
1.9728703	
-0.6487393	
-0.14253739	
-0.2498749	
0.59254724	
0.34051886	
-0.99945813	
0.9539676	
0.30790013	
-0.5461071	
-1.1471615	
0.30487773	
-0.67069954	
0.04616484	
-0.6583007	
0.11231532	
1.3063111	
1.9368533	
-1.9849719	
-1.1467777	
1.3081886	
0.60741293	
0.38542843	
-0.09293241	
-0.7985559	
-0.3085164	
0.7084202	
1.6402407	
0.4694943	
0.45015636	
-1.1185725	
-0.78735924	
0.9081919	
0.032200973	
1.0246019	
0.21507196	
-0.4231538	
-0.634107	
1.3027124	
0.4820333	
-0.627845	
0.90264285	
0.9868739	
0.2543457	
0.5240598	
-1.7980332	
-0.61633414	
0.019428387	
0.66791445	
1.3679305	
-0.18960282	
0.8860536	
-0.535352	
0.91700065	
0.9824942	
0.55224407	
-1.156458	
1.5973927	
-0.56609154	
-0.98171276	
-0.0839662	
0.18009473	
-0.5298457	
-1.1172109	
-0.26164982	
0.44576368	
-0.4615116	
0.911192	
1.0673573	
0.46926418	
-1.4915533	
1.3448762	
0.20931853	
1.3742291	
-1.7394395	
0.9476151	
-1.8208354	
-0.042366643	
1.4786896	
0.6005385	
0.5771941	
-1.0593783	
-0.20975061	
-0.300092	
-1.7471447	
-0.82518476	
0.7305384	
0.09772274	
0.7460856	
0.5510551	
0.43403983	
0.24343456	
-1.3987628	
0.8033802	
0.5504029	
1.3963282	
0.5764948	
0.32340586	
2.2358184	
0.14025389	
-1.2508779	
0.09458745	
1.3239148	
-0.6558232	
1.5451413	
-1.410673	
-2.0136034	
0.2354486	
2.1060886	
-0.92345476	
0.45264953	
0.023331985	
-0.5333651	
-0.10394815	
-0.15353814	
-2.5192547	
0.4078373	
1.5439456	
-0.26798776	
-0.23883252	
0.71368897	
0.103776745	
-0.05347095	
2.0719397	
0.16472219	
0.3381105	
0.05444369	
-0.7415715	
0.34685495	
-0.1988393	
1.010472	
1.0465192	
1.0721443	
-1.4306788	
0.040386442	
0.54436284	
0.72430474	
0.2188485	
-0.55166894	
0.5568247	
0.24012558	
-0.12279108	
0.23733485	
0.1184454	
0.24700655	
0.051692788	
1.2218459	
0.32564265	
-0.82204723	
0.45157105	
1.0883832	
-1.7066654	
-0.20365359	
-0.44309843	
-0.7538031	
-0.24461061	
0.5774788	
-0.13363041	
0.36322513	
-0.7946545	
-1.7084424	
-0.6098894	
0.4261385	
0.21925893	
1.0114383	
0.82611877	
1.4208814	
1.4911948	
-1.2320017	
0.8059757	
0.30054614	
0.71825486	
-1.818152	
0.7975722	
0.956613	
1.34602	
-0.57448435	
0.81238014	
-0.19876166	
0.055926114	
-0.3239073	
-1.9437742	
-1.0265223	
0.33741122	
2.3368626	
0.5485185	
1.4337641	
1.1862593	
-1.9066575	
1.521557	
-0.617131	
0.020648021	
-1.373714	
-0.07986592	
-0.3915783	
-1.2371689	
-1.0772916	
0.26758385	
1.1129453	
2.336766	
0.90263176	
0.29100934	
-0.063153744	
-0.8705163	
-0.69828314	
-1.7366854	
0.7430808	
1.5468149	
0.6208348	
0.04593703	
1.9095203	
1.0203681	
-0.013575524	
1.078727	
-1.4924115	
0.2980338	
0.6540059	
0.24368452	
-0.8289972	
-0.7735	
1.2625005	
-0.24732803	
1.2911068	
-0.13931352	
-0.12531441	
-1.2763075	
-0.42819157	
0.56893444	
1.0891482	
0.38092303	
0.76697826	
0.12787119	
0.07989338	
0.014176845	
-0.3705031	
0.5959009	
-1.0118735	
-0.13891894	
-0.50399625	
0.78855115	
0.97127354	
-0.41960576	
0.28078118	
0.22265871	
1.1951419	
-0.62960505	
-0.9853371	
0.4585351	
1.0749483	
-0.10383496	
1.1243423	
-0.43516293	
1.7251955	
0.12291146	
-1.3340538	
-0.7761984	
0.49344638	
1.3546357	
1.1839904	
-0.64775556	
0.5029443	
0.51826894	
0.42443386	
-1.6445915	
0.12510379	
-1.7439201	
-0.17507239	
-1.2434787	
-1.40277	
0.87384874	
0.6154284	
0.9828768	
0.21150911	
-0.025048612	
0.5249001	
-1.084064	
-1.1260103	
1.5842975	
-1.1400368	
0.68998766	
-0.26855186	
0.8862976	
-0.106331766	
0.52310634	
0.2230558	
-0.6857493	
0.18561278	
-0.7731842	
-1.0724025	
-0.70999175	
0.6398278	
-0.6486303	
1.9921818	
1.5016004	
0.327617	
-2.1785736	
0.10439258	
0.35861918	
0.33669555	
1.9666092	
-1.5408732	
-0.24539426	
-0.37926674	
0.8755518	
-0.6030059	
1.2262954	
-0.26466486	
-0.4667337	
-1.3781126	
-1.734056	
-1.3980654	
1.1951773	
0.046527196	
1.0263847	
0.29106995	
0.44251862	
-0.413742	
1.9188845	
1.2491423	
0.6850183	
0.22117333	
-0.35356984	
0.14680517	
2.036755	
0.13670212	
-0.15041992	
0.67977315	
0.7692904	
-0.76374644	
0.5176934	
-1.6549778	
-1.0912261	
2.0114853	
-1.1194766	
0.535589	
-0.032997146	
-0.35917875	
1.2413117	
0.15968	
1.2869935	
-0.22188473	
1.2938981	
-0.26237378	
1.8111581	
1.0489228	
0.17063197	
0.95464635	
1.8148466	
0.8626028	
-0.6480523	
0.25294632	
-0.016845386	
0.13202715	
0.60930276	
-1.9025062	
1.4708405	
0.53698146	
1.8785508	
0.6118965	
-0.38117194	
-1.1953188	
2.0231879	
1.1620991	
0.108806305	
-0.38373634	
-1.4837987	
0.32317707	
0.47777212	
0.8824107	
-0.34092292	
-0.24033855	
0.3927006	
1.3670428	
0.23678961	
0.19664204	
-0.075053856	
-0.2433696	
2.1751542	
-0.47616953	
-0.32745415	
0.12039975	
-0.992186	
0.8033808	
0.63858694	
-0.49528092	
0.45896614	
1.5123236	
0.13045637	
-1.190136	
-0.4508714	
0.77535415	
-0.82932144	
-0.024003228	
1.1861496	
0.59926844	
0.36446524	
-0.7697215	
-0.08388177	
-0.7358469	
-0.21483898	
-0.7576098	
1.4123087	
-0.60765487	
0.15588038	
-0.4660928	
1.1166207	
1.6368937	
-0.3145356	
-1.563786	
-2.0891168	
-0.17287888	
-1.7054042	
-0.9434155	
-0.043065287	
0.5811806	
-1.3010886	
-0.8863515	
0.1651137	
0.67183346	
-0.58016646	
1.2552395	
1.1410375	
-0.65724385	
0.35946926	
0.58045715	
-1.9717516	
0.046686545	
0.8765477	
0.8828959	
0.68136805	
-0.46768588	
0.11847817	
1.4332783	
-0.4032571	
0.096938394	
0.6605817	
0.6280762	
-0.23305608	
0.36019856	
-0.31943846	
-0.10415805	
2.3903716	
-0.19398086	
0.26118892	
1.2011542	
-0.65803874	
-0.06329455	
0.58424085	
0.63968617	
0.09997724	
1.6748643	
1.188278	
0.82619613	
0.5961517	
-2.3084583	
0.33999592	
1.3760542	
0.2257678	
1.4944701	
-0.7903532	
0.29405427	
-0.6955002	
1.0019995	
-0.39613777	
-0.44499907	
0.5650028	
1.9571531	
-0.42960665	
-1.2469562	
-0.19504912	
1.5859123	
1.2103087	
-0.48002648	
0.9344786	
-1.3874137	
0.8696306	
-0.94404846	
0.15327613	
-0.8160105	
-0.453691	
0.14486657	
0.13316487	
0.5797365	
-0.34632707	
0.24657494	
0.02920096	
-0.8126959	
0.6189081	
-0.8202999	
0.1742868	
-0.5020652	
-0.7865493	
-0.7989233	
-0.09146314	
1.6587731	
-0.101469584	
-0.97853917	
1.6836513	
-1.3414078	
0.008258628	
0.6635653	
0.47542676	
1.2136215	
-1.1693009	
-0.32297787	
-0.5711935	
-0.22019473	
-0.6603864	
-0.39299557	
-0.39073712	
-0.5277017	
-1.9304227	
0.45842636	
0.6380923	
-0.83852714	
-0.37825435	
1.5853564	
-0.3165221	
0.18430538	
1.3336425	
1.2473603	
-0.067821026	
1.1238912	
0.24531512	
-0.5664096	
1.204662	
0.10567785	
-0.7670608	
-0.8698007	
-2.0070255	
-0.46437973	
-0.8359594	
0.99944025	
-1.2373508	
-0.7709554	
-1.4990633	
-0.018485358	
-0.02162684	
0.36565313	
0.8775727	
1.9894267	
-0.84383106	
-0.54374546	
-0.40623865	
0.59111124	
0.75447536	
0.21146524	
-1.571341	
-0.5464941	
-0.96528095	
-0.5474416	
0.19172388	
0.16587324	
-0.9302577	
1.7130771	
1.3079259	
1.1568583	
0.62961185	
-2.1048388	
0.42108294	
2.074452	
-0.01199701	
0.18596822	
-1.0177811	
-1.2299944	
0.3198899	
-0.62826365	
1.2916971	
-1.1391058	
-0.4713225	
1.0935842	
1.3586948	
0.40620214	
-0.72358984	
1.0967306	
-1.3999258	
-0.10543949	
0.35943577	
0.3264067	
-1.1094213	
0.07570972	
-0.7130774	
0.62535167	
2.0797114	
-0.50489205	
-0.3859022	
0.051205855	
0.36736247	
0.5265632	
0.042150777	
-1.3935968	
0.357814	
0.5733341	
1.4502964	
0.67766535	
0.07359606	
1.6238276	
-0.27397782	
0.09403452	
0.0032181768	
1.6005608	
-0.2639409	
0.59056115	
-1.9759947	
1.270044	
0.43157345	
0.6087581	
-0.55583465	
-0.13965516	
0.66064936	
1.7575023	
0.71375	
0.036749683	
-0.8005238	
-0.76197755	
0.4003726	
0.0034871136	
0.06245043	
-0.0064517483	
-0.8399444	
-0.18701017	
1.5318822	
-0.16057837	
0.77615625	
1.474492	
-0.71882164	
1.6399524	
-2.0473058	
1.306025	
-1.208387	
1.0543356	
0.3180816	
-1.1666771	
-0.467867	
-1.0351255	
0.4940048	
0.8926126	
0.22720225	
0.91563404	
1.2141023	
0.24909616	
-0.14431845	
0.38345566	
0.044063065	
-0.051511113	
-2.0016544	
-1.0595117	
1.291827	
-0.25583836	
0.4779959	
1.4397682	
-0.4491381	
-0.679959	
0.21432938	
-0.5043855	
-1.5964663	
-0.18526639	
0.010229915	
-1.444926	
-1.4251037	
0.3010636	
-0.48172095	
0.3294766	
0.441109	
-0.3074084	
-1.5048012	
-1.3188312	
2.4733415	
-0.18573724	
1.8771819	
-0.09962936	
0.109698735	
0.79773647	
0.37646368	
-0.20829827	
0.038575903	
-1.1589016	
-1.2385671	
0.61409336	
-0.33100843	
-0.69592637	
0.27388927	
0.7486469	
0.3767976	
-0.1465953	
-1.5909146	
-0.063297056	
-1.9445604	
-0.84080607	
-0.93942195	
-0.6329295	
1.3319743	
-0.1544194	
0.92213446	
0.00087523466	
-0.91082364	
-0.5321622	
0.9860524	
-0.84286344	
1.0474612	
0.15858616	
1.8409141	
0.27881122	
-1.1096371	
0.2090182	
-1.5527619	
0.20643179	
-0.06678917	
1.3691741	
-0.741213	
0.18201342	
1.7544675	
-0.37457865	
0.87431556	
1.1077164	
0.1027163	
-1.393192	
0.30087656	
-0.15609194	
-0.4352705	
1.3907913	
-0.7775575	
0.74640334	
1.0780995	
-0.22953191	
0.84166414	
-1.1730899	
0.67101455	
-0.9485538	
0.636659	
1.5213423	
-2.3622537	
-1.0776905	
-1.6224055	
-0.18914443	
-0.76359457	
-1.4531744	
1.2754158	
-1.0887005	
-0.1734603	
-1.3909253	
-1.7632557	
0.37148663	
0.17339484	
0.18096173	
-0.22083063	
0.1306611	
-0.7840725	
-0.29048765	
1.3267387	
-0.8410848	
0.3683569	
0.0998563	
1.652658	
-2.2207747	
-0.4571275	
-0.9901284	
-0.54088473	
0.10692305	
-0.8175523	
-2.0049427	
0.4475375	
0.37550035	
-0.5170887	
0.45134485	
0.081775665	
0.6058436	
0.49732158	
-0.4879962	
1.9923387	
-1.305282	
-0.39456388	
-0.059592113	
-0.29735523	
-0.8617935	
-0.9280722	
1.2139587	
0.3016967	
-0.16080262	
-0.115584016	
-0.9618335	
-0.15015797	
-0.86701804	
0.43464318	
-0.09676538	
0.42531103	
1.4490561	
-0.61112016	
1.8335115	
-0.71034247	
0.15243702	
0.46505883	
-1.4257424	
0.022345519	
-0.22465433	
-0.18304093	
-1.1279814	
0.11527196	
0.8350181	
0.30113822	
0.07459736	
-0.24934676	
2.463586	
-0.04891083	
-0.33520752	
0.18132207	
-0.04483545	
0.490759	
-0.35298255	
0.34332022	
1.0359905	
1.3334432	
-0.80853176	
0.4260617	
1.2030084	
1.1106004	
0.8158661	
0.6815056	
0.299387	
1.2636034	
0.88768715	
-0.30480745	
-0.5848817	
-0.38845456	
-0.20421165	
1.0530303	
-0.13242896	
0.4704893	
-0.0423961	
-0.5306596	
0.091919	
-1.8825486	
-0.7432793	
-2.2282124	
1.0771638	
-1.7177783	
-0.2210272	
0.34796768	
0.0022563944	
-0.14242812	
0.21559173	
-0.9955083	
-0.61970675	
-0.38355953	
-0.68477726	
-0.08326283	
-0.22213864	
-1.9612055	
0.44069317	
0.6918882	
-0.91899455	
0.13128053	
-0.46789062	
-0.024595786	
-1.8229163	
0.67023814	
-0.25017592	
0.17522568	
-1.1348717	
0.61678404	
0.76650876	
-0.33492777	
1.3138982	
0.5270369	
-1.4151019	
0.6047383	
-0.7154902	
-2.0131223	
-1.1119181	
0.14380582	
1.6591058	
-0.09081377	
0.04459858	
-0.41312832	
-0.12702422	
0.2682409	
1.1636964	
0.94652015	
-1.2859478	
0.8072696	
-0.19926466	
0.9667015	
2.1400287	
-0.6048565	
-0.10591443	
0.748771	
-0.34905577	
-0.572543	
-0.9367879	
-0.30518955	
-1.1122185	
0.9745745	
-1.991867	
0.88201106	
0.62780774	
-0.51894015	
0.19621715	
-0.841711	
-0.74285185	
-1.661655	
-1.6093156	
-0.3202997	
0.18647541	
-0.47357714	
-1.7625605	
-0.8583909	
1.8355054	
-0.36866122	
-0.09705071	
-1.3089327	
0.23426512	
-0.033179466	
0.9727195	
-0.5154763	
0.17137337	
-1.1541104	
0.16001065	
-0.9134047	
0.8662238	
0.96822876	
1.7963617	
-1.2277824	
0.8831614	
1.3875619	
1.4381849	
0.6631286	
1.426971	
-0.21398452	
-0.0093775485	
-0.011878749	
-1.357678	
-1.4433013	
1.2146317	
0.88859594	
-0.11320028	
0.38728338	
-0.5397811	
-0.55713636	
0.81449753	
-1.4951397	
-0.8215237	
0.045992613	
-1.0487834	
0.16565406	
-0.34041357	
0.6065042	
1.2355751	
0.894193	
-0.92481065	
0.83935374	
-0.18961136	
1.4000592	
0.08228125	
0.3572071	
1.1408027	
-0.66977394	
-0.15494971	
-0.58061194	
0.05053952	
0.054746706	
-0.55032223	
-0.6231949	
2.2564137	
1.1623389	
1.4688524	
1.1565708	
-0.73199606	
0.23811877	
-1.4187092	
0.4649127	
0.25956938	
0.701811	
-0.6590004	
2.153452	
1.4687419	
0.38863945	
0.4111796	
0.9530779	
0.8132605	
-0.44977355	
0.2993102	
1.4273169	
-1.5124497	
0.19174168	
1.2207538	
0.7011878	
-0.96217704	
-1.1385405	
-0.77215385	
0.04356048	
-0.36622992	
-0.06211656	
0.6798394	
-1.5692976	
0.72771204	
0.5880857	
0.8731542	
-1.1120001	
0.95362437	
1.2376152	
-0.73701847	
0.060528394	
1.0005583	
0.15001856	
1.9032775	
-0.13348769	
-0.6989856	
-0.6592138	
-1.0261908	
1.1404425	
0.81159353	
0.6860577	
2.2239993	
0.26816663	
1.1108527	
0.4430102	
-0.41728175	
-0.6118385	
1.2098755	
-0.5273138	
1.8402687	
-1.5052105	
0.93851554	
-0.42325187	
0.7475023	
-1.9824347	
0.14287551	
-0.21015775	
0.08696573	
0.41715506	
0.44288203	
1.1342374	
0.2683873	
-0.19147737	
1.2590047	
-1.3734136	
0.72469485	
0.5564834	
0.66281146	
-1.5799786	
0.2557465	
-1.0818706	
1.8924575	
1.5681696	
0.084450096	
-0.33473766	
1.7915765	
-1.9556865	
1.1191508	
-1.2143006	
-0.7839277	
0.62132424	
-0.75044024	
-0.05249418	
-0.36223826	
0.58899426	
-1.6498442	
1.1137991	
0.17388585	
-0.095622495	
1.2999089	
-0.25280097	
0.42383802	
-1.7306961	
-1.1180935	
0.1582709	
-2.0931396	
-0.49438408	
1.5764952	
-1.0822811	
-0.86908215	
0.5317392	
1.7102752	
