1.3639587	0.5111133	0.4940957	
-0.53977954	-0.683653	0.25972772	
0.073987365	0.15440214	-0.15435502	
-0.12935154	0.44826093	0.043786846	
-0.1563618	-0.13951164	0.2921848	
-0.09884769	-0.563673	-0.05890224	
1.7380732	-2.2388895	-1.5929959	
0.10982787	0.049357418	0.043260645	
0.0044014524	0.34870362	0.90203834	
-0.21049897	1.0371796	-0.2614467	
-0.71729285	-0.29336864	0.3570747	
-0.4337648	-0.19608921	0.09740919	
-0.09678127	0.26915753	0.9629278	
-0.42417955	0.1271219	-0.21691927	
-0.79255205	-0.7186766	0.6396915	
0.39661548	-1.7117751	-0.59367895	
0.82904565	-1.2328063	-0.7186282	
-0.07348218	-0.42911	0.045853302	
-0.42298615	-0.24465345	0.48018464	
0.53574383	0.67175484	-0.30933347	
1.5151433	-0.556582	-0.018458294	
-1.112251	-1.2252575	1.670781	
0.30138844	0.54576194	0.8475172	
-0.7368408	0.11776401	0.09704211	
0.6639991	-1.619778	-0.750584	
-0.3845811	0.1576258	0.13270123	
0.8997351	-1.2264426	-1.0011606	
-1.3714254	-1.1937226	-0.14863507	
0.11628481	-0.12997106	-1.8367007	
-0.76431775	-0.19283523	0.41467097	
0.38588437	-0.1669903	1.1138868	
-1.1844709	-1.9633709	1.2100681	
-0.8595705	-0.7451952	1.8695453	
1.3986377	1.5811176	1.440994	
-0.99398667	0.86408025	-0.8187384	
1.6931252	0.4793762	0.39489648	
1.1021825	-0.9087322	-1.5840323	
0.52218217	0.12805025	0.036823858	
-0.14432515	0.0025603785	-0.09797236	
1.3124865	-1.5521874	-1.3128392	
-1.3601099	-2.0612073	1.0681835	
-0.10985071	-0.10360606	-0.65153116	
-1.9954503	0.9485165	-1.5300686	
0.23384047	0.2564084	1.1196136	
0.7819005	-1.0577362	-0.8645902	
1.7750931	2.0719745	1.9288491	
-0.3962595	0.10175535	-0.18837383	
-1.2650553	1.5165021	-1.2068825	
0.39879417	-0.53846556	-0.38928682	
-0.59515715	0.6634609	-0.6588789	
0.353697	0.6739996	-1.4777508	
1.0809367	0.40925452	0.34639388	
-1.2674469	1.2461917	-1.2598563	
0.9438291	0.07400646	-0.02719093	
-1.2339076	0.8209476	-0.7595943	
-2.4118242	-2.063439	2.4039845	
-0.5711707	0.15964209	-0.15301965	
-0.44572085	-0.5050971	0.53130555	
0.43100318	-0.5079894	-0.32656264	
0.93338734	-0.99753195	-0.82739747	
0.08248783	-0.09384062	0.16518092	
0.06640799	0.39615288	0.2538902	
-0.00540377	-0.114066854	0.08951915	
1.0746329	1.1059557	1.1027887	
0.9150038	0.44245705	0.19223568	
0.9143415	0.14301427	0.20377766	
-1.2314168	-1.2877839	1.5137018	
-1.4373242	1.0947441	-1.236083	
1.4149152	-1.3771905	-1.3122835	
-0.075852625	0.15328452	0.85796404	
-0.17198367	0.08545326	-0.8058382	
-0.18843023	-0.1092084	-0.4902501	
-1.6129451	-1.1659738	1.6366105	
-0.48506007	-0.27980185	0.21836956	
-0.26219854	-0.85163254	0.30511537	
0.60739416	0.2122182	-0.20031926	
0.6428576	-0.13020486	0.37565294	
0.11917706	-0.07764268	0.22865456	
2.325338	-2.1710923	-2.2154615	
1.4300253	1.6286428	1.5923057	
0.77814674	1.0097781	0.6710465	
-0.09576134	0.43248144	-0.375449	
-0.78595734	0.5472483	-0.12734823	
-0.036100373	-1.2332174	0.7520215	
2.2232227	2.2739227	2.5391164	
0.44949055	0.76571333	0.6131765	
2.0685675	-0.48463058	-0.71510595	
1.3758268	-1.5320803	-1.2808918	
0.52190775	-0.5315844	-0.3718	
-0.53516096	0.12050264	-0.32474983	
0.028608603	0.17283805	0.276757	
-0.24028002	-0.44656846	0.028154325	
-0.23215409	-0.07347621	0.6641657	
0.19775042	0.6819679	0.09077316	
0.9819283	1.1227502	1.5316947	
-1.444974	1.2556504	-1.331501	
0.14184822	-0.1278075	0.21798594	
1.8384814	-1.9907289	-1.8317544	
-0.56295663	0.8397165	-0.47049055	
0.1644848	0.07975106	-0.10050571	
1.8176565	1.9729004	1.8306383	
2.8764691	2.7982101	3.0418012	
1.6066865	-1.3149216	-1.3439524	
-0.106889576	0.69094414	-0.102439605	
0.6481579	0.8448671	1.1111287	
-1.3315175	0.6532663	-1.8462274	
-0.26320478	0.17573622	-1.0590475	
0.17736629	-0.20208943	-0.1826999	
0.27328905	0.74491423	0.5940611	
-0.733473	-0.83664864	1.2154251	
-0.71790594	-1.5499169	1.6657206	
-0.037476156	-0.13014978	-2.3378992	
0.74466443	-0.40839773	-0.29749793	
-0.11268353	-0.6972254	1.1826099	
1.151655	0.21205883	0.27759933	
-0.51689637	0.45715037	-0.8460599	
-0.52433205	-0.31444567	0.82052094	
-1.9886893	-1.6095077	1.6624991	
0.28724605	-0.15500224	-0.54275197	
0.08667264	-1.2066586	-0.19011031	
1.2288767	-1.1659913	-1.3359761	
-0.23513906	-0.47933504	0.23118442	
-2.5243483	-2.3147018	2.2878969	
2.0153809	-0.65661323	-1.0122567	
-1.9537017	-0.020326719	-0.061702747	
1.4197489	2.0086079	0.6657935	
-0.06635417	0.5052072	0.31620044	
0.8609206	-0.7775333	-1.0657296	
0.13951524	0.48756298	-0.11851454	
-0.62145245	-0.90394604	0.6155553	
1.0533359	1.0770456	0.9764505	
-1.5877029	1.6046689	-1.6506106	
-1.8334262	0.31166324	-1.0136397	
0.4134482	0.39631972	0.86888576	
0.6168699	-0.11259981	-0.18760005	
-0.008129522	-1.9184508	-0.4480517	
-0.6843528	0.39270112	-0.2589093	
1.161168	0.6635055	0.59797853	
0.98871076	1.5233035	1.5503913	
0.6728934	0.6783763	0.6060662	
-0.12939668	0.23389484	-0.32071516	
1.934356	1.8550116	1.8923753	
-0.048443012	-0.14214931	0.17088678	
0.48019877	0.026393993	0.17876251	
-0.29531017	1.5253505	-0.9677678	
-0.22875842	0.24244787	-0.58541954	
0.17227165	-0.83513165	0.11104776	
0.74367	0.5601397	0.59297466	
-0.36491868	0.5507572	-1.0367438	
0.28019986	-0.4080752	-0.48461518	
-0.9105319	-0.7634331	0.67612547	
1.8921224	1.812738	1.9374396	
-0.25729692	-0.06535113	0.458403	
0.5602731	0.58211195	0.6512319	
-1.3593483	-1.1926795	0.521183	
0.23358113	0.17346883	0.7695146	
0.25572714	1.2950745	-0.043200534	
-0.72762793	0.7120767	-0.650648	
-0.27634704	0.36736467	-1.0740192	
0.9134181	0.73485744	0.7525441	
0.6773259	0.28517258	0.5897672	
0.97097737	0.21035409	1.3252525	
-1.1648089	-0.2104328	0.2571675	
1.7476174	-1.0076679	-0.81911314	
0.7324568	-0.6498705	0.65825486	
0.04795612	0.25908422	0.0060787387	
-1.4657089	0.6678985	-0.6327243	
0.3215576	0.06880397	1.6314667	
-1.4191358	1.3142338	-1.379238	
1.3523816	0.77588594	0.7096933	
0.06015111	0.4563296	0.106335826	
1.0663427	0.9831234	1.3569381	
1.3468575	0.3051671	0.097372144	
2.1025193	2.2776568	2.298524	
1.9307379	-1.8115507	-1.711736	
-1.6013962	0.46999115	-1.0527501	
-1.0083448	-0.94048935	0.7734189	
0.76680297	-0.7013217	-0.6977742	
0.73023474	0.17227766	0.13656917	
-0.26082918	0.2283135	0.14877328	
-0.21126525	1.1349661	1.0205909	
-1.2340969	1.5920482	-1.1696143	
1.3826666	1.7525276	1.44703	
0.4721622	-0.34788707	-0.32024163	
0.23700988	-0.7045161	-0.47576135	
0.22112748	-0.010092463	-0.22517405	
-0.19523518	-0.051636722	-0.69188744	
0.9025749	-2.0356834	-1.002684	
0.5342883	-0.36406308	-0.38212022	
-0.34843072	-0.37972894	1.0560614	
1.125156	-0.7248327	-0.7489147	
0.053368118	-1.4534738	0.8468576	
-0.51085794	0.13542521	-0.006122608	
1.9206165	1.8601004	2.6419127	
-0.3963004	-0.48672116	0.0050816643	
0.5672976	-0.27353704	-0.27908495	
0.8891656	0.059224267	0.0155344745	
0.6603564	-0.0767548	-0.25601467	
-0.25060394	-0.82707644	0.03418063	
0.60074013	-0.44475543	-0.66798365	
-0.83920777	-0.8898231	0.9727991	
2.2555735	-1.6414787	-1.7896714	
0.050259676	0.5077003	0.33797586	
2.6284285	2.488762	2.2385936	
0.14992025	-0.6838002	-0.25876385	
-0.41948298	0.04511096	1.7074192	
-1.2116678	-1.1918349	1.918972	
1.0887786	-0.19401841	-0.17021687	
-0.8770475	1.2031507	-1.2307369	
0.16940315	0.48096144	0.22623554	
-1.5071713	-0.08254778	0.19791919	
1.2049257	1.4046776	2.265339	
2.3724556	-0.6982556	-0.6146854	
0.48474973	-0.35104108	-0.5149648	
1.9660109	-1.8514117	-2.0979514	
1.3772694	-1.4479008	-1.5473968	
-0.034283657	0.33347252	0.5540416	
0.5090664	-1.4691421	-0.6750987	
-0.16361879	-0.22345725	-0.13073485	
0.19608596	-1.4016367	0.3066672	
0.8432692	1.0241717	0.82264894	
0.4587235	-0.37238508	-1.3060565	
0.82951546	0.6846981	0.7162724	
1.0108379	-1.081533	-1.7963715	
-1.2804013	0.74912786	-0.6114759	
0.07438464	1.2914822	-0.85402316	
-1.0168383	-0.69006056	0.6181351	
-0.43331677	-0.3898008	1.0179807	
0.56607115	0.548234	-0.59273446	
0.21118942	0.070113994	-0.6175529	
-1.0146682	0.80755854	-0.5713996	
1.326871	-1.165498	-1.281621	
0.5554407	-0.4041995	-0.33529368	
-0.31702432	-0.0517009	0.18164922	
-0.14986151	-0.425331	1.0215161	
-0.8804904	0.3278332	-0.38317797	
2.3326511	2.171173	2.2249205	
-0.83250356	-0.7326656	0.6473993	
1.6233263	-1.700354	-1.8198829	
-0.6552389	0.6235792	-0.9778163	
-0.22985695	-0.28876728	1.0237113	
-0.56145555	-0.31922483	0.25285912	
-0.7668108	0.30815646	-0.38657618	
-0.058880527	-0.090703756	-1.6615223	
-0.27706757	0.09860582	-0.13713807	
0.25712675	0.687605	0.09100084	
0.4080803	0.98142743	0.3258505	
-1.4558791	0.25186208	-0.34537652	
0.15548867	-0.6461771	-0.23590307	
0.02092104	-0.03240714	0.16496249	
-0.008854447	0.26243916	0.12486826	
-0.43471366	0.5882555	-1.1273553	
0.36202592	0.33752453	0.096320644	
-0.12908041	0.18119322	0.53222424	
-0.24037907	0.31623906	-0.2877418	
-0.54474974	-0.81690764	0.87243754	
-1.193827	0.56208	-0.8751212	
-1.8308973	1.8859811	-1.849765	
-1.2920362	1.0453587	-1.9831334	
0.3968991	-0.40145442	-0.48874584	
-1.5818498	0.82979	-0.35983267	
0.13986838	-0.70801854	-0.3700856	
0.062327288	-1.1128789	-0.050837137	
-0.52744526	-0.5937724	0.17568576	
0.56822354	0.35271057	0.55918074	
0.36556712	1.814283	0.2462075	
0.6307173	1.0809367	0.5001898	
-0.05615601	0.4860559	0.09525916	
-0.9124455	1.6181288	-0.8882825	
-0.08221844	-0.1516283	0.6981522	
-1.5683734	-1.5393808	1.4665205	
2.2196128	1.951	1.6759745	
-1.5998967	1.371993	-1.4409316	
0.61044717	-0.09223605	2.122725	
-1.5696275	0.7877339	-0.7357941	
-1.0730464	1.0382159	-1.0195824	
0.52164894	-0.45599675	-1.0125402	
1.9432007	-1.8362254	-1.890575	
-0.36076704	0.0060706325	-0.49846426	
0.66022503	0.09744289	0.12924321	
0.21472634	0.1813062	0.47550443	
1.9597155	1.7191244	1.9416684	
-0.28134143	-0.40713143	0.68841183	
-0.16779341	-0.13670284	0.06563563	
0.06632159	-0.1774814	-0.4521258	
0.4378067	0.5177176	0.4443548	
-0.01554139	-0.23886359	0.60972154	
0.4099224	-0.47781008	-0.5846138	
0.7774924	-0.55646783	-0.04919913	
0.033918057	0.0020685203	3.2424927e-05	
0.6080772	0.7955224	0.64671224	
0.056002468	-0.20459507	-0.13825713	
-1.5384793	1.4583762	-1.5265036	
1.5647945	0.7716321	0.6947232	
0.82740647	-0.20554014	0.8911144	
-0.08707669	0.26326603	0.7330851	
-0.06435302	-0.33984897	1.6075674	
0.45491317	1.8272885	0.7274482	
0.9880567	0.644897	0.60324216	
1.4856911	1.4617176	1.7695606	
0.5255022	0.62307006	1.0605195	
-0.040079594	-1.6095741	0.04139442	
-0.039829154	-0.14509737	-0.80080515	
0.9476749	0.9418189	1.8166511	
-0.47143283	-0.7830472	0.4771354	
-0.15914674	-0.15637487	0.6860649	
1.4460746	-1.4631832	-1.3739127	
-1.9297231	1.9577973	-1.8931351	
-0.03096828	0.11761663	-1.6131419	
0.35592553	0.1717238	0.160707	
-1.1158798	0.91076833	-0.8240259	
-1.2536311	-0.28743905	0.27583677	
-1.2314752	-1.3488362	1.1333135	
0.7811476	-0.7523968	-2.1772416	
0.14388658	0.26092896	-0.23138401	
1.7876955	1.0872222	1.0697526	
0.049091183	-0.3205021	-0.037999313	
-0.35893613	-1.2141844	0.16900887	
-0.38281423	-0.07455164	0.20721184	
0.16807145	-0.019673506	0.010820494	
-0.60289156	0.26397923	-0.09219352	
2.635128	2.4518661	2.435617	
-0.84045434	-0.65510887	0.87497365	
2.166067	-1.9378269	-1.8060871	
-2.719979	2.7266643	-2.741923	
-0.61774117	-1.8339214	0.9903677	
-1.7882237	-1.6824932	1.8309917	
0.41668057	-0.32911715	-0.44734687	
-0.05806408	-0.8335135	-0.21783274	
1.0654159	-0.9560289	-1.1279823	
0.23905657	0.06406638	-0.0806603	
-1.7079337	0.32412535	-1.26747	
-0.8319682	-1.015297	0.83911073	
0.9173229	-1.591541	-0.9485245	
-1.6092544	-1.1151656	1.3427311	
1.823399	1.206231	1.49942	
-0.45294955	0.60770875	-0.83101696	
2.4937496	2.4458282	2.5287278	
0.5578927	-1.411406	-0.22286727	
0.16341141	-0.079920605	-0.4635535	
-0.36982855	-0.93122137	0.16805896	
0.55592394	-0.63871384	-0.46392906	
0.036191598	-0.4602934	0.57085466	
-0.4536298	0.7620461	-0.6976804	
1.7568345	-0.98589724	-1.091381	
-0.046117254	-0.094571084	0.0039310507	
1.4220394	-0.016493695	-0.38447744	
0.96409094	-0.71870583	-1.7790476	
-1.309481	0.80982614	-0.77002376	
0.9893762	-1.0508953	-1.1828808	
0.9353663	-0.3591438	-0.761951	
0.66097	0.09954343	1.7326663	
-2.0424044	1.8894396	-1.9818141	
0.0018923288	-0.123917595	0.06372581	
0.8588638	0.8561159	0.8960588	
0.48153105	1.156553	0.52246016	
-1.1149343	0.11018515	-0.5395664	
-0.03917778	0.24901867	0.005924242	
-0.37988847	0.20942001	-0.41052696	
-0.22999501	-0.3068399	0.3313142	
0.32322305	0.2756414	-0.40297347	
1.075926	-0.33461702	0.37358087	
0.7808067	-0.060079996	-0.035433423	
1.4221288	-0.9488633	-1.2289081	
1.6544307	1.5542384	1.5049306	
-0.2187351	-0.16113257	-0.21889314	
1.1449984	-2.2580717	-1.005029	
-2.4084058	2.0900166	-2.070054	
0.30628306	0.12977281	0.46531418	
0.71579885	-0.65413725	0.30208203	
-1.9205927	-1.8427016	1.7897379	
-0.92369646	-0.2523924	0.16998573	
1.9735779	-1.9741353	-1.8005762	
0.70855284	-0.86373234	-0.81604326	
0.2654568	-0.018016707	-0.33471534	
-0.75256085	-0.7017666	0.70603573	
-0.00906879	-0.03375791	-0.059063792	
0.04197928	0.32491443	0.26870066	
0.9597905	-0.61935586	-0.7143448	
-0.8662946	-0.7359403	1.4547262	
0.49174377	-0.2451555	-1.0329697	
-0.987427	1.0387428	-0.9940587	
-0.22385931	-0.4584065	0.33194003	
1.389483	-1.4641482	-1.6186564	
0.26394236	-0.013574213	-0.42769718	
1.1333681	-0.7580063	-0.8423711	
-0.38408035	-0.12426404	1.2080365	
-1.0728732	1.1786855	-1.1287413	
2.1450996	0.78478086	0.71241766	
-0.7622677	0.9802368	-0.639316	
0.44409493	0.45923695	0.42762247	
1.8830249	1.1624134	1.2735025	
1.3154511	0.7737136	0.8589619	
-1.9363174	-1.077494	0.98430926	
-0.23598455	-0.13575287	0.09207	
-0.9862998	1.2835202	-0.20814931	
-0.75349313	0.54956126	-0.7838982	
-0.4340282	1.2668204	-0.4615493	
-0.36998123	0.43139917	0.815493	
1.395874	-1.2446275	-1.4167573	
-0.4619172	0.17215733	0.38671225	
1.0646827	-0.2196291	-0.6885567	
0.6822127	0.80626166	1.3515238	
0.44109422	-0.041782733	-0.08249977	
0.7085251	1.7937562	1.4209939	
-1.4909587	1.0323191	-0.15166344	
-0.90727586	-0.7305842	0.7151859	
0.70904875	1.4290578	1.6196196	
-0.32546285	-0.5825387	-0.17632031	
-0.39605522	0.5803512	-1.3666358	
0.42300847	0.5710169	0.7155013	
0.82863766	1.1302214	1.1291112	
0.65555793	1.5626105	0.6120547	
-0.07784003	0.0950061	-0.091307126	
1.4030263	-1.5350283	-1.2427986	
1.1719905	0.2908934	0.3790666	
1.71703	0.2603174	0.5692043	
-0.90878546	-0.026226832	0.018251926	
-1.1608572	0.62163156	-0.08581668	
0.7155613	-0.5213322	-0.5957877	
-0.31759566	-0.2706952	0.44800332	
-1.4777368	-1.2193652	1.20974	
-0.30708104	-0.26667848	0.34946892	
1.002434	-0.021955537	-0.287152	
0.7106448	0.7082862	1.2553313	
0.45105422	-0.019413246	-0.70433885	
0.4519214	0.82051814	-0.34507394	
-0.15148959	-0.37343177	-1.5645522	
1.1325479	-0.6957099	-0.8940915	
0.7002284	-0.4429366	-0.45378786	
0.8832412	-1.4467722	-0.873143	
-0.027575094	-0.09254713	1.2063967	
2.243265	-1.4025508	-1.495414	
0.74494344	0.23818213	0.2821607	
-1.3906354	-1.008242	1.6144282	
-0.47291788	-0.7413044	0.6463862	
0.013837081	-0.27417007	0.16873032	
-0.27838486	-0.42400867	0.6002112	
0.33467856	-1.5671356	0.014316565	
1.4465967	1.4939218	1.4447496	
0.6121478	0.21597187	0.58430564	
1.3498694	0.009985768	0.6542784	
0.8152805	0.08236723	0.067857064	
-0.27493754	-0.61471134	0.5501501	
-0.81343484	-0.75223064	0.741204	
0.90892345	-1.5538006	-0.45563954	
-0.73192155	-0.415911	-0.16263019	
0.92485845	-0.93294984	-1.0273393	
1.8484104	1.8036934	1.855698	
0.6867934	-0.1916518	-0.3326071	
-0.72924083	0.050105322	-0.07725693	
-0.50002533	-1.6454692	-0.026998132	
-1.755991	-1.5159099	1.4531399	
0.022554638	0.2429112	-0.13963683	
-1.5005398	0.514772	-0.3023118	
-0.44603154	-0.56840056	0.524689	
-0.7320159	-0.8684841	0.6395939	
-0.9313776	-0.6409778	0.6210021	
-1.6185917	1.4071965	-1.5061384	
0.54689276	-0.38979706	-0.34623373	
-0.1836473	-0.09459677	0.1329558	
1.9439476	1.8618208	2.008072	
-0.7132323	-1.5517637	1.6924913	
1.1110123	2.2961109	0.78774166	
0.9173676	0.14694755	0.0794048	
-2.3996634	-2.0941765	2.0223467	
-0.7904773	-1.25289	0.84155625	
0.60570973	-0.10175165	0.22423244	
0.12432327	-1.0349344	-0.052619673	
-0.4134533	-0.48440406	0.6484088	
0.5259413	0.33420125	0.35162768	
-0.2365342	-0.36096305	1.218755	
-0.24316743	0.3670856	-0.16344501	
0.9435554	1.3583775	0.96900576	
-1.1736151	0.5133721	-0.49365303	
2.1953752	-1.6997639	-1.8557692	
-0.31493992	-0.27214083	0.50865465	
0.7754828	1.096993	0.7187727	
2.5254025	2.4812465	2.5776703	
0.3504211	-1.0436901	-0.059021674	
-0.92749	0.07524749	0.05672163	
-0.86269397	0.48811403	-1.4795793	
-0.0052489163	0.2232803	0.12474739	
1.4826425	1.7673755	1.9230078	
-1.1548237	0.08501807	-0.020633595	
0.9982416	-0.011502989	-0.010256262	
1.6349516	-1.6199623	-1.5940899	
-1.5850025	2.1869183	-1.6667389	
-1.454008	1.738414	-1.4502414	
-0.13586773	0.07674286	-0.6946344	
0.17997961	-1.1021184	-1.6097045	
-1.9454694	-1.8603458	1.8725555	
0.5030885	-2.2334218	0.19305818	
-0.08645097	0.047542464	-0.119098574	
2.3784554	2.0387354	2.5010939	
0.13460083	0.4983077	-0.11120775	
-1.2381569	-0.24927884	0.44074696	
-1.1796329	1.3291274	-1.0713725	
0.96215856	-0.9785713	-1.0405357	
0.0657502	0.76531667	0.44158015	
-1.6060401	-0.5022129	0.16098079	
0.26264775	0.7080657	0.11789224	
0.39541125	-0.93010724	0.86936533	
-0.8084127	0.9478445	-0.3322917	
-0.7016195	1.3818861	-1.6860343	
-0.107873976	-0.12832412	0.08851581	
0.18994612	0.21714567	0.03350428	
-0.2992745	0.48174015	-0.39423802	
-0.9974184	-1.007526	1.311096	
-0.08214775	-0.34758377	0.05428025	
0.38968045	-0.43090695	0.23629569	
0.3299812	0.64418983	0.7346991	
-1.1783783	1.1392947	-1.4194524	
-1.3222858	-0.754191	0.6749425	
0.53549886	-1.3320987	-0.46382043	
0.48908606	0.07146609	0.13578497	
0.29372662	-0.38077042	-1.7840245	
-0.49275386	1.5883119	-0.5052345	
-0.4215643	0.5325093	-1.2306719	
-0.014071577	0.073019505	-0.043659467	
-0.98045826	-0.8162578	0.89124936	
-0.5215115	0.83197397	-0.990202	
0.33697662	-0.16524214	0.31580007	
-0.5948547	-0.604516	0.61218464	
0.22128628	0.20831682	0.22931425	
0.18601488	1.2928798	-0.742609	
0.4722252	0.4943971	0.4094454	
-1.808314	0.86646837	-0.8565521	
0.8006555	0.80481607	1.496213	
-0.3815552	0.46470118	-0.7128448	
0.80577767	-1.3193364	-0.960274	
-0.15515599	-0.0010401012	-0.7394869	
0.98888326	-0.5931091	-1.3310583	
0.29969373	-1.6222713	-0.90318793	
0.32312348	1.2787144	0.8763179	
0.33194664	0.21850348	2.1931553	
-0.2716493	-0.8448558	0.22161573	
1.8370112	-1.3326653	-0.7462774	
0.37919855	0.48338816	0.54519385	
-0.28490958	-0.9534699	0.17973252	
-1.3096716	0.417822	0.09750598	
-0.4987774	0.3560675	-0.1311996	
-0.43222758	0.6928391	-0.7374262	
1.335603	-1.4884423	-0.3983583	
-0.40305057	-1.0033338	0.5357656	
0.9626214	1.2069815	1.4699273	
1.2525158	1.2640663	1.6071792	
-0.21123861	0.09078653	-0.011786598	
0.3886496	0.36525485	0.33669043	
-0.16289179	0.43603787	-0.05240483	
1.2434368	1.3570817	1.3537871	
-0.43591338	1.1933478	-1.7747352	
0.5211175	-0.474277	-0.46082112	
0.3387709	0.1487522	0.5889112	
-0.9801203	0.7926132	-0.91289	
-0.0067196144	0.100545146	-0.014441145	
-0.662201	0.42405692	-0.2797626	
0.40602925	-0.33952752	0.6572067	
0.19464993	0.68041945	0.28775835	
-0.33380955	-0.56427956	0.40034106	
1.1345129	1.71992	1.5456207	
-1.7992302	-1.8119513	1.8101865	
-2.5380187	-1.2496825	1.5122918	
-0.15515335	0.00072360045	-0.06639881	
0.1740079	-0.018735003	0.3009814	
1.1920072	1.3072622	1.1283869	
1.6880583	1.686861	1.6444843	
0.52077305	-0.49470133	-0.43818966	
-0.054446075	-0.9801536	0.03143617	
0.5813433	0.6366277	-0.3208526	
0.47199085	0.0484745	0.031371307	
-0.5030315	-0.8141115	0.19480325	
-0.7033051	1.2558308	-0.66966665	
7.891655e-05	-0.18527204	-0.18344942	
-2.066035	-1.9367847	1.6350319	
0.040275056	0.050758768	0.29320556	
-0.79706335	1.0956212	-0.9013899	
0.52009696	0.42121625	1.0017488	
-0.54192156	-0.54817694	0.7232773	
0.6861267	0.7400028	1.5099103	
-1.7534927	1.2693094	-2.0899315	
-0.3205596	0.07124933	-0.1466913	
0.9435407	0.03878054	0.0013582709	
-0.057280105	-0.85249674	0.12428905	
0.5058726	-0.3918989	-0.4992797	
-1.6575178	-1.6555399	1.5471412	
0.10836919	-0.15799825	-0.0787301	
0.78422767	-0.6375427	-0.8506757	
-1.1273385	-0.26415816	1.0415838	
-0.35175565	-0.2988413	-0.26355386	
0.15785585	1.334085	-0.073187575	
0.6756699	-1.0083263	-0.48008847	
-0.86050373	-1.8383132	0.89199793	
0.042642616	0.4969789	-0.35985655	
1.2652831	-1.1545695	-1.2918378	
-0.638304	0.03425194	-0.8865889	
0.0048480127	1.2195327	-0.4255542	
0.1229701	0.11458472	0.361921	
-0.2635375	1.1296046	-0.8466482	
-0.27195105	0.056412634	-0.5676602	
-0.8791815	0.9311969	-1.6626815	
-0.1643199	0.2879151	-0.07812287	
0.52612615	0.5524281	0.4754812	
1.4684991	1.2776856	1.1924497	
-0.1694878	-0.24804486	-0.36432454	
-1.1982518	-0.20992717	-0.75174063	
1.0414128	1.0516878	1.3660251	
-1.4197665	0.8293596	-0.8131123	
-0.95035106	0.98641294	-1.531257	
1.6704322	-0.6767963	-1.0566632	
-0.2755843	0.1363282	0.47335687	
1.9830275	-1.3724324	-1.1500546	
0.59519833	-1.0595142	-0.65720165	
-0.8979348	0.8523978	-0.7590429	
-0.5034879	0.24144486	-0.54646283	
2.2090728	2.2899082	2.3546126	
-0.08584761	-0.7862607	0.07958414	
0.25153533	-0.38715693	-0.2608567	
0.038100798	0.52912503	-0.44677565	
-2.1478474	2.022218	-2.3921819	
-0.5840283	-0.8956532	0.71042675	
-0.975497	0.20332116	0.75779945	
-0.88504773	-0.80993295	0.7416366	
1.0571921	-0.6560741	-0.38527507	
-0.42717865	0.7113164	-0.22216749	
-0.44294637	0.90119255	0.86655676	
-0.505388	-0.6994238	0.5916133	
2.0222158	-1.7803086	-1.8635244	
-0.66808045	-0.20082006	0.048581854	
0.14833936	-0.29411417	-0.39536712	
-1.7977573	0.28430894	-0.20892745	
-0.40248835	0.33694524	-0.24174495	
0.74667764	0.76854426	-0.013177943	
0.40732026	-0.3459117	-0.39712945	
-1.3364065	2.0638568	-1.8634146	
-0.14507316	0.08160754	0.12444103	
1.2082518	1.1026577	0.78304905	
0.58112043	-0.85536313	-1.2614895	
-0.027611818	0.33694866	-0.48378745	
-1.9314572	1.9259951	-1.8870941	
-1.0020475	1.3182777	-0.9675715	
1.5173675	1.0260726	1.0244085	
0.08844892	0.22423823	0.055606384	
-0.8602653	-0.6864476	0.79111344	
-0.6998367	-0.7641719	0.8546303	
-1.6302086	1.279046	-1.1900333	
-1.9611542	-1.854054	1.985955	
2.1806688	-1.9346412	-2.2075279	
-0.5164451	0.220229	-0.30746585	
0.16161671	0.47816646	0.6339718	
0.19288419	0.22385968	0.72482604	
0.9490965	-0.5646249	-0.63536435	
-0.4952351	0.71737856	-0.683167	
-0.79370046	-0.22900614	0.42507663	
-0.9788823	-0.61112696	0.5888063	
0.62684244	-0.34022206	-0.26022077	
0.85818976	0.11559083	0.4178611	
1.5413735	-1.1026129	-1.127238	
-0.5258666	-0.44953817	1.1731125	
1.4757816	0.71876514	0.037324946	
-1.1117883	0.85936886	-0.65228945	
0.24751322	-1.1428708	-0.66364735	
0.6987989	0.42472157	0.61619896	
-1.3764695	-1.0526801	1.7355374	
0.8878274	0.30392033	0.31624222	
0.91144234	0.6496373	0.8198405	
0.6602746	-0.102411516	-0.046162575	
-0.72624683	0.08330582	-0.052562892	
1.1737914	-0.17494266	-0.40525746	
0.72473824	-0.37030488	0.1529459	
0.092577	-0.6638426	-0.08849228	
-2.2308638	-2.1198685	2.0974433	
0.47512972	0.5575938	0.96901536	
-0.15298451	0.33258823	-0.13447222	
-0.5152955	0.22829877	-0.6365115	
1.4053516	0.57968235	0.41175723	
0.16044159	-0.012430947	-0.020939281	
-0.5603919	-1.2406796	0.7334642	
0.44199756	-1.3060666	-1.3703657	
0.5390476	0.5602667	0.8060505	
-0.9309083	0.2730034	0.058669224	
-0.34682992	-0.73645747	0.07471363	
-1.1321399	1.5166698	-1.4765103	
-0.006724621	-0.79595554	0.22315525	
-0.018233327	1.2051662	0.42630935	
-0.15492369	1.3335656	0.038724016	
-0.8058568	-0.4929031	0.40901345	
-0.5268474	0.05386009	0.07277695	
-0.3965219	0.4401763	-0.32509604	
-0.26453117	0.47903675	1.309331	
0.044733353	-0.2909157	0.12155505	
0.102973275	-0.66933185	-0.21579976	
0.3990479	-0.048651632	-0.41973302	
-0.30557364	-0.37945625	0.9454427	
-0.67666346	-0.63240594	1.2428176	
0.064467095	0.06547357	0.033354275	
-1.0890455	0.95068234	-1.1616191	
1.3554108	1.3288113	1.4219431	
0.41972083	-0.27254495	-0.36142987	
-0.47637016	-0.5429529	0.84324485	
-0.19060579	-0.044201296	-0.02413855	
-0.28540555	0.073718056	0.4822937	
-0.95641863	-1.1588782	0.010592798	
0.30864128	-0.3008207	-0.5178651	
-0.34999734	0.22001591	-0.14055721	
0.3421301	0.29841042	0.6992553	
-0.12119694	0.3798571	-1.2097173	
-1.9879035	-1.7789801	1.738452	
-1.3317449	-0.6020607	0.7066804	
0.45858207	-0.36194685	-0.25019178	
0.24016258	0.29722777	0.4722179	
0.786521	-0.08602831	0.37532035	
0.6456579	1.9519455	1.141556	
2.8831074	2.7875214	2.9093592	
0.09879367	0.24645391	0.8311461	
-0.61336994	-0.18662849	0.64891905	
-1.5811986	0.15400377	-0.08168587	
-0.14906494	0.18199515	-0.080107704	
-1.6873652	1.2516929	-1.2641222	
-1.5817435	-1.5914711	1.5659237	
-0.5044733	-0.24758294	0.20136291	
0.6874318	-0.42252398	-0.5569939	
-0.9917064	1.1262704	-0.93417835	
-0.10392042	0.3612001	-0.09558952	
0.17785339	-0.46865803	-0.28842187	
1.2576507	-0.17347977	0.22481018	
-0.96143484	-0.6378894	0.6023074	
-1.4293375	1.7892991	-1.4068029	
-0.15875746	-0.83050686	-0.8388321	
0.6420623	0.65659386	0.62925786	
0.28236887	-0.30773926	-0.4263141	
-1.1631756	-0.96024746	1.9079132	
-0.31591678	-0.35015786	0.5822825	
0.19025646	-0.9460413	-0.3934419	
1.579121	-1.545995	-1.984862	
0.4703364	-0.4318144	-0.3329638	
-0.73423	0.66181225	-0.60791034	
1.0389647	-0.13103534	-0.1769912	
-0.8844195	-0.88554674	1.8497304	
-1.8511835	-1.4216375	1.8030794	
1.5124638	1.5156155	1.516047	
-1.4946615	-1.0967166	1.281013	
0.73252964	0.48702112	0.48813653	
-0.7424281	-1.184028	0.54286355	
0.56020385	0.259397	0.64304763	
-2.522394	-2.2215633	2.0883572	
0.47634315	0.49780473	0.7433138	
0.35988462	0.6497666	0.36654446	
-0.85401636	0.7922428	-0.7095711	
-0.7594252	1.0860454	-0.6365068	
0.37596828	-0.9436556	-0.30349058	
0.6100194	1.1469169	0.8811479	
1.0870088	0.60238224	0.49601087	
-1.3011779	0.91976196	-0.93824077	
0.67819244	0.75916725	0.62376106	
0.016239047	0.42076805	-0.15973483	
0.60458773	0.36509958	0.56210274	
-0.34964722	-0.87440765	0.30922702	
0.6372694	0.66558987	0.5985374	
-0.8627978	0.26927915	-0.103292055	
1.2816329	-0.59739834	0.85069305	
1.6230924	-1.6187576	-1.5304737	
0.55841976	0.01874788	-0.038852215	
-0.60242236	1.1225857	-0.5979913	
0.13349822	0.11722954	0.27432945	
-2.0558608	-1.1567334	1.1510818	
-1.2315632	1.8628411	-1.2013371	
-0.99168557	1.0412644	-1.3788117	
0.2509734	-0.2106529	-0.33073354	
-0.582724	1.1474164	-0.43260068	
-1.2402806	-0.9680032	0.9424587	
-1.3769056	-1.2743863	1.0708984	
-0.7007046	-1.4281181	0.8369748	
1.7492743	1.8831363	1.7207634	
0.9636952	-0.8763561	-0.7398316	
-1.9312854	1.3262475	-1.3186408	
-1.1302998	-1.1431534	0.3732178	
-1.9590771	-1.9362087	2.1012301	
0.02870709	-0.29531285	-0.23186836	
-0.3377443	-0.21573488	0.63262695	
1.2639318	-0.9972903	-0.9340469	
-1.5526912	1.7470635	-1.6133307	
-2.1595623	2.1376426	-2.3228035	
-1.5671091	0.79679674	-1.4104109	
-0.13637803	0.33480826	-0.1362657	
0.520963	0.6449638	0.31659445	
-0.48890215	1.0652392	-0.65841925	
-1.3597049	1.5560876	-1.4393824	
0.73335487	-0.6857251	-0.9186592	
0.4675136	-0.43526262	-0.36400545	
-0.0661945	-0.034495793	0.18187231	
-0.28985998	-0.017036969	0.05985449	
-1.4085441	1.6193146	-2.3094988	
0.2615888	0.28577527	0.6088124	
0.6731516	-0.46251094	-0.46815318	
1.2060394	-1.0051649	-2.428931	
1.1393232	1.1987706	0.90928304	
-0.5660988	-0.78740543	0.2886312	
-0.949855	-0.9705256	1.0849255	
1.2506696	-1.8404928	-1.0308117	
0.8359834	-1.6711752	-1.6038278	
1.8231281	-1.8804001	-1.95335	
0.8432868	1.3314362	1.2226367	
1.0317639	0.20848529	0.35776874	
-0.96426964	1.2051522	-0.74635416	
0.3701517	0.18697518	0.42006978	
0.4616716	-0.15256736	-0.08604634	
-0.7811292	-0.30039302	0.36920133	
0.90799665	0.0024111283	0.00907475	
-0.7954374	-0.81293845	1.2014452	
0.79978883	0.71737474	0.6832739	
-0.007873934	0.2776822	-0.38088682	
1.4436228	-0.5341329	-1.8387676	
-1.2058464	-1.158492	1.0585026	
0.021077221	-0.25499314	-0.010263891	
-0.7917528	0.5640325	-0.8876967	
-0.5104594	0.5107122	-0.48910388	
-1.1067079	-0.6087795	1.1902891	
1.3851806	1.4216366	1.3012668	
0.45028046	-1.5167844	-1.2859155	
-0.31285727	0.7681494	-0.35890278	
1.381275	0.7857554	0.8225562	
1.3494637	1.2581695	1.4944992	
0.24173588	-0.22117503	0.41076887	
-0.0706548	0.08004645	-1.0922902	
-2.0692434	-1.835818	2.0452163	
-0.10996131	0.24216892	0.65142244	
-0.32027414	-0.18927337	0.1226025	
-0.89169747	-0.74209803	0.89792436	
-0.9782012	0.57599276	-0.5322641	
0.85766584	1.1606367	0.8642817	
-1.5740565	-0.3110845	-0.11319824	
0.051237583	0.14061184	-1.0461751	
0.39884079	-1.038037	-0.79482096	
-0.3217899	-0.38028216	1.4479576	
1.854246	-0.07597678	-0.4049355	
-0.24813324	0.6299633	0.07103878	
-0.47031462	-0.5908089	0.62271434	
0.28785402	-0.5373098	0.10972767	
0.09324458	-0.07616385	-0.325409	
-0.9533182	0.9619887	-1.1422321	
-0.25969195	0.054283354	-0.4283888	
0.5771835	-0.45313555	-0.31505784	
-1.8258337	-1.7813677	1.4945852	
0.28942528	0.40708	0.96541464	
0.43153524	0.3063419	0.8569557	
1.3237368	-1.2143121	-1.3237033	
-0.21461155	-0.25632742	-0.07881057	
0.7949208	-0.87810725	-0.7329943	
-0.32769546	0.21397921	-0.457351	
1.5175339	-1.8348817	-1.6168499	
0.4451388	0.29264414	-0.15597369	
-0.08794118	-0.20256612	-1.6593696	
-0.5645113	-0.8988707	1.7487774	
-1.4498079	-0.9461553	0.325532	
2.3437772	-1.0084705	-1.1070471	
0.40053958	0.72821635	0.6803206	
-1.3436018	-0.92007756	1.1815253	
0.031223688	-0.031634465	1.2257415	
-1.2957706	0.77947474	-0.8010833	
0.74291325	-1.1037104	-0.932059	
-2.2111719	2.1202166	-2.264887	
-0.14528958	-0.21800223	0.07959488	
-0.5606262	0.23720403	0.19810651	
-0.77852815	-0.8946106	1.8595241	
-0.88798434	1.292518	-0.88419414	
-0.31863576	0.8602652	-0.42463607	
1.7246281	-1.7583389	-1.9202048	
-0.80590665	0.21801104	-1.7868857	
0.35756814	0.82052034	-0.29645315	
1.0746106	1.0268034	0.9872229	
0.06754725	0.34905356	0.15497969	
-0.73778194	-0.10114068	0.06630226	
-0.09436965	0.44040146	-0.09452879	
0.49865073	0.40855467	0.80109423	
1.1071168	-1.1199645	-1.1427137	
0.4044225	1.414778	-0.10139274	
-1.841814	0.080929555	0.05946385	
1.8413267	-1.6172776	-1.5360785	
1.4481813	1.2677612	1.1635262	
-0.46885175	0.2443749	-1.0612699	
-0.9708768	0.67979425	-0.7587507	
-1.518837	-1.0373212	1.7475994	
0.7136495	0.13427727	0.14508875	
0.50508785	0.49967673	1.0984782	
1.1421559	-0.5790074	-0.5721439	
1.1977818	0.5532634	0.8045905	
1.1542441	-1.003556	-0.40173236	
0.5004818	-0.5980064	-0.5351642	
0.8108002	0.6729475	1.0355437	
-0.012996141	1.0627636	-1.0072347	
0.38129604	0.23452882	-0.6088605	
-1.7133656	0.71469843	-1.3530984	
-0.09395483	-0.13694021	-0.18980454	
-0.5444802	0.046949904	0.538457	
0.6649081	0.87780607	1.2212648	
1.0855962	-1.8278649	-1.8095598	
0.550016	-0.0877699	-0.07327257	
0.8011659	-1.7744256	-1.376485	
0.5401039	-0.19642526	-0.17601949	
-0.9194214	0.9237219	0.61153495	
0.36898923	-0.13740396	0.16095944	
-0.7559147	0.22661203	-0.13846377	
-0.015970092	0.07375387	-0.15184088	
0.71800816	-0.6720308	-1.2122926	
-1.3697999	1.5784497	-1.4198711	
-1.5843896	1.7801269	-1.6401465	
0.10207112	-0.4549625	-0.25416106	
-2.071014	-0.018570838	0.11906556	
-0.27269056	-0.37134305	0.47549307	
0.22834104	0.5789968	0.16826786	
0.19257425	0.2865077	0.65657926	
0.36071396	0.4276933	0.58324456	
-0.22148891	-0.5856097	0.2768085	
-1.3079965	-1.5570674	1.7853745	
0.45009744	0.32975313	0.6575535	
-1.0088696	-1.1107963	1.0816802	
0.6128258	-1.2701199	-0.59489006	
-0.3822196	0.15187325	-0.29026777	
-0.08060728	0.3165622	-0.4359294	
0.9897355	-2.0604773	-0.91652334	
-0.027980246	0.19561344	0.030505639	
1.539232	-0.08406914	-0.715018	
-0.6784309	0.7479886	-0.32224166	
2.2063298	0.8277591	0.87910676	
1.4827844	1.9702806	1.8404895	
0.29413393	1.2407141	0.27606636	
2.0408306	-1.6384492	-0.91711706	
-0.7229478	1.4397451	-0.718846	
-0.553004	0.49734262	-0.31137308	
-0.16918284	0.383107	-0.84440666	
0.5153774	-0.46457464	-0.24413352	
0.27649552	-0.033390168	-0.10127669	
-1.0285202	-0.14965388	-0.0036451856	
0.8807712	0.22101405	0.16145305	
0.40132788	0.97161406	0.8821654	
-0.7575784	0.26360273	-0.07879266	
-1.0709717	0.21893705	-0.23893335	
0.25525895	-0.4702961	-0.3144221	
-0.65769506	-0.49994302	0.56873375	
0.0049686534	0.27105495	-0.5481757	
-0.7782095	-0.14399275	0.5480077	
0.0014486315	-0.3727333	-0.445527	
1.5393037	-0.34871012	0.07285311	
2.2602572	-2.3321574	-2.465973	
-1.7906166	1.9121486	-2.3017282	
-1.3376225	-1.6230028	1.392275	
1.4020332	-0.60628587	-0.4732669	
0.33097342	0.46889657	0.4441029	
0.2983897	0.8890784	0.16574816	
-0.19322434	-0.7277183	-0.037048403	
-0.98256725	-0.8618018	1.505464	
-0.19523133	0.6116239	-0.3587243	
0.77894753	-0.8358413	-1.0875889	
1.6763139	1.7041247	2.0827694	
0.43346176	0.49965948	0.29659486	
0.50198245	-0.24825636	0.77181154	
-1.0988884	1.0047798	-1.0851812	
-1.0001463	-1.3877265	0.84470296	
0.8094396	-0.29493156	0.083646394	
-0.06390134	0.7669202	-0.432196	
0.764785	0.8634214	0.95181274	
0.19347113	-0.012585329	-0.88653034	
-0.5897105	0.3832759	-0.60285205	
-0.65926725	-0.8393288	0.51708513	
1.5516013	-1.4167002	-1.4587464	
0.47789624	0.49070355	0.6889325	
-0.94910777	-1.7313591	0.91856825	
0.88010955	-0.47411856	-0.63196826	
1.1254066	-1.1383206	-1.3311685	
0.23920676	0.41159734	0.9708544	
0.50383705	0.50154525	0.4512671	
-1.7394468	0.4922536	-0.609582	
-0.5714512	-0.97101086	0.48968157	
-0.10792156	-0.52370495	-0.28058875	
0.5220414	-0.11921677	-0.058156066	
1.7422991	-1.4638815	-1.5142359	
-0.12393327	0.5549882	-0.18866092	
0.83285236	-1.0250617	-0.91974175	
-0.7587386	-0.5304707	1.8525106	
0.75149626	-0.8909968	-0.90168685	
0.97647154	0.80604154	1.2572992	
0.4456074	-0.48258314	-0.52756476	
-1.2761111	0.05584618	-0.19870146	
1.5917593	0.89426565	0.5533961	
-0.5670904	1.5950959	-0.5690664	
-0.9343779	0.99664974	-0.69113654	
0.13085623	-0.0363849	0.2690274	
0.1499332	0.45653272	1.511536	
-0.5287717	-0.6745658	1.151685	
-0.9355359	-1.6315966	0.4134069	
-0.22795628	0.1056855	-0.13351378	
0.2399224	0.14839834	0.12668647	
-0.58815503	0.8225157	0.24118456	
0.7887026	0.61750627	1.0604917	
0.9831866	-0.04724654	-0.17431155	
0.53044516	0.9480622	0.051473774	
-1.2314265	-1.7900912	1.0656158	
1.3100106	-0.2659182	-1.489316	
0.46450272	-2.175044	-0.34072635	
1.4417772	1.2718437	0.7761488	
-1.6152583	-1.7565845	1.6411588	
0.9857768	-0.91891736	-1.1853806	
-1.5388361	1.5794028	-2.2352192	
-0.18486156	-0.0017820601	0.26334414	
1.5294691	0.4698131	0.66988915	
0.53432846	0.5340586	0.4544883	
0.4658407	-0.3581473	-0.40139884	
-1.3785197	-0.6674479	0.78473014	
-0.16803543	0.99084467	-0.32877707	
-0.21568376	-0.15205526	0.31833172	
-1.566745	1.2461268	-1.2367902	
-0.7500827	-0.7788212	0.7640852	
0.65319294	-0.7540092	-0.8259493	
0.27649015	0.3605576	-0.15957071	
0.6872158	-0.021846805	0.6724669	
0.6224067	1.3122026	1.1033723	
0.2808201	1.0673754	0.6554135	
0.29048434	-0.3979688	-1.1277629	
-1.6708006	1.5139973	-1.5907283	
0.84281814	-0.89832544	-1.9656606	
0.44986105	-0.96975857	-0.38140777	
1.516687	-1.27121	-1.2911483	
0.6491922	0.7528634	0.612688	
0.26297325	-0.28431258	-0.15892036	
2.2280781	-2.347172	-1.9705455	
0.100920655	-0.112107	-0.17203519	
-1.5622673	-1.5103595	1.7364762	
0.111367986	-0.93098456	0.493279	
1.4576308	0.14855225	0.10962317	
-0.6069883	-0.22779867	0.69328916	
1.3287367	0.5338608	0.24812356	
-1.2846682	0.29111695	-0.065696254	
-1.9917976	-1.5759037	1.6888592	
0.25103906	0.29575706	0.26565745	
2.0095842	1.913606	1.9307088	
-0.9057998	1.2398155	-0.96861786	
0.45520708	-1.0725096	-0.49516642	
-0.076588854	-0.82176805	0.30125454	
-0.56879133	0.5075941	-0.65757614	
-0.11012572	0.11872844	0.38287085	
-0.087640546	-0.6354093	-0.030922135	
-2.509007	2.7283323	-2.4988081	
0.46607822	0.60872334	0.7017661	
1.6148932	1.0938039	1.0361835	
-0.30344436	-0.35925213	0.99344844	
-0.34160864	0.38570204	-0.071364515	
0.6437223	-0.44693634	-0.45918885	
0.11231819	0.29266533	0.19271141	
-0.07721145	-0.63317025	-0.002163292	
1.8845153	-2.1716895	-1.4316859	
0.00069999695	1.4133823	0.051990774	
0.28042012	-0.3817783	-0.20927912	
-0.1245978	-0.29172075	0.6155998	
-0.9155065	-0.47682324	0.51271844	
0.46661767	0.86587775	0.30134916	
-0.41271842	0.7168994	-1.3172436	
0.9093768	-0.6082762	-1.6845278	
1.0951265	-0.06538789	-0.1930678	
1.0767084	1.1351427	1.0446895	
-1.7443774	-2.0386608	1.748565	
0.03318495	0.23134463	0.18876447	
0.57719743	-0.5972644	-1.5182211	
1.0260428	-1.4558406	-0.90593314	
0.11867054	0.22037813	0.056115568	
-0.4219097	0.87942076	-0.6057264	
0.42381683	-0.6065877	-0.54742277	
0.08204434	0.027573664	0.28218356	
-0.13747907	0.19719838	-0.27836677	
0.121103495	0.17498542	0.7911293	
-0.020292979	0.8225804	0.11362459	
0.29199412	1.1195657	0.011896751	
-0.22675064	0.20709158	1.5798888	
1.2707088	-0.82750815	-0.98782504	
0.37212425	0.6115891	0.44685382	
-0.93509126	0.68362975	-0.7699852	
0.4344243	0.39268577	-0.4427187	
0.8979974	1.30291	0.8235444	
-1.4963058	1.177337	-1.5261259	
-0.094528906	-0.47797307	0.07119395	
-0.5700065	1.7958568	-0.10481167	
-0.70559233	0.8075764	-1.7968742	
-0.29349276	-0.07248713	0.1445272	
0.5213503	-0.6003488	-0.16869622	
0.060231768	0.014478698	-0.1588725	
0.35336253	-0.4659124	-0.48571187	
-0.90086716	1.1189384	-0.86964375	
-1.5874908	1.526195	-1.8005267	
-0.8963522	0.7958301	-0.56513566	
0.43524238	-0.611616	-1.53001	
0.052188795	0.57833236	-0.24931397	
0.9070568	-0.78583735	-0.6484405	
1.0191703	-0.409971	-0.5372654	
1.1612166	1.702302	2.041363	
1.5130883	-1.2099327	-1.2436272	
-1.7114362	-1.3565105	1.305944	
0.6456764	-0.23357266	-0.25806847	
0.18265267	-1.104087	-0.12519617	
0.628814	0.46418053	0.5740253	
-1.5675417	1.5604172	-1.5339844	
0.7262466	-0.4571667	-0.55426615	
0.96936363	-1.0224941	-0.9288034	
1.28521	-1.1782188	-0.9825396	
-0.4420217	0.8401033	-0.24495801	
0.6966794	-0.84558773	-0.141245	
-0.21686246	0.7240158	-0.27552563	
-0.17542028	-0.3845712	-0.4824225	
-0.2901268	-0.30355766	0.3104531	
-1.7430736	-0.91986287	0.9659561	
-0.888588	-0.8749719	0.86247826	
0.01879056	-0.377567	1.3121904	
2.3231728	-2.3679066	-2.321654	
0.39271227	0.4282265	0.9853741	
1.5699054	0.18552549	0.28004327	
1.2785345	-0.12381732	-0.19114232	
-1.743784	2.0722344	-1.8815552	
1.4509509	1.615648	1.528164	
-0.5152297	0.75632864	-1.0889165	
-0.108025335	-1.016092	0.7573515	
-1.2981925	1.0306444	-1.1154757	
-0.020955019	-0.31190616	0.034895144	
-0.21046498	-0.6793697	0.180356	
-1.5488647	-1.3341507	1.7487501	
-0.862448	1.0822622	-1.4917883	
0.18654972	0.2451411	1.4271015	
1.1085443	-1.4515551	-1.0258237	
2.3330467	2.1755943	2.6243174	
0.75079185	1.1257228	0.84158456	
0.15343514	-0.25623	-0.27618885	
-0.12736823	-0.80427635	0.5927882	
-0.849607	1.3631545	-0.63099545	
-0.6890744	2.0325077	-1.2066118	
-1.881404	-1.927104	1.2776258	
0.39249277	-0.1197397	-0.038334295	
1.5489703	-1.6577893	-1.5613189	
0.48485917	-0.5929632	-0.51099575	
-0.01649441	1.1105504	-0.6064867	
1.8320591	-1.9211981	-1.950553	
1.191202	-0.9912223	0.06287738	
-0.10916631	0.10767217	-0.30440876	
1.1484064	-1.0542374	-1.0809861	
-1.6646253	-0.79322374	-0.3349718	
0.19691575	1.7669336	-0.33101726	
0.49249715	-0.6872463	-0.50230014	
0.11120297	0.1604248	0.5750304	
-0.8106474	-0.3558383	0.4268646	
-0.88852435	0.63667405	-0.8367685	
1.2621393	-0.5747024	-1.4275296	
-0.39046597	-0.48749977	0.47734982	
1.7284423	-1.7281967	-1.6914154	
-0.27584124	0.5824712	-0.29275423	
-0.110975176	-0.10981663	0.007294687	
-0.91926795	-1.6727142	1.0648575	
-0.45873895	-0.4003309	0.37049532	
0.5633247	0.49032044	0.4185523	
1.0791284	-0.80657256	-0.77053607	
0.3099178	-0.22550558	-0.5743112	
0.6425657	0.72340596	0.624152	
-0.04045585	1.6079978	0.9355447	
0.026286447	-0.6281671	-0.033969093	
-0.0008744002	0.08130091	-0.013142775	
-0.5497927	0.6010174	-0.6243554	
0.6360796	0.084765844	0.20246048	
-1.2202866	0.99139506	-1.1747448	
-0.22117925	-0.26793045	-0.09927873	
-0.39158025	-0.61738473	0.6842729	
0.715991	-0.586413	-0.51680505	
0.89114964	1.0824634	0.3500583	
-0.40065083	-0.901156	0.4018649	
0.16863403	-0.29376218	-0.4239588	
0.18351169	-0.2770784	-0.27433553	
1.1382694	1.2177839	1.4300047	
-0.6348401	0.53284997	-0.7474184	
-0.86933446	0.05467107	0.19984643	
0.4700901	-0.058573656	-0.7153978	
0.92472947	-1.4851027	-0.9056392	
-0.1906971	-0.8379553	0.12513083	
1.1715885	1.129518	1.0455606	
-0.88776374	0.3458174	-0.46028286	
2.0475397	-0.0018509632	0.63094574	
0.03223102	0.050969187	0.55152535	
-1.4555304	-0.25798556	0.7758732	
-0.7573606	0.47208259	-0.46867993	
0.39019668	0.40408406	0.35526934	
1.4247426	1.7977568	2.0955365	
1.0177237	0.57061255	0.37448904	
-0.69625324	0.7674925	-0.7113224	
0.41131684	0.2697715	0.1917039	
0.46293908	-0.14940155	-0.20306605	
0.3026501	0.27798212	-0.5127744	
-1.6895685	1.7102402	-1.680178	
0.0519223	-0.44147432	0.5878134	
-2.1046748	-2.1200275	2.1671786	
-0.26305792	0.22096577	-0.4982481	
-1.2331821	1.5741506	-1.2766055	
-1.4605603	1.2917324	-0.4220303	
0.9286748	-1.4280087	-1.3503908	
0.6444027	1.1260693	0.13154033	
0.94527465	0.90568	0.8139582	
0.16430214	0.21710563	0.9670503	
-0.12678365	1.4887224	-0.74154353	
0.35725313	0.0082693575	-0.029523132	
-1.3372339	-1.3853308	1.6694295	
-1.2136214	1.2927465	-1.4927089	
1.7185714	-2.3916776	-1.9522223	
-1.3701028	0.93101764	-1.0537449	
0.5395848	0.64462686	0.5568602	
-0.33439994	-0.500996	0.080060065	
0.7737119	-1.0119933	-1.4490539	
-0.19960587	0.06674406	0.2844583	
0.42678624	0.6481225	0.43056953	
0.12431968	0.07468832	0.26141882	
-0.5424971	-0.62606627	0.24569558	
0.21398573	0.02816124	-0.17809646	
-0.89626706	0.04386055	-0.19637	
-1.2360202	0.8441232	-0.6821478	
-0.7519143	-0.3376202	0.2913059	
0.54759383	0.55159736	1.1756959	
-0.7688708	0.12011261	0.68874097	
2.2489283	-2.3515065	-2.3620079	
1.5777898	1.7106286	1.6188477	
0.3348345	0.4804007	0.5835365	
-2.2071304	2.0009809	-2.4276836	
-0.12004382	-0.4360461	0.43254712	
0.2500357	0.57252884	1.5671793	
0.09721824	-0.18381837	-0.16994731	
1.989063	-1.9410504	-1.2108006	
-1.6799613	-1.8947992	1.5912453	
-0.21950446	-0.12064286	0.1674897	
-0.33695894	0.52913475	-0.32622492	
0.85696226	0.45126936	2.2060025	
-0.59194493	-0.29248863	0.45049256	
1.0699586	1.026572	1.4002028	
-0.26627237	0.8015796	0.54122126	
-0.19344431	-1.7427722	-0.5552897	
-1.4879705	1.4418023	-1.4852567	
-1.5887572	-1.499282	1.1135038	
-1.292761	1.1788933	-1.4391468	
1.16626	-0.5041585	-0.67118496	
-0.14676249	-1.1536008	0.15816966	
0.98698455	-1.0803035	-1.3960285	
0.23835671	0.17221257	-0.039710972	
0.5516575	-0.41837278	-1.3033769	
-0.46691892	1.250486	-0.5538302	
1.8655423	-1.9837495	-2.1686077	
1.4952484	-1.5495392	-1.9694035	
0.78920096	0.4186031	0.3433217	
0.18139322	-0.1834725	-0.19217095	
-0.36873287	1.7982041	-0.40389153	
0.12172448	0.15352602	-0.5315488	
2.4107523	-2.355126	-2.377887	
-0.054698512	0.69926924	0.12588696	
-0.2135133	0.08117983	0.46504802	
0.6595925	-0.2840586	0.47409284	
0.8570617	0.5752681	0.5783875	
-0.90481436	1.0864043	-0.12425769	
0.3184031	-0.320744	-0.508127	
-1.655733	-0.5390863	0.4832755	
-1.1064806	0.28821254	-0.48734325	
2.16585	1.8395506	1.8445702	
-1.4118706	0.7055121	-0.5011966	
0.5679212	-0.24700437	-0.070764735	
0.20053661	0.08265286	-0.13402677	
-0.43451926	0.057572525	-0.04676288	
1.166869	0.9206455	0.9521859	
0.13282098	-0.6072559	-0.12485366	
1.5899602	-0.16147129	-0.42237717	
-0.25811478	0.67156893	0.46151677	
1.4042271	-0.39509895	-1.5760552	
-0.093174696	-0.12706827	-0.30271658	
1.807278	2.4878745	2.0168667	
1.1058931	0.67686754	0.98480445	
0.12424262	0.6050276	0.035563402	
0.9007655	-1.5552859	-0.9840857	
1.6504303	-1.5333031	-2.3788328	
0.72115326	0.6107085	1.2107636	
-0.44412145	-1.7484413	0.477539	
0.30315626	0.30824384	0.52787507	
-0.15332673	1.3741661	-0.7701045	
-0.037637983	0.5669094	-0.20318446	
0.5014207	-0.28803924	0.7471293	
-2.069235	-1.7693949	1.9352888	
1.4589942	1.124066	0.8359778	
0.49287084	0.22322766	0.5069947	
2.017997	-1.8299956	-1.782431	
0.68067825	0.4740238	-0.88432294	
-0.48209065	-0.14865953	0.104423895	
-1.4269961	1.235516	-0.86623496	
2.1008239	-2.0945144	-1.69217	
1.2522941	0.40971583	1.3330121	
-0.09279347	-0.2950184	0.18253535	
-0.3278598	-0.30658644	0.46981862	
-1.4951811	1.1624262	-1.2307771	
0.27064267	-0.12060218	-0.73264354	
0.39695266	-0.27288195	-0.25345168	
1.0649446	-1.208202	-0.8509186	
-0.40948728	0.07240859	1.405787	
-0.17976846	0.73946506	-0.18438148	
0.31784907	0.85512483	0.9141889	
1.5159098	-0.48543537	-0.6435887	
0.08433545	-0.6817667	0.022339797	
-0.12727761	0.7762355	0.1253575	
-0.21922094	-0.8570883	0.113326326	
-0.121707484	0.34166178	-0.14416015	
2.0909407	2.0896175	2.2128708	
-0.55634594	0.59180045	1.1321702	
-0.20511259	0.11791976	0.7162516	
0.098215535	-0.06364001	0.05927271	
-0.8576184	0.98700744	-1.3164234	
0.69379294	-0.39573532	-0.37296295	
0.49381334	-0.57711464	-0.61405754	
-0.6033043	1.45709	-0.58522934	
0.4044925	0.48804146	0.4452227	
1.5757412	1.8400217	1.5769042	
0.0012702943	0.10684271	-0.1653726	
-1.1835532	-1.1879557	1.2817751	
-0.35208735	0.692561	-0.34265664	
0.6120887	0.6256575	0.6501179	
-0.9596107	0.87416315	-0.870571	
-0.17670345	-0.10548097	-0.2864269	
1.2931261	-0.72145844	-1.4947604	
0.6357207	-0.18535921	-0.25397742	
0.32760352	-1.2475119	-1.0340106	
-0.83171415	-1.7611501	1.2345796	
-0.1978141	0.13752374	-0.15321174	
-0.566049	-0.19257209	-0.024006566	
-0.40374753	1.8654602	-0.512488	
-0.96674454	0.10306651	-0.16981164	
1.4656576	1.7187703	1.5134946	
-0.64316195	0.10286619	-0.14470622	
0.12386207	1.15602	0.09593949	
-0.34332463	-0.6953813	0.62803704	
1.2724402	1.4512074	1.3163096	
1.8993461	2.2459722	2.2962143	
-0.26848948	-0.32048425	0.49969193	
-1.7012874	-0.059778724	0.6042638	
-1.9592077	2.106846	-2.030177	
-0.2865813	0.5428638	1.3062812	
-1.6279685	1.8132955	-1.7056642	
-1.1988127	1.3159043	-0.1454902	
0.11212494	-0.24083526	-0.28624952	
0.4327182	0.40700597	0.545959	
-1.5898685	0.009756642	1.1069036	
-0.76610017	-0.3479722	-0.2538565	
0.10259175	0.9425278	-0.8657885	
0.5052565	-0.17005226	-0.52459306	
-0.47967413	-0.43621355	0.31819087	
1.3707236	-1.4770141	-1.3352594	
0.9997697	-0.28429872	-1.6642058	
-0.39654854	-0.4952209	0.5281949	
0.22167632	0.038666774	-0.38263696	
0.4446052	-1.7248111	0.025257261	
-1.8404056	1.6880623	-1.6741903	
0.01618063	0.016592167	-0.05280875	
1.0633298	-0.85522246	-0.52790445	
0.9564445	-0.8983207	-1.0782336	
0.75021976	-0.22449367	0.082802124	
-0.61628586	0.6180607	-0.70765746	
0.018134376	-0.15417682	0.7772084	
1.5082366	-0.41223693	-0.34186465	
-0.65536267	0.16254355	1.5156825	
-0.031910982	-0.9129409	-0.32978082	
0.5129263	0.83794767	0.7260985	
0.45393	0.46760142	1.5303644	
-0.25858942	0.38719505	-0.30323237	
0.38448548	-0.29924414	0.3409606	
-0.31799832	0.442412	-0.16454504	
-0.19407965	0.14207874	0.2626526	
2.4415207	2.4070032	2.5968778	
-0.13121529	0.5579455	-0.089199394	
0.21233249	-0.30881122	-0.33242	
1.3463285	0.69972324	-0.54774225	
-0.5898805	0.014676834	0.013284402	
-0.14490598	-0.7087834	0.18429144	
0.4660694	0.5239985	0.5540432	
0.47862568	-0.49835917	-0.7575158	
0.076346986	-0.41788712	-0.33649865	
1.8662676	-0.4047762	-0.81544226	
1.0137488	0.955132	1.0318017	
0.8605451	-0.9432023	-0.8347543	
0.37370554	0.7127195	1.5206748	
-2.1667738	1.9231964	-2.1745331	
0.428095	0.41441047	0.2229071	
1.2537086	-0.9324251	-1.1500802	
0.08041994	0.08899622	0.019659914	
1.6532617	1.7989887	1.731501	
-0.7518345	-0.17474037	0.38621244	
0.31363592	-0.47457647	-0.1510781	
-0.932014	0.75410086	-0.94994956	
0.82952446	-0.50975424	-0.4373208	
-0.81109595	0.44884488	-0.3162965	
-0.5883317	0.6634564	-0.49430555	
0.6987946	0.43240577	-0.43824002	
2.1006975	-1.3991215	-0.90790004	
-0.5825759	-1.4870201	0.7062564	
-1.686686	-0.84756774	0.977294	
-0.30409306	-0.71922183	0.20021656	
1.7763251	0.5201444	-0.17772242	
1.2612205	0.61328745	0.95123297	
-0.79159796	0.38806844	-0.17432693	
0.8127127	0.8638065	1.1668496	
-1.6205177	-1.6405822	1.6954913	
0.97279763	1.356843	1.0028313	
-1.0085552	-1.4974377	1.3361436	
0.16419125	-0.038521525	0.21221603	
-0.8608429	0.5337216	-0.40968925	
-0.49018925	0.20031649	-0.6912985	
-0.0016657118	-2.1476688	0.20879887	
0.12210689	-0.10725277	-0.41691133	
0.36834383	0.37559763	0.39098316	
-0.27272907	0.6343724	-0.2164479	
0.0886202	-1.0572021	-0.23821343	
-0.032698207	0.059431396	0.096128985	
-1.3239108	0.5361564	-0.37478432	
0.63066417	-1.7409967	-0.73635185	
-0.8401682	-0.9134651	1.1212155	
0.15269746	0.49070838	0.29376924	
-0.51971346	-1.7169657	0.71666175	
-0.80165154	-1.1380084	0.2114867	
-0.8787468	-0.16241683	0.3713228	
0.12050671	0.16834661	0.036285568	
1.644037	0.4222593	0.6080315	
0.05409081	0.15447098	-0.35003814	
-0.72037727	-0.25543404	-0.38155335	
1.4112276	1.9695288	2.0897648	
-1.5451705	-1.2990319	1.7375059	
0.19015494	-0.059905674	0.035026554	
0.6780061	0.0013217928	0.36192912	
0.3834742	0.21811745	0.70047545	
1.1336399	-0.39544284	-2.1033623	
-1.2879146	-1.7642511	1.5106803	
-0.49883977	-0.4515822	0.28220302	
-0.80543363	-0.26981252	0.4914337	
-0.13087682	-0.21832699	-0.04819861	
-0.58339494	1.6945826	-0.61967003	
-0.40745342	0.19921143	-0.29403222	
-0.575307	-0.74630946	-1.0872304	
-0.54282504	0.20305449	-0.0991707	
-2.3773932	-1.8602287	2.135469	
0.43619457	-0.26330146	-0.38610706	
0.70430166	-0.6551454	-1.2682444	
-0.95031774	0.77729815	-0.8889336	
-0.4699778	1.2337348	-0.5091839	
1.5180727	-1.03304	-1.2718184	
-0.23387864	-0.44919753	0.22322549	
0.17767964	-0.41488996	-0.023081731	
1.3090847	-0.95240194	0.12817019	
1.0073113	1.266441	0.96143275	
0.15172075	-0.06057958	-0.04054088	
1.2094531	2.1951663	1.1363729	
0.12745918	-0.4167106	1.2000414	
-0.5837704	-0.24201337	0.91372675	
1.2571771	-1.308412	-1.190421	
-0.041696984	-0.15004218	-0.3295884	
-0.76488715	0.21698526	-0.2290437	
-1.119365	-1.2003384	1.0185874	
-2.3977392	-1.8988979	2.2012947	
-0.3643541	1.1398777	-0.28213832	
-0.9386194	-0.93926793	1.341691	
0.9145029	0.40005106	1.5458083	
-1.038757	1.5288453	-1.666578	
-0.50959074	0.9420862	-2.2661543	
-1.1142544	-1.0020915	0.35220352	
-0.11574704	-0.5013014	0.3296669	
-0.065158166	-0.01243965	0.34389573	
0.14646766	0.1488922	0.16227476	
0.86587036	-0.17733529	0.7623	
1.9373599	2.1884127	2.0774581	
-0.9138872	-0.5577962	-0.92171884	
-0.7778764	0.59078825	-1.17729	
-0.37685242	-0.61096644	0.27676475	
0.4451586	1.0879295	0.59116817	
0.5580992	-0.79657716	1.0746615	
0.10240554	-0.6400962	-0.45315439	
-1.7023475	-1.0606265	1.3645712	
-0.41095546	0.37846842	-0.45071808	
-0.7342173	-0.8330358	0.8212453	
-0.64337176	0.6978104	-0.6000765	
0.06794777	0.11229619	0.22306545	
0.10344517	0.021532653	0.5114218	
-0.91294354	1.0838002	-1.3668491	
1.176845	0.5847689	1.1734197	
1.318039	0.8164013	0.6656571	
1.0918615	0.8583512	1.2307632	
0.571158	0.20577133	0.22851905	
-2.3159456	0.30688226	-0.26323524	
0.4385356	-0.61566734	-0.5053399	
1.949527	1.8823957	1.8547165	
-0.04857577	-0.12502575	0.13994314	
-0.04369942	0.07300041	-0.17487179	
-1.3047674	-0.5065562	0.5536121	
-1.465162	1.6381453	-1.5316355	
0.2046059	-0.4055792	0.2514108	
-0.80294055	0.2659598	0.60296	
1.0564141	0.879706	1.0506735	
-1.1789255	1.0677433	-1.5584179	
-0.42132935	0.38971734	-0.48174518	
0.96399343	0.22436666	1.8891172	
1.559478	-1.3683543	-1.4140527	
0.4634427	-1.4154787	-1.2468656	
-0.72566617	0.63404316	-2.1399066	
1.147993	-1.2821164	-0.05299676	
-1.4828461	1.517618	-1.7220439	
-0.113550685	-0.030435408	-0.017299011	
0.29407108	-0.014370451	0.09685284	
0.4287423	-1.1525886	-0.4373212	
-1.1344081	-1.2129049	1.4117239	
0.04654437	0.53047454	0.1684232	
-0.8263909	-1.0881249	1.1838336	
0.53373754	-1.0336971	-0.58573425	
2.1023393	-1.708728	-1.3824285	
-0.5629909	-0.7792881	0.47249076	
-0.2620935	-0.2680091	1.0441335	
0.06355827	0.05855182	1.1653088	
0.33410248	-0.017618993	-0.14190717	
0.44244528	0.45371974	0.3974969	
0.03947055	-0.54193616	0.0785368	
-1.577443	-1.8512781	1.6748087	
0.4154135	0.7069038	0.49488598	
0.542961	0.5723585	0.82298374	
1.3579599	1.3909975	1.4386729	
0.6385516	0.4140358	0.68164915	
-0.13235126	1.4126358	0.41162494	
1.4455142	1.0495883	1.2134993	
-0.20724666	0.056942824	0.050644252	
0.15426111	0.8070394	0.114652894	
0.109242946	0.11147776	0.62603056	
1.5747612	0.105713	0.31132838	
-0.37433785	0.009129588	-0.7946819	
0.5283198	-0.79002035	-0.55123585	
-1.8766624	2.4375908	-1.8840897	
1.3909072	-1.1452384	-1.1083375	
0.36058715	0.5661305	0.40985405	
0.49170858	1.0455244	0.51427305	
-0.4977838	0.24882473	-0.23276342	
0.01710862	0.04919901	-0.20483889	
0.4447612	-0.9588327	0.009442399	
1.8191917	1.9427792	1.8848537	
0.94358915	0.56342214	0.496671	
-0.12063317	0.36131266	-0.12670082	
-0.8271166	0.0051293485	0.26614714	
-0.81343526	-0.17164958	0.57711387	
0.41204843	0.030123128	-0.24508362	
-0.070543684	-0.11069381	0.21059203	
-0.0065604686	0.3998144	0.7334995	
0.076710865	-0.3147377	0.18421979	
-0.7301345	-0.58086	0.68396187	
-0.3453802	1.3442478	-0.29625574	
1.5889236	-0.1822745	-0.19850871	
-0.098088875	-0.5665034	-0.00047516823	
0.9410049	0.23208377	0.12303926	
1.5149568	-1.829794	-2.0272064	
-0.6575426	-0.123939015	0.2673324	
1.474383	1.5695596	1.5451455	
-2.59189	-2.3704405	2.5303686	
1.0812868	1.316828	1.17862	
-1.2713165	-0.7194543	0.9623445	
0.76095015	0.7859774	0.78827953	
0.21937694	-0.61981106	-0.03767626	
-1.1198748	0.1701411	-0.11265279	
-0.40261245	-0.88997185	0.40916878	
-1.330118	-0.4351673	1.1997094	
0.2428853	0.21346025	0.09647765	
0.88799185	-0.08529562	0.01966039	
0.17186622	0.12663165	0.7271104	
0.89985895	0.59567136	0.7456019	
1.1192541	0.8431519	0.43753117	
0.19662903	0.11118742	1.8006631	
-0.1839131	-0.22859623	0.0241153	
0.2427624	-1.1626856	0.3684267	
0.103961065	-0.13811328	-0.13681829	
-0.08415417	0.57818556	0.03620877	
-2.1727123	2.1159472	-2.1503897	
-1.2076174	0.9923969	-1.1076055	
1.2028252	1.1299566	0.95311916	
-0.14558572	0.96846336	-0.5068547	
0.5017513	0.26421505	0.15668756	
1.4128125	1.3746943	1.1925738	
-0.45537862	-0.62351835	0.7729875	
-0.7159505	0.23522426	-0.20093986	
0.16211301	-0.7624268	-0.05569884	
-0.60407984	0.7213951	-0.78765666	
-1.6696851	0.26469055	-1.0580703	
-0.13668104	-0.0062796082	0.44983095	
-0.025643919	-0.49736023	0.34678447	
-1.3157761	1.3532773	-1.3238026	
-1.2837497	0.34730208	-0.840612	
0.2492717	-0.7017029	-0.77330554	
-0.58319026	0.83503646	-0.54932046	
0.08569546	0.23381169	1.4775379	
0.39112207	-0.610331	-0.91231877	
-0.44628942	0.34291145	-1.1230332	
-1.6414618	0.80348873	-0.86621726	
-1.0028775	-0.4587519	-0.33760646	
2.5292306	-2.531713	-2.5005357	
-0.23374426	-0.24393375	0.24871455	
1.9918195	-0.94066834	-0.9896525	
-0.3360065	0.20138218	1.9778559	
-0.054661527	-0.20337005	-0.11234868	
0.6990244	0.24373823	0.26579916	
0.33449125	0.6935	0.18208435	
-0.52706575	-0.18857239	0.9595637	
0.02463966	0.99424136	-0.019195668	
-1.2932749	0.9735212	-0.31823292	
-1.3657863	0.29732403	-0.35405082	
0.5625453	0.39933664	-0.2977569	
-0.5762981	0.8867553	-1.3217897	
-0.94624084	0.19708426	-0.26698864	
0.33736584	0.2824798	0.019343264	
0.5726565	-1.3207034	-1.2190858	
0.21372335	-0.3802809	0.5093397	
-0.29020715	-0.019993376	0.2054511	
-1.3358308	1.5306538	-1.646971	
-0.08868578	-0.0469864	0.60201335	
-2.323634	-2.409084	2.208196	
-0.79550207	-1.0962723	0.69908834	
-0.8655881	0.4377182	-0.9101472	
-0.79151934	0.22688442	1.2405537	
1.4251704	-1.5134317	-0.55057496	
-0.20144588	-0.9966516	0.3521332	
0.68680274	0.73966944	0.8181093	
0.007547176	-0.23536894	0.84943765	
-0.7964877	-0.81748474	1.4571145	
-0.5706441	0.5071306	-0.5004754	
0.8325857	0.79603595	0.7888963	
-0.8697531	1.110853	-0.893452	
1.0333756	1.247847	1.0276664	
0.08765058	-0.3219461	0.3833686	
1.9391047	2.0426035	2.4936633	
0.1903433	0.5714177	0.23005687	
-1.0575752	-1.2982028	1.013225	
0.13596365	0.14458999	0.3277115	
-1.3949276	1.041061	-1.2820956	
0.07321885	-0.22769059	-0.25892228	
-0.12267549	0.16426253	-0.6827863	
1.185954	1.2130212	0.75122225	
-0.6325622	-0.5590795	1.3414878	
0.044945654	0.7441651	-1.2224892	
1.6223892	1.490735	1.543281	
-0.36059773	-0.012152464	0.4735638	
0.65769136	0.20440716	-0.055488277	
1.2217679	0.9951674	1.0794181	
0.07649406	-0.44667518	-0.37564728	
-1.6291144	1.6252729	-1.7628106	
0.3924653	-1.0901111	-0.5650028	
-0.4293356	0.14295459	1.2251256	
-0.22282682	-0.3051864	0.43208212	
1.4238741	-1.1106088	-0.9981704	
-0.83856237	-0.6929126	1.2918336	
0.7155437	-1.5347365	-0.23248781	
1.0842661	-0.3604554	-0.34716585	
-0.36087143	0.04202555	-1.2723691	
0.84149873	-0.9998522	-0.35705352	
-0.98707587	-0.426578	0.40473983	
0.5623409	-0.5667336	-0.3387963	
-1.2839346	0.288343	-0.2875219	
0.58342475	-0.043212462	-0.009495092	
1.3073678	1.2399812	1.184722	
-2.3182154	1.4997009	-1.4720087	
-1.007019	-0.3145383	0.42126706	
-2.1011658	-2.3844604	1.7771274	
-0.10594025	-0.16939235	0.30176035	
-0.6076666	-0.8262996	0.6320098	
-1.6624922	-1.7927974	1.7528533	
1.5417051	1.4232309	0.33482346	
-1.1178945	1.052518	-1.0926268	
-0.24500485	0.15575108	0.11633362	
-1.5000976	-0.9568107	1.4521025	
-1.5159358	1.9908191	-1.9626156	
0.43561825	0.43105263	1.2415694	
0.2830995	1.2409115	0.2364243	
0.13829032	-0.0020881898	-0.39555946	
-0.37844744	0.1762737	-0.27074936	
0.12407149	-0.22474886	-0.107320316	
-0.97181666	0.7891502	-0.5982392	
-0.2569515	0.05027447	0.87920594	
1.2105579	0.6765458	0.4491198	
-0.97892946	1.1845641	-1.058443	
0.30375785	-0.8444727	-0.40335688	
0.14211181	0.09428661	0.53305507	
1.5909977	-1.1976686	-1.2615669	
-2.2008631	1.7092832	-2.0249758	
-0.097245604	-1.1818045	-0.5731425	
-1.0243971	1.1716763	-0.9921413	
-0.564181	0.6644035	-0.6862577	
0.0721892	-0.7991489	-0.36730182	
-0.7560638	1.1376228	-0.7776183	
-2.4138546	-2.4335835	2.5953574	
0.5147175	-1.249663	-0.22928575	
0.21173261	0.19706717	0.19315852	
-0.54425895	-0.16652419	0.7069259	
0.34397113	1.5598626	0.90631044	
0.09868756	-0.44141537	0.083370544	
0.4583829	-1.0472268	0.17230432	
0.52970177	0.49733984	0.4717636	
-0.8724883	0.79166555	-0.2325898	
1.9403913	1.922695	1.3654319	
-1.6695673	-1.541771	1.8300332	
-0.021932408	-0.8526404	-0.14378305	
-0.009230083	-0.37366837	-0.22335693	
-0.27513504	1.202756	-0.4470496	
-1.0471029	0.81258506	-0.6886681	
-1.0529766	-0.3077688	0.524245	
1.3243756	-1.4125926	-1.3399806	
0.28562126	-0.49445853	-0.13871254	
-0.12146783	-0.069035634	0.021193106	
-0.108743414	0.31895134	-0.49840784	
-1.0768956	0.82754815	-1.0673826	
-0.026953898	0.01529938	0.05918561	
-0.9325238	-0.8377164	-0.09963832	
0.52637863	-1.860563	0.44536796	
-0.11168308	-0.36448127	0.29115543	
0.40017906	0.30012578	0.54090446	
1.7459708	-1.583908	-1.6377858	
-0.41551927	-0.40271756	0.4451561	
1.664694	-2.1545243	-1.5507363	
-0.8585278	0.33553666	-0.12653387	
0.20026954	-0.70921016	0.54095984	
0.33384362	-0.2646207	-0.16771598	
-1.3931817	1.4340793	-1.8799282	
0.16531824	0.042899273	-0.13157003	
-0.4003768	0.3303222	-0.19934821	
-0.3172771	0.6766128	-0.06540376	
-0.82871276	1.0301507	-1.3270764	
0.07080866	-0.067109846	-0.27772802	
0.674207	0.31799355	0.59168243	
0.25438568	0.51474196	-0.09283899	
0.017037088	0.5352171	0.09333275	
-0.104755364	-0.07282195	0.29546392	
2.4926581	-2.5182629	-2.4762375	
-0.09140962	0.55316705	0.031211287	
-0.26516634	-0.17313206	0.43133226	
0.13409598	-0.33902198	-0.86311054	
0.029551271	0.25443703	0.075366385	
0.38644007	-0.46339393	-1.1067665	
-0.31218964	0.6014435	-0.424062	
0.23100756	0.26846278	0.6715908	
1.0722339	1.4230942	1.3008904	
1.7142141	-1.6475754	-1.6570823	
-1.0343763	-1.0016673	1.5314952	
0.32189888	0.36128235	0.62996143	
1.3473624	-1.3213947	-1.5128	
1.1490139	-1.2441722	-1.1677765	
0.7062076	0.915357	0.6202786	
0.70431376	0.22991675	0.45216593	
0.246642	-0.033284638	-0.26231351	
1.3449979	-0.69592786	-1.6851358	
0.7883808	-0.49633294	-0.7989272	
-0.39482534	0.13641755	-0.043529708	
-0.5611708	0.6051176	-0.9435355	
-0.20730354	-1.1532445	-0.14621706	
-0.31174764	0.005347503	0.9067307	
1.030726	-1.2578899	-1.902306	
-0.19918495	-0.38981763	1.6442839	
0.32764906	-0.029616136	0.009760457	
-0.07208439	-0.21676573	-0.14288618	
-0.58629316	0.16749354	1.1750742	
0.059217826	0.6801083	0.1025124	
-2.130481	-1.8412263	1.8099883	
-0.5558964	-0.3894695	0.7580672	
-2.1547039	1.971543	-2.0653296	
1.1386983	-0.10121287	-0.035693977	
-1.7081356	1.5777032	-0.85093474	
-0.22502713	0.46704674	0.89014655	
0.33578408	-0.11463041	-2.4116757	
0.030744351	0.11839372	-0.8868656	
-0.17254427	0.32352918	-0.49854362	
0.20412071	0.22999527	0.039156195	
-1.1620069	-1.5958363	1.4872062	
-0.5403809	-0.15038587	0.4214442	
-0.39582568	-0.59164137	0.18434025	
-1.0150967	-0.55798745	0.7069936	
-0.22276962	0.07607312	-1.2120941	
-0.18817393	-0.3533811	0.6493646	
-2.1297462	2.0245528	-2.1683416	
0.41452867	-0.22104554	-0.32770932	
0.68083453	-0.41029975	-0.7961549	
-0.8234583	0.61222965	-0.9435238	
0.14413391	-0.37625068	-0.0033674273	
-0.45160127	-0.32145315	-0.27863914	
-0.08556349	0.76651925	-0.024187671	
-1.8297925	1.0624253	-1.0347618	
0.5352371	-0.57790166	-0.4785853	
-0.19164135	-0.020987209	-0.30608124	
0.27427745	0.22824346	-0.4689891	
-1.3252953	-1.9063231	1.3369914	
0.621947	-0.9684402	-1.3167671	
0.7136506	-1.3617508	-1.4915646	
-0.44048753	-0.17203975	0.48323256	
1.1718414	-1.1044818	-1.8608093	
0.47646496	0.13572077	-0.3797286	
-1.427049	1.679157	-1.4705817	
0.5387802	-0.4454203	-0.8657883	
-0.8055061	0.9058582	-0.78399736	
-2.1707969	-2.063671	2.0394168	
-1.38457	0.95496356	-0.89073014	
0.053464986	0.6978405	0.35353518	
1.6826892	-1.9847	-1.3710185	
-0.16163471	-0.79145336	0.41997313	
0.08361057	0.57981235	0.064181894	
-0.25001997	-0.00042784214	0.22087575	
-0.19013521	-0.3551803	0.06814374	
0.34696183	1.5061402	-0.16862419	
1.2394526	-1.1777803	-1.3955742	
0.9650163	0.5006568	0.87070566	
-1.1289438	-1.2011985	1.1876218	
0.8335117	-1.1973977	-0.75960624	
-0.27704325	1.0360117	-0.29123443	
1.0690746	0.96106404	-0.5318189	
1.8480656	0.9561348	1.8750112	
-0.73407423	0.094768815	0.6951062	
-0.22220394	-0.706248	0.33422184	
0.638335	0.7601445	0.75598764	
-0.26901332	-0.5295768	0.3001199	
-0.4815096	0.32299918	-0.1635853	
-1.4383827	-1.1027536	2.100593	
-0.23298286	1.0659103	-0.2545909	
-1.1599741	-0.9766119	1.3420887	
1.0047886	-0.6626715	-0.6759305	
-1.8753394	1.7262446	-1.8574373	
0.6967089	0.36212224	0.62253577	
0.63292897	-0.007704177	0.13185474	
-0.5089393	0.73245	-0.9001899	
0.26032588	0.076241925	-0.012989823	
-0.6618736	1.3193638	-0.6598902	
-0.7601843	-0.23022139	0.22624159	
-1.9025254	0.12899326	0.41407385	
-1.4107993	0.6579915	-1.1803834	
-0.12800081	0.56431	-0.9199692	
0.31231058	-1.4511615	-0.61030656	
-0.47564676	0.47010925	-0.13889067	
-1.8326665	-1.833993	2.2591972	
-0.80098325	-0.32173386	0.74283135	
1.7799541	1.9327167	2.2979503	
-0.7535839	0.105659686	0.05652478	
-0.09334972	-0.04771816	0.48566234	
-1.4058169	1.6993672	-1.3586724	
0.115703024	0.104201324	0.7424756	
0.092929184	0.8765043	0.15652156	
0.9753624	-1.335962	-1.0468209	
-0.44242752	-0.6756796	0.7928894	
0.1709514	0.20519114	0.16439718	
-1.5228512	-0.8943918	0.84174	
0.05618715	-0.03301229	0.31157875	
-0.8369282	-0.7015112	1.094897	
1.0682802	0.749764	0.85091984	
1.0643238	0.36774635	0.38586235	
1.8495965	1.9452205	2.2322235	
-1.2809395	-0.9341934	0.7820262	
1.0332685	1.0254501	1.4158592	
1.2860657	-1.8104373	-1.2084213	
1.48568	-1.108998	-0.60976696	
0.5350631	0.57510877	0.47226045	
1.245943	1.3339994	1.6091825	
-0.30522224	1.046144	-0.65280724	
-0.06266116	-0.036163695	0.05092219	
-0.022227844	-0.021221481	0.19863957	
-1.5216058	-1.3200932	1.6344627	
-1.3107245	1.4467962	-1.9672301	
1.2795228	-1.1065909	-1.0861999	
0.85432315	-1.0590159	-0.98720336	
-0.21657479	0.18137014	-0.22999974	
0.294579	0.33258528	-0.44309154	
-0.5125694	0.37339377	-0.46008223	
-0.5552336	-0.5456325	0.22354391	
0.77851295	-0.7147171	-0.6158344	
-1.1354035	1.0957104	-1.4755193	
-0.66507024	0.96705717	-1.5279772	
0.15573333	0.45930427	0.28601032	
-1.4666816	-0.9115053	0.9427857	
0.1204902	-0.609883	0.06597885	
-0.48054576	0.7428797	-0.3564088	
0.6625154	-0.49897426	-0.8307451	
1.1430154	1.3208973	1.1741579	
0.73733526	1.2393718	0.8065424	
-1.0787696	-0.31194428	0.36287603	
0.7253787	-0.08394053	-0.14713201	
-0.123709016	-0.12971798	0.22298676	
1.3012666	1.0582829	1.636517	
0.011403446	0.29214463	-0.078881845	
0.32521352	0.2786102	0.7383128	
1.1240402	1.1586925	1.3112385	
-0.61875355	-0.6187098	0.05093364	
-0.1910622	0.7417459	-0.4997079	
-0.5461986	-1.1363083	0.6215938	
-0.058534283	-0.017626027	0.11132685	
0.12231341	-0.19259265	0.24808796	
-0.45977634	0.7092561	-0.74663776	
-0.61961293	0.62401974	-1.380377	
2.1823378	-1.9834378	-2.0919943	
1.1399821	-0.89088297	-0.91419166	
1.593081	-0.2981558	-0.34606498	
1.2407398	-0.77124846	0.33799204	
-0.95507896	0.27410766	-0.27910146	
0.22271109	-0.06606716	-0.22278398	
-1.4582397	0.27256912	-0.5643076	
0.43385595	0.26245686	0.5917695	
0.23231213	0.2132425	0.24557674	
0.42432642	-0.2226843	-0.37853107	
-0.7368449	-0.24006426	0.5715017	
2.2844074	2.1443386	2.0671296	
1.4625238	-1.1172347	-1.4071038	
0.26734868	-1.0511415	-0.7230472	
0.13848388	-0.74635047	0.081981294	
0.8055492	0.42599285	0.40632433	
0.60264975	-0.36610764	-0.6098827	
-0.50616944	-0.7055777	0.6709405	
0.1314673	-0.09513765	-0.45097134	
1.4156165	-0.7510923	-0.7752179	
-1.6122352	1.7378343	-1.0240939	
0.20979244	0.14044987	0.27124873	
1.2501723	0.87237275	0.67096126	
0.7173726	-1.05615	0.058478564	
-0.9775905	0.8246761	-0.7858092	
-1.3292758	1.3778653	-1.2942191	
-0.7284916	0.70037436	-0.71547467	
0.13640581	-0.22995177	-0.43704143	
-0.35089064	0.3060095	-0.46148247	
-0.116514236	0.029456599	1.0130504	
0.79900515	-0.9557923	-1.2260785	
-1.7360814	-1.6178807	1.7162693	
0.5401795	-0.15521991	-0.25172377	
0.26809162	-0.568107	1.1101174	
0.6439377	0.48569393	0.34275657	
-1.1468644	-0.3693408	0.2795359	
0.7376011	-0.8486526	-0.859291	
1.2642142	-1.7287207	-1.1780835	
-0.6831012	0.46999794	-0.91864705	
-0.20344087	1.4708201	-0.092639364	
1.120472	1.1061462	1.5909214	
0.1190993	-0.4281776	-0.19379458	
1.8852	1.8591899	2.0136278	
-0.098262504	-0.0630843	0.16424477	
-0.6123363	1.1945298	-0.45047352	
-0.57133657	-0.17226216	0.1295207	
-0.88318515	-0.8434575	1.0168344	
1.0072718	-0.8025854	-0.70996624	
0.8310965	-1.0514725	-0.60475314	
0.4538527	-0.26825452	-0.16121908	
2.2125583	-1.9300314	-1.8869721	
0.23735419	-0.37641454	-0.50741595	
0.91299576	1.0807735	1.2227106	
0.46720228	0.76148266	-0.044040643	
-0.17758076	-1.0559646	0.575326	
-0.700597	0.12639347	-0.18513918	
1.3758972	-0.6626224	-0.74103785	
-0.5040557	-1.2215759	1.1380664	
1.5269495	-1.9205111	-1.11575	
-1.6104631	1.7467797	-1.6705096	
0.76913446	0.74890256	1.6106201	
-0.39864534	0.77695864	-0.3847922	
0.754885	1.003576	0.8137148	
-2.454091	-2.4369128	2.102569	
0.009354659	0.529424	0.46082464	
-0.21497187	0.6736065	0.10879698	
-0.013218953	-0.88241184	0.06569076	
0.33507034	0.103579044	-0.03393594	
0.4199186	-0.3850769	-0.33237612	
1.152732	-0.8630077	-0.7445178	
0.32214722	-0.99762887	-0.07661488	
-0.12155924	-0.15328716	0.5084734	
1.1453097	1.0816956	1.3240086	
-1.4927441	0.15014395	-0.061709788	
0.79331744	0.7475873	1.0257422	
0.5514282	-0.25809357	-0.24179515	
0.58398956	0.5250586	-0.22322236	
-1.5026208	1.5452763	-1.5328217	
0.2233037	0.21174611	-0.35133338	
-1.1800413	-0.7152628	1.506596	
1.7870977	-1.7279713	-1.757486	
1.5318341	0.009538246	-0.015889263	
0.12882376	-1.2806588	0.1960874	
-0.4831881	0.16652575	-0.22607447	
1.8964456	-1.7501899	-1.2117728	
-1.7790971	-0.17522687	0.16327436	
1.1239679	1.8319364	1.0980055	
-1.3183963	0.2731081	-0.15699162	
-0.8821101	1.0019962	-0.78685164	
0.5004277	0.29240593	0.037526004	
-0.83264464	0.7683457	-1.6345946	
-0.12616487	-0.62388736	0.58862036	
-0.4644924	0.46924177	-0.20628457	
0.46028212	-0.41808417	-0.48097482	
-1.4083192	-1.0947803	1.0416552	
1.6022491	-1.5716186	-1.8460257	
0.07331506	0.117285766	0.12584986	
-0.06891067	-0.09874695	-0.85800874	
1.1386526	-0.86601335	-1.5518663	
-0.30699757	0.84821475	-0.67330134	
0.14177322	-0.78666466	0.3153323	
-1.8041416	-1.7518947	1.8605448	
-1.2973458	1.0239854	-0.3177146	
-0.086700946	0.12261734	-0.04342201	
-2.0260909	2.0960536	-2.0542963	
-0.54553896	0.67519045	-0.5585715	
1.7760063	-0.6832135	-0.561203	
-1.4292235	-2.1904936	1.452101	
-0.5674841	-0.6129243	-0.05678844	
0.39174944	-1.093097	-0.5081186	
2.0358455	-0.46769583	0.054555114	
