0.378
1.777
2.67
1.822
0.85
1.734
1.269
3.727
1.723
1.69
0.447
0.137
0.356
-0.027
0.292
2.784
0.322
0.985
0.097
1.1
0.592
4.628
2.218
-1.712
1.48
1.388
0.888
-0.235
2.899
2.604
1.071
1.708
1.608
1.429
0.362
0.388
-0.52
0.738
0.708
0.694
0.424
0.82
1.265
1.675
0.559
2.723
0.563
2.345
1.127
-0.938
-0.421
3.604
0.702
3.251
0.539
1.352
0.695
-0.352
1.907
0.813
0.916
1.469
1.559
2.492
-0.109
1.378
0.278
0.851
-0.021
1.526
1.223
3.312
1.276
0.637
0.714
0.246
0.852
4.274
2.055
2.102
2.753
-0.638
2.329
-1.692
1.373
1.815
3.287
1.536
2.522
0.674
3.025
0.316
3.332
1.48
1.672
2.802
0.269
-0.132
1.173
-0.206
1.96
1.597
2.249
-0.128
-0.287
1.52
2.012
-1.086
-0.743
0.406
1.011
-0.438
-0.036
1.919
0.534
-1.095
2.039
1.142
1.633
-1.631
-2.714
0.871
0.236
1.134
0.162
2.197
-0.14
1.151
1.891
0.606
0.156
0.504
-0.036
1.795
1.165
1.791
1.27
-2.245
1.99
1.799
1.323
0.214
3.825
2.221
0.485
0.299
1.324
2.428
1.258
0.898
3.257
0.914
1.548
-0.409
0.771
2.778
0.592
-0.229
-0.091
2.432
1.755
1.57
1.621
0.322
0.919
-0.524
1.892
3.027
-0.721
2.903
0.722
-0.2
1.726
0.866
0.813
-0.106
2.123
-0.241
2.104
3.14
1.917
1.288
2.352
1.505
-1.734
-0.197
1.569
0.254
0.451
0.172
1.385
0.814
-0.167
0.472
1.638
2.384
1.182
1.962
1.352
1.918
-0.364
1.495
1.161
2.469
1.501
1.551
0.77
-1.5
2.895
1.911
1.744
-0.32
2.935
0.804
0.021
-0.787
3.203
1.361
2.168
0.625
2.826
0.81
0.316
0.569
1.633
1.092
0.469
-0.379
1.091
1.447
2.484
0.183
3.211
-0.217
0.796
3.381
2.506
-0.133
0.747
1.98
2.792
1.709
0.547
2.27
0.896
1.05
-0.116
1.473
-0.263
0.283
1.549
2.034
2.759
1.059
2.11
0.655
-0.975
0.558
1.088
3.255
2.455
1.75
0.621
2.326
-0.49
0.507
2.285
1.114
2.868
2.513
1.687
3.1
0.465
1.58
2.052
1.221
0.394
-0.836
0.929
2.279
-0.222
2.545
1.929
2.814
0.646
0.685
1.798
0.702
2.717
2.803
2.616
1.246
2.773
1.642
1.652
1.297
0.509
1.294
0.327
1.89
-0.985
2.412
-0.832
2.363
-0.462
0.373
2.153
1.437
0.179
2.69
1.26
2.326
-1.064
2.555
2.427
0.329
1.532
2.214
1.293
2.965
1.504
0.945
0.72
0.77
0.819
1.341
1.741
1.408
1.614
3.255
0.318
0.252
1.22
1.727
3.213
1.765
1.228
1.97
0.512
0.289
1.648
-0.129
0.913
2.121
1.383
0.234
1.508
1.1
2.372
1.458
0.729
1.786
2.18
-0.545
0.85
1.742
1.381
0.588
-0.371
1.019
1.328
0.666
0.795
3.126
2.469
-0.01
3.397
4.122
0.968
1.808
3.175
0.041
0.445
1.19
-1.691
1.879
0.946
0.496
1.252
2.667
-0.2
1.235
1.929
0.968
1.261
-1.054
1.409
0.713
2.123
0.524
3.04
1.928
1.377
1.673
1.64
0.559
2.269
0.583
2.553
1.806
2.204
3.082
2.475
-0.299
1.061
1.711
1.171
2.186
3.128
1.953
-0.319
1.587
0.342
0.829
3.816
2.43
1.867
0.006
1.395
-0.191
-0.438
1.023
1.821
1.186
1.06
2.296
1.067
1.578
2.111
2.724
3.376
1.124
3.382
1.16
1.545
2.242
-0.795
0.642
0.667
0.13
1.581
0.901
0.704
-0.559
0.627
1.181
-1.72
0.56
2.334
-0.557
0.051
1.605
3.432
2.345
1.624
-0.657
0.872
0.511
1.156
1.088
0.894
-0.674
0.596
2.123
1.597
1.831
4.174
1.043
1.41
1.419
-0.15
0.604
2.917
1.62
-0.771
0.87
0.193
4.561
1.961
1.517
2.244
1.355
1.685
1.513
1.961
1.457
3.092
2.197
0.608
0.258
0.087
-0.904
0.935
0.48
1.061
0.986
1.944
0.343
1.12
-0.38
0.07
0.627
-0.759
0.651
3.307
0.463
0.439
0.493
1.86
1.06
1.512
-1.471
-0.573
2.373
1.13
1.119
1.122
2.818
0.724
1.525
0.493
0.695
2.275
2.227
1.421
1.811
2.783
2.909
1.491
1.171
1.004
0.524
0.657
2.165
0.842
2.011
2.459
-0.285
1.391
1.447
0.66
0.37
0.027
1.757
2.133
0.992
1.478
1.902
1.157
0.991
0.928
2.732
3.063
0.945
0.887
1.303
-0.098
2.629
2.252
2.056
0.177
1.185
0.887
1.118
1.514
0.74
0.391
0.799
0.751
0.451
1.44
0.881
1.763
1.39
1.814
1.887
1.273
1.958
-0.52
1.231
0.026
3.054
1.203
3.255
0.356
1.045
1.209
0.498
-0.81
1.514
1.875
3.21
1.973
-0.858
2.229
1.232
-0.227
2.25
2.726
-1.707
-1.108
2.581
1.599
1.983
2.481
-0.398
2.478
1.552
1.669
2.276
1.431
0.966
1.814
0.488
0.157
0.28
3.948
1.046
1.838
1.336
2.532
2.19
1.342
0.809
0.65
1.731
1.834
3.164
1.127
-1.136
0.24
0.756
0.488
-0.206
0.773
3.315
3.485
2.054
2.129
-0.148
2.399
0.222
1.218
3.446
3.673
3.273
0.18
-0.142
2.004
0.264
0.81
1.486
2.467
0.431
1.99
0.098
1.862
0.746
1.538
1.424
3.239
-0.789
0.942
-0.108
2.063
5.132
0.409
0.301
2.76
3.845
1.915
3.624
1.027
3.403
2.339
0.9
0.48
1.378
1.051
-1.698
0.39
0.985
3.019
0.666
2.434
0.655
2.943
-0.842
2.188
1.907
0.662
0.014
0.518
3.848
1.596
0.867
2.888
1.052
4.026
2.065
3.129
1.0
-0.727
-0.256
1.119
2.33
2.537
0.409
2.546
1.1
0.065
1.841
2.144
-0.147
2.036
1.334
1.421
1.197
1.221
1.41
1.865
2.333
2.905
0.965
1.885
0.999
1.444
1.848
1.86
1.519
2.565
2.858
2.613
1.151
1.147
2.392
-0.5
1.108
0.572
0.925
1.779
1.919
2.373
2.611
0.644
2.996
0.625
0.63
-0.301
2.199
0.814
0.359
3.226
-0.437
2.742
-1.165
2.384
2.662
1.638
-1.114
-1.343
0.343
-1.37
1.169
1.544
-0.457
-0.108
1.257
2.873
1.209
1.548
3.218
1.293
0.481
1.081
2.454
2.351
1.169
1.261
2.159
-1.065
0.924
-0.885
1.103
1.844
3.05
1.839
-1.33
1.304
1.472
0.208
0.89
2.618
1.84
-1.104
1.897
0.334
0.68
1.149
1.918
1.17
0.363
1.899
0.777
1.094
2.072
0.153
3.045
-0.544
4.145
-0.223
2.47
1.07
1.291
1.111
2.269
0.498
2.497
3.665
1.661
1.37
1.404
2.237
1.392
0.384
-0.522
3.016
0.986
2.084
1.809
0.966
0.628
1.095
1.267
2.736
1.674
2.082
2.566
3.417
0.244
0.676
2.116
3.394
0.991
2.531
-1.175
1.29
0.822
-0.583
1.161
0.847
1.343
2.327
1.252
0.455
1.693
1.127
1.102
1.205
3.762
1.838
3.21
4.466
3.127
1.227
1.604
-1.896
0.499
1.243
2.111
2.764
1.297
-1.027
0.227
-0.041
0.923
0.886
1.09
-0.261
0.196
1.734
0.757
0.7
1.08
-0.203
2.027
-0.505
-0.611
3.713
1.843
-1.228
-0.519
3.268
2.071
1.755
1.183
1.871
0.02
-0.229
1.918
0.532
3.014
0.474
1.35
0.035
1.569
2.031
0.735
1.204
1.975
0.98
1.534
2.089
0.801
-0.043
0.558
2.514
-2.341
-0.007
0.47
0.642
1.205
0.449
0.757
1.821
0.73
1.25
0.365
0.483
0.6
0.0
2.325
1.675
-1.218
-0.015
2.418
-0.372
3.06
3.466
1.297
0.592
0.64
2.594
-1.174
1.13
1.167
3.684
-0.189
2.981
1.865
1.325
2.442
1.33
1.319
2.795
1.347
-1.212
0.804
1.211
-1.024
-1.101
1.87
-0.665
2.474
2.337
1.904
1.901
0.531
1.786
0.75
1.108
1.774
2.398
1.795
3.26
2.863
1.476
0.941
2.295
0.319
3.022
3.091
1.429
1.361
2.106
-0.708
1.582
1.0
1.803
1.669
2.173
1.376
0.91
1.412
2.911
2.189
1.737
1.07
0.323
1.462
-0.222
0.58
2.618
1.63
1.557
1.061
1.855
1.287
1.87
-0.993
1.806
0.295
0.129
3.513
1.647
1.95
1.638
1.442
2.384
1.533
1.753
1.374
0.336
1.273
1.042
1.123
1.635
2.434
4.489
-0.086
3.697
1.09
0.957
1.482
-1.54
1.118
1.238
1.32
2.138
0.023
0.574
0.418
2.458
2.059
1.025
1.55
1.715
1.54
1.138
1.459
0.99
3.851
-0.456
1.652
2.374
-0.499
0.344
-0.162
1.287
2.446
-0.237
2.505
2.671
1.581
1.198
-0.125
1.409
0.182
1.201
0.163
1.04
2.251
1.528
1.449
2.737
0.967
1.682
3.656
0.454
1.603
1.366
1.139
1.448
1.564
1.052
3.588
2.976
2.39
1.665
2.638
1.252
2.094
1.863
-0.236
0.094
2.56
1.567
1.914
0.819
1.768
0.879
2.043
0.618
0.763
1.994
1.229
2.569
-0.3
4.105
0.203
0.805
1.824
4.311
0.928
0.744
2.006
1.503
0.837
2.783
1.145
0.557
0.199
2.331
-0.036
-0.333
2.202
-1.311
0.924
-0.414
0.323
0.418
1.603
1.934
2.161
4.333
1.568
0.25
1.713
1.769
0.013
3.045
3.249
-1.141
1.1
0.53
2.363
0.945
2.868
2.489
1.811
1.501
-2.536
2.097
1.268
0.887
-0.726
0.709
0.968
3.35
0.786
1.292
1.674
1.062
1.871
0.678
1.624
3.628
3.44
1.101
0.129
-0.856
1.384
0.876
-1.003
1.776
-0.672
1.52
0.733
2.2
0.301
-0.265
0.607
0.754
0.097
1.599
1.931
0.059
2.325
1.562
0.489
1.643
1.971
-1.59
0.322
1.354
2.2
0.187
1.804
3.989
0.388
-1.499
-0.263
2.165
3.214
0.266
1.639
0.816
1.675
-0.284
1.811
0.046
0.183
0.647
1.121
-0.638
1.504
0.243
2.977
0.984
0.502
1.864
3.416
0.126
2.05
2.256
1.479
2.423
0.662
-0.154
-1.235
0.921
3.383
2.65
-0.412
1.383
-0.072
1.543
2.318
0.498
-0.364
1.187
0.854
1.968
1.728
0.844
1.28
2.123
1.194
1.397
-1.712
0.427
3.191
3.214
3.326
1.742
3.001
1.838
0.803
1.807
1.886
1.224
0.47
2.157
1.936
-0.115
1.18
-0.176
2.703
-0.496
4.236
1.21
0.32
1.593
0.106
1.42
0.477
2.503
0.688
1.861
0.38
1.196
1.338
-1.49
1.307
2.602
-1.787
1.451
0.415
3.217
2.452
1.176
-0.043
1.77
2.464
1.336
0.362
0.703
1.362
0.62
3.314
1.582
2.136
2.12
0.132
-0.166
-0.233
0.326
1.738
1.598
0.876
0.855
2.116
-0.991
1.526
2.243
-0.335
1.186
0.785
3.108
2.804
0.343
3.581
0.435
1.973
1.197
3.119
0.848
2.9
0.465
1.298
2.305
0.841
1.14
1.138
1.826
1.451
1.612
1.886
2.5
-0.608
2.532
1.605
-0.436
1.532
0.707
0.985
2.911
-0.797
1.712
2.259
0.871
1.489
1.381
1.999
1.572
0.975
2.014
0.952
0.762
2.184
0.443
1.707
2.04
1.392
1.922
-1.022
-0.848
-0.313
1.246
2.242
2.567
2.337
1.494
1.187
-1.111
1.106
2.586
2.111
1.894
1.147
2.353
1.632
1.19
1.331
1.37
0.254
0.092
1.276
2.039
1.531
1.711
1.201
1.942
-0.111
3.303
-0.011
3.007
2.639
3.905
0.41
-0.812
1.836
2.579
0.939
-2.683
2.209
1.019
1.273
1.371
-1.184
0.308
-1.254
-1.364
0.294
1.47
1.065
1.136
-0.552
1.823
-0.78
0.068
1.938
1.816
-1.607
1.363
3.016
2.749
2.332
0.814
1.13
-0.357
0.061
-0.952
0.905
1.41
3.226
-0.319
3.625
1.05
1.849
0.264
-0.568
2.023
-0.292
1.064
0.245
1.989
0.161
0.619
0.76
1.991
3.063
1.247
0.645
0.204
0.932
1.795
3.512
1.506
0.253
0.778
2.621
0.703
1.25
1.209
0.423
3.658
1.038
1.348
3.394
-0.82
4.961
0.159
1.456
0.397
1.124
0.804
1.584
1.599
1.562
-0.331
1.118
2.488
3.901
1.28
3.357
2.011
2.823
1.686
0.806
0.099
1.173
1.384
3.387
1.645
3.057
2.339
0.169
4.639
0.538
-1.996
2.425
2.421
0.064
0.898
2.729
2.062
2.577
-1.053
0.242
-2.928
2.129
2.888
2.822
1.01
1.588
0.972
1.318
2.46
0.253
-0.197
0.811
1.116
1.15
2.51
-0.886
1.353
2.198
2.244
2.227
1.98
1.354
2.708
2.351
1.911
1.719
0.699
0.092
2.716
-1.24
-0.368
3.893
0.759
0.164
0.815
1.873
1.199
0.022
4.591
0.167
3.116
0.584
0.527
-0.05
2.643
2.032
0.081
0.674
0.307
0.731
4.929
3.953
1.632
0.105
1.941
1.524
1.932
0.208
1.673
1.325
1.077
1.963
2.094
1.642
1.302
0.768
2.68
0.296
-1.217
1.449
1.384
-0.965
1.687
1.96
3.689
2.231
2.119
-0.622
0.959
3.144
0.042
1.541
4.34
2.727
1.358
1.537
1.294
0.141
0.15
3.425
1.285
0.186
1.53
2.787
0.881
-0.712
1.902
1.071
2.211
2.69
0.45
0.024
2.116
2.03
0.666
0.303
0.795
2.702
2.32
2.319
2.059
0.684
-0.09
-0.016
-1.904
1.85
1.654
1.104
0.247
0.613
1.2
1.819
2.867
-0.849
3.174
1.548
1.883
-0.633
2.344
1.656
2.305
0.636
0.683
1.447
-0.051
0.457
1.119
1.161
1.583
0.16
2.987
0.905
-0.382
0.15
-0.42
1.49
2.085
0.717
0.811
2.516
3.796
0.161
1.721
1.12
2.244
2.055
-0.184
1.82
1.802
0.142
0.291
0.802
1.217
4.039
1.014
2.057
0.495
0.596
2.731
0.518
2.4
2.645
0.713
2.449
1.391
-0.158
0.734
1.501
2.614
-0.035
2.352
-1.173
-1.461
2.502
2.138
4.147
2.89
1.692
3.326
2.635
-0.225
1.463
0.625
0.757
0.816
0.261
2.667
-0.738
0.525
1.137
2.162
1.158
2.561
2.173
1.173
2.406
1.352
1.282
0.208
4.036
2.088
2.587
2.042
-0.096
1.312
0.489
-0.192
0.231
0.954
1.822
-1.126
1.221
-1.197
2.559
2.134
-0.259
1.913
1.265
0.446
0.298
1.352
1.293
-0.326
-0.823
1.567
1.078
2.653
1.939
0.987
0.089
3.381
-0.4
0.372
1.14
1.317
0.395
0.34
0.989
2.118
0.956
2.144
4.102
1.489
2.106
1.375
-1.203
2.264
1.254
4.086
1.669
1.287
2.905
2.2
1.787
1.998
1.14
2.559
1.261
1.637
1.806
0.795
2.383
0.912
3.129
-0.296
0.262
2.317
1.14
0.994
1.42
0.905
1.473
1.158
1.453
1.988
3.231
2.836
1.29
1.215
1.067
3.085
1.319
1.891
2.023
1.544
0.793
2.02
1.351
0.056
0.943
-0.048
-0.006
1.273
0.373
1.931
1.484
2.813
1.326
-1.018
-0.322
1.849
1.527
1.27
3.543
3.355
0.023
0.994
2.471
0.999
1.864
0.144
4.347
2.329
0.979
1.942
-0.731
1.464
1.564
0.584
0.802
0.68
1.961
4.085
0.232
0.428
0.531
1.725
0.242
2.692
0.966
1.277
1.614
1.492
-0.47
-0.039
2.066
0.402
1.603
1.485
2.583
1.311
1.055
0.519
0.286
2.587
1.669
0.439
0.297
3.041
1.665
0.959
0.379
2.084
-0.456
2.3
1.355
-0.028
-0.081
2.718
0.768
0.568
1.986
3.778
3.501
1.745
1.559
1.626
0.476
3.535
2.905
2.858
0.735
1.52
0.392
2.283
1.787
1.593
1.449
1.43
2.006
0.669
1.613
3.157
0.203
2.254
-0.085
1.22
1.024
2.556
3.046
1.38
-0.768
3.212
0.676
2.796
1.245
1.624
0.986
-0.115
0.668
3.894
1.745
1.481
1.502
0.848
4.645
3.172
0.263
1.695
0.401
2.179
1.545
2.051
1.519
-0.339
2.166
0.37
0.802
0.21
1.713
0.541
0.04
1.635
2.214
1.044
4.023
1.097
1.475
-0.438
2.82
-0.408
0.674
2.069
1.867
2.069
2.347
1.493
0.211
1.605
2.467
2.169
0.422
0.818
2.285
0.442
0.73
1.977
3.177
3.308
1.654
2.975
0.485
2.888
-0.017
1.443
1.33
2.263
-0.022
1.779
0.642
2.707
3.771
1.295
2.782
0.952
-0.375
0.261
1.934
1.162
-1.081
2.451
2.592
2.722
1.493
3.415
2.52
1.232
1.096
4.117
0.853
2.066
4.317
1.664
1.488
0.687
2.614
2.759
0.315
1.041
2.719
1.961
2.944
1.794
3.447
1.786
0.596
0.69
2.334
2.655
2.311
1.821
0.343
2.575
-1.211
0.943
2.095
1.945
-1.319
2.174
0.844
2.673
1.44
3.262
0.758
1.766
0.655
2.33
0.037
2.711
1.895
0.684
2.384
1.424
4.156
1.795
1.927
1.55
1.667
1.333
1.274
0.878
2.026
1.956
0.178
1.429
0.749
1.436
0.681
1.504
0.888
2.7
1.837
2.154
1.447
1.403
1.372
-0.033
1.619
0.992
2.558
1.15
1.706
1.033
2.763
1.137
0.34
0.558
1.344
2.806
0.464
1.695
0.623
2.026
1.507
1.342
1.55
0.226
-0.131
2.155
-1.062
2.818
2.68
-0.869
-0.078
-0.451
2.483
2.306
-1.287
3.368
0.69
0.336
-0.236
2.108
1.023
3.463
-0.429
3.15
0.202
0.306
-1.075
2.004
0.657
0.391
2.754
1.132
0.561
1.956
1.118
0.638
1.584
-1.132
-0.012
-0.024
0.412
0.934
0.76
0.706
1.722
-0.024
2.187
-0.917
1.409
1.889
-1.451
0.432
1.402
2.302
0.859
1.909
3.113
1.64
2.196
2.41
0.409
-0.457
3.38
-0.184
4.204
1.134
-0.43
2.942
1.94
1.802
1.638
1.405
-0.07
2.953
0.956
1.585
2.989
-0.422
1.601
2.452
1.344
0.474
2.255
1.436
1.099
0.842
0.449
0.968
2.224
1.895
-0.439
1.805
3.856
1.167
0.854
1.303
0.27
1.185
-0.982
1.632
1.051
1.044
1.139
1.141
1.258
-0.013
0.936
2.306
1.628
1.115
0.696
0.852
0.716
1.746
-0.178
0.739
4.361
2.718
1.56
2.809
1.162
1.62
2.105
-0.915
1.73
1.572
0.311
2.991
1.056
3.416
1.362
1.427
2.551
1.525
0.095
0.762
1.052
3.311
-0.333
2.284
1.775
-1.862
0.624
0.29
2.091
1.617
1.067
3.42
3.354
1.071
2.758
1.653
1.968
0.819
1.316
-0.495
1.086
-0.88
3.233
1.3
1.59
2.298
0.758
1.038
1.247
2.052
2.813
1.222
1.315
2.087
1.075
0.791
1.399
1.139
-0.679
1.753
0.692
2.888
2.531
0.039
1.939
1.877
0.562
1.45
0.272
3.741
-1.018
0.81
-0.06
3.134
-1.26
1.904
2.984
1.619
3.392
1.297
0.129
2.633
0.911
1.092
1.121
1.075
1.234
1.353
-0.536
1.394
0.946
0.705
1.793
2.157
0.307
0.159
0.068
4.077
3.432
0.254
1.04
1.928
-0.078
1.086
1.197
2.384
3.157
-1.307
2.661
3.013
0.934
2.356
1.256
2.654
0.603
1.354
1.245
0.042
3.152
0.52
3.015
-0.08
1.796
0.332
2.88
2.496
-0.456
1.07
0.202
1.628
2.177
0.444
2.076
0.276
0.063
0.792
0.327
-0.954
-0.061
0.836
3.301
2.182
2.604
1.573
0.636
2.78
1.749
1.002
-1.225
-1.022
2.096
1.069
1.4
2.008
1.48
0.498
1.493
2.593
1.561
0.854
0.504
3.509
2.434
1.643
1.082
1.233
0.899
-0.579
0.657
1.538
0.604
1.04
2.375
3.245
-0.139
1.212
0.373
1.911
1.872
0.832
0.49
0.491
0.557
1.95
-0.89
1.611
1.733
0.812
4.118
0.226
3.064
1.891
1.445
1.901
1.076
1.471
0.766
-0.893
0.98
3.131
-1.546
2.247
1.817
0.388
-0.189
1.827
1.517
2.067
1.417
0.268
2.668
-0.114
1.635
0.222
2.299
-0.808
1.11
2.647
2.149
1.142
2.751
0.352
2.692
0.542
2.412
-1.1
0.687
-1.47
-0.115
1.965
2.593
3.043
-0.097
2.284
1.745
0.719
1.253
2.594
2.292
1.57
0.321
3.531
2.758
3.124
0.472
2.232
0.579
0.446
2.158
0.528
1.593
0.865
3.189
1.509
2.82
1.781
-0.11
0.051
2.442
1.657
2.256
1.341
0.541
0.821
0.762
-0.404
1.269
2.025
2.601
0.831
3.654
1.858
1.099
2.115
1.918
0.873
3.057
1.326
1.978
-0.192
0.855
1.158
1.846
1.76
1.211
2.17
1.747
1.866
1.426
1.39
2.604
4.027
1.879
4.206
0.315
0.799
3.54
0.889
0.053
1.504
2.882
1.286
1.344
4.015
1.344
0.745
1.251
0.798
2.178
4.197
2.539
0.175
0.421
0.275
1.18
2.755
2.446
1.493
2.53
2.363
-0.887
1.238
1.887
4.274
0.711
1.802
1.251
1.583
0.25
1.213
1.713
1.343
2.623
0.5
1.916
-0.35
1.674
4.528
0.224
1.448
0.606
0.884
-1.538
1.95
-0.704
-0.007
1.592
-0.392
0.505
1.576
0.247
2.313
1.467
0.134
0.747
1.503
2.149
1.423
1.025
3.775
1.248
0.343
0.935
2.954
-0.163
-1.154
3.173
1.31
2.569
1.224
2.76
1.437
2.231
2.276
1.091
3.079
4.0
0.74
1.218
2.25
-0.096
1.728
1.915
2.809
1.868
1.45
1.953
2.56
3.186
0.059
-1.81
1.416
1.608
1.119
0.669
-1.563
2.639
0.811
0.571
1.417
1.595
-0.143
2.857
1.984
-1.176
1.433
0.792
0.96
0.535
0.957
2.154
2.354
0.318
1.681
-0.55
0.267
-1.424
4.684
1.294
-0.502
1.108
-0.138
1.349
1.704
1.53
0.316
2.484
0.748
-1.135
0.436
1.163
-2.17
1.263
-0.587
0.54
0.77
1.867
2.369
3.828
0.689
4.136
-0.087
3.729
1.053
-0.278
-0.495
2.219
0.128
0.935
2.242
3.488
0.581
2.42
-0.366
-0.155
0.945
-0.811
2.97
0.601
0.055
1.031
1.551
2.232
3.178
0.745
1.626
0.241
0.619
2.295
2.013
0.252
0.844
1.46
1.93
3.032
-0.951
1.913
1.23
-0.106
1.97
0.9
-0.224
2.866
1.712
1.819
3.691
0.421
0.859
-0.461
1.581
2.537
1.171
0.696
-1.518
2.948
0.954
1.896
0.13
-0.353
2.776
3.65
1.823
-2.691
1.191
1.17
1.945
0.909
0.414
2.307
0.366
1.727
1.931
1.776
0.694
-0.011
-0.122
1.117
-0.576
1.922
1.467
2.294
3.431
2.977
2.724
3.292
0.915
2.167
1.022
0.531
1.615
1.653
1.772
1.851
0.735
3.447
1.641
1.848
1.696
1.8
1.842
0.842
1.368
1.617
1.858
3.413
0.965
2.569
1.943
0.652
1.093
3.279
0.308
0.925
1.364
1.056
1.703
3.083
3.188
1.437
1.71
1.169
2.207
0.522
2.209
1.334
2.396
1.641
2.428
1.745
1.863
0.635
0.736
0.123
-0.701
1.612
2.537
2.186
1.36
1.517
0.83
-0.283
1.514
1.455
1.653
-0.117
0.249
1.813
1.578
2.75
0.933
2.738
2.178
1.865
1.363
2.218
-0.11
1.027
0.588
1.766
1.017
0.529
-1.365
0.756
0.884
0.555
0.146
1.294
1.866
2.095
0.702
2.648
-0.807
1.576
0.205
1.547
2.606
2.057
0.245
2.31
2.255
0.987
1.178
2.927
2.131
1.59
3.007
1.64
2.16
2.413
1.855
-0.144
2.259
-0.483
2.85
1.926
0.944
1.325
1.158
-0.214
-0.939
1.194
1.548
1.922
0.96
2.187
2.437
2.327
-1.991
2.094
1.272
-0.261
1.545
0.619
1.022
1.451
0.313
0.428
0.117
2.369
-0.571
1.445
2.41
-1.828
1.323
1.294
0.394
0.714
1.748
-1.205
1.856
0.395
0.378
0.204
1.201
1.233
2.237
0.588
-0.198
1.022
0.371
-0.203
0.938
2.306
-0.317
-1.688
0.12
2.398
1.955
0.0
-0.81
0.161
2.73
1.287
3.236
0.409
3.128
1.837
2.113
1.287
1.701
1.529
1.579
1.535
2.525
1.249
0.968
2.436
1.331
3.715
-0.351
2.84
1.353
1.015
0.588
0.818
2.241
1.631
2.323
0.084
1.509
2.763
1.841
1.341
1.997
0.764
2.715
2.39
2.035
1.471
0.981
1.609
1.318
2.382
-0.437
2.588
1.194
-1.008
-1.965
2.525
0.798
3.259
0.636
1.338
1.25
0.959
1.857
2.377
0.994
3.551
0.594
1.352
-0.404
-0.1
1.4
2.736
1.074
0.545
2.955
1.919
0.883
1.675
0.918
0.662
2.089
0.45
1.444
1.73
4.123
1.152
-0.33
1.023
-0.524
1.896
3.471
1.922
0.724
1.984
1.792
-0.756
2.035
2.979
3.92
3.412
1.881
0.458
0.014
1.591
1.131
1.741
2.619
1.025
1.935
3.355
1.285
-1.587
0.277
4.008
1.829
1.153
1.788
1.557
1.521
1.266
0.368
2.047
1.476
2.297
-0.543
0.576
2.132
1.484
3.449
1.04
1.614
3.075
2.412
1.564
1.972
-0.261
1.219
1.031
1.164
2.055
0.43
1.841
-1.265
1.146
1.795
1.396
-1.556
-0.265
2.155
-0.793
4.644
1.12
0.509
2.632
3.51
0.179
0.786
0.223
3.246
0.929
0.285
1.526
0.866
-1.488
0.297
0.762
0.446
1.66
0.429
2.793
1.331
0.859
0.144
2.4
1.925
1.349
0.898
0.476
-1.077
-0.022
2.521
1.688
0.374
1.162
0.525
0.494
1.159
1.792
2.421
1.126
4.492
-0.392
2.163
0.788
2.277
1.593
1.274
2.235
1.115
0.593
1.848
2.14
1.199
1.553
1.318
1.835
-0.117
1.487
0.256
2.126
-0.893
2.136
1.935
-0.212
1.477
1.02
3.189
-0.53
2.74
1.239
-0.973
2.804
1.97
1.559
0.581
3.485
0.282
0.907
1.231
1.244
0.809
0.855
0.937
1.049
1.35
2.683
1.386
-0.232
-0.008
3.339
1.122
1.858
0.554
-1.514
4.861
0.388
2.133
4.379
-1.51
1.04
4.678
0.791
1.928
2.297
1.607
0.128
1.365
1.337
1.964
1.034
0.765
1.938
-1.012
1.542
0.894
3.643
1.947
2.476
3.486
-0.046
0.73
0.218
1.4
1.347
-1.16
3.449
0.695
2.202
1.3
2.724
0.714
4.721
0.447
1.796
1.104
0.815
2.786
1.191
2.128
3.007
1.681
-0.979
2.679
0.737
0.877
0.071
2.332
1.198
1.418
2.569
2.02
-1.063
1.198
1.608
1.05
2.418
0.468
0.981
0.672
2.024
-0.571
-0.5
1.536
2.806
-0.166
0.367
-0.553
1.211
2.634
2.552
4.049
1.567
0.093
-0.491
1.908
1.47
1.894
-0.48
2.346
0.073
0.146
1.524
1.644
0.86
1.634
1.583
1.163
0.135
1.912
1.161
1.653
1.861
2.266
1.931
3.573
1.634
0.411
0.698
2.713
1.625
3.124
0.71
2.663
1.928
4.208
1.245
1.328
0.473
0.767
-0.215
-0.626
0.964
0.302
0.17
1.073
1.335
1.269
0.885
0.729
3.029
2.226
0.964
0.723
0.001
2.45
0.213
3.155
1.149
3.666
1.995
-0.216
0.213
-0.497
0.954
0.585
-0.912
0.446
-0.228
1.151
0.941
1.157
1.541
0.868
1.649
-0.444
-0.303
2.038
-1.246
-0.335
-0.145
1.524
1.278
1.691
0.398
3.119
0.867
2.323
1.894
2.119
1.944
0.902
1.233
1.1
0.728
1.707
0.412
-0.59
1.552
1.332
2.8
1.293
1.291
2.175
-0.527
0.797
-0.615
0.571
-0.747
-0.438
0.065
1.216
3.222
2.743
0.963
-0.277
0.894
0.968
1.563
1.341
1.748
0.84
2.185
2.546
0.885
3.709
0.538
-0.531
3.11
2.409
0.022
0.71
-1.337
0.169
-0.408
1.781
-0.953
0.298
1.739
1.439
1.577
-0.182
2.585
0.221
2.496
-2.274
3.179
0.353
-1.698
-0.367
3.221
4.168
-0.947
0.094
-0.309
2.889
-1.771
2.405
0.55
2.46
2.267
2.661
-0.128
0.239
0.972
-0.629
-0.716
0.099
1.782
1.48
1.996
1.228
1.588
0.817
1.986
3.405
-2.399
1.526
-0.244
1.265
3.211
1.5
4.444
0.349
1.441
2.848
0.954
0.455
4.113
0.501
1.664
1.654
0.225
0.101
0.462
2.569
1.305
1.341
1.159
1.408
0.935
1.593
0.18
1.247
1.201
0.498
0.593
0.31
2.624
-1.345
-0.028
-0.381
2.856
2.528
-0.875
1.79
0.411
0.439
0.07
2.541
0.094
-0.346
1.156
0.324
2.519
1.51
0.406
1.006
2.621
0.755
0.855
1.349
1.769
0.185
0.821
0.288
1.938
1.785
1.458
0.411
0.961
3.491
2.831
0.586
1.398
2.665
2.832
1.193
1.399
2.704
1.107
2.692
3.309
1.335
0.745
1.637
0.995
2.401
2.48
1.877
0.544
2.074
0.064
2.16
1.106
1.579
2.741
1.433
0.749
-1.363
1.598
2.424
2.533
1.145
0.249
2.125
2.82
1.548
0.837
1.902
2.356
-1.956
1.554
4.065
2.015
1.942
0.115
0.875
-0.751
1.61
1.761
-0.684
0.07
0.77
1.429
1.771
3.358
2.058
-0.032
-0.829
-0.12
1.672
-1.198
1.304
2.455
0.47
3.48
1.985
1.974
1.038
1.363
0.303
-1.372
-0.061
-0.288
1.667
-1.185
-0.822
0.414
-0.239
1.886
1.401
1.391
1.012
2.332
2.617
0.151
0.308
1.662
2.548
2.176
2.721
2.542
1.781
1.152
2.284
0.461
1.37
2.65
-0.475
2.78
2.332
0.037
0.866
1.695
1.943
2.185
2.917
2.771
0.261
0.155
0.928
2.79
2.545
1.749
0.831
1.219
1.442
2.988
0.828
0.649
-0.69
2.161
2.809
1.61
1.185
2.211
-0.242
0.322
1.469
1.542
0.374
-0.056
1.951
3.677
3.17
0.42
1.918
1.096
3.261
-0.825
0.135
2.896
2.322
1.477
4.076
0.683
2.875
-0.02
3.085
-0.688
2.448
0.125
1.529
2.848
3.078
0.903
0.901
-0.279
1.959
1.888
0.502
0.24
2.854
1.707
2.78
2.967
0.538
1.801
0.455
1.476
1.606
1.2
2.791
2.178
1.275
0.886
3.466
3.193
1.369
2.585
0.82
0.785
1.41
1.043
-0.283
0.322
1.195
2.642
0.902
1.152
0.62
1.362
0.928
0.924
0.983
-0.591
2.746
2.517
2.669
0.839
-0.003
0.626
4.405
-0.263
1.614
0.309
1.185
0.638
-0.491
0.759
1.649
1.933
1.561
0.801
1.662
1.235
-0.014
1.914
1.544
2.167
4.133
2.232
-0.041
0.208
1.697
1.737
0.885
2.567
0.852
0.078
0.193
2.503
2.388
1.397
1.836
1.911
0.674
1.004
0.697
2.658
0.988
0.454
2.173
0.799
1.173
1.399
-1.761
1.098
0.7
-0.318
2.53
2.424
2.644
0.382
-0.256
2.241
1.427
1.688
1.465
0.54
1.026
1.15
3.171
1.562
2.105
1.323
0.116
-0.538
-0.497
3.792
1.198
2.759
-0.086
0.639
0.577
3.512
2.055
1.21
0.462
0.894
1.734
-0.629
0.868
0.844
1.752
-0.773
1.447
1.989
-0.907
-0.491
3.535
0.067
0.534
1.981
2.696
-0.333
3.036
2.262
1.146
2.03
0.88
1.558
2.059
-1.596
0.766
0.461
1.826
4.526
-0.243
0.727
1.956
0.174
0.259
1.155
0.222
-0.276
1.05
0.232
2.133
1.726
-0.254
2.062
0.238
2.527
2.263
1.862
-0.244
1.027
2.414
1.591
1.53
1.77
-0.091
1.186
0.473
-0.615
1.954
0.462
0.304
2.781
2.049
-0.001
2.202
1.181
-0.115
1.287
1.251
2.97
-2.029
3.809
1.547
1.39
2.13
1.963
1.176
-2.208
-0.33
0.191
2.604
2.605
1.41
2.903
0.958
-0.037
1.382
2.984
1.27
2.229
1.616
0.722
3.2
3.715
4.485
1.498
1.816
1.226
0.584
1.79
2.846
1.817
1.957
1.18
2.958
1.559
1.771
-0.999
2.665
-0.017
1.588
0.918
1.839
0.229
1.732
-0.937
0.568
1.549
4.242
2.407
0.944
0.818
1.322
1.002
0.713
-1.477
1.077
-1.606
0.021
0.788
1.024
0.541
2.975
0.774
-0.116
2.984
1.757
2.347
1.622
0.688
1.063
1.068
1.121
0.826
1.275
1.298
-0.485
-0.184
1.998
1.319
1.173
1.721
-0.315
1.446
0.989
1.002
-0.793
2.187
-1.029
0.452
0.429
-1.473
0.874
2.762
1.471
3.152
2.014
1.198
0.405
0.856
0.824
1.297
0.587
3.987
0.98
2.118
1.019
0.446
2.18
3.028
0.274
-0.148
0.908
2.986
1.414
1.657
-0.435
1.891
0.537
0.592
0.391
1.383
0.337
1.326
0.922
1.508
0.823
2.176
2.549
1.056
1.596
-0.709
-0.577
-0.107
1.487
0.941
-0.109
0.856
2.501
1.002
2.839
1.976
1.49
0.517
1.791
1.244
1.212
0.484
-0.05
1.566
0.91
2.662
3.917
1.035
2.406
1.538
0.044
0.817
1.803
0.747
0.765
2.834
0.236
0.72
0.367
1.855
0.484
1.944
0.994
1.63
2.11
-0.307
1.847
-0.231
1.118
2.285
0.566
1.587
1.567
1.301
1.65
1.571
1.484
3.749
1.65
-1.876
-0.34
3.935
2.273
0.728
1.597
-0.745
1.353
2.251
1.223
1.693
-0.852
2.923
2.286
-0.42
1.63
1.686
1.014
0.899
0.69
2.17
2.288
1.908
-1.936
-0.157
1.389
1.915
2.27
0.512
0.033
0.389
0.336
-0.371
1.152
1.576
1.639
1.352
3.289
0.769
1.526
0.645
-1.793
1.484
-0.021
-0.187
0.969
2.493
1.828
-0.196
1.194
3.795
2.379
1.5
1.207
1.933
-1.403
1.706
1.399
2.538
0.934
1.143
2.393
1.347
-0.249
1.255
2.986
2.443
1.372
1.869
1.993
1.781
1.906
0.111
1.262
1.348
2.861
2.211
0.457
1.54
3.266
1.131
-0.144
1.348
0.433
0.981
1.089
1.578
-0.292
2.413
-0.387
2.466
1.324
0.274
2.14
0.74
3.174
1.652
0.481
0.838
-0.886
1.134
0.662
2.437
1.962
0.659
0.55
2.025
1.17
1.413
3.157
1.492
2.469
3.012
1.225
4.317
3.908
-0.111
3.436
3.476
3.249
1.262
1.05
1.872
0.801
2.374
0.478
1.672
0.968
2.582
0.098
1.473
1.117
1.774
-0.336
1.24
0.73
0.603
2.498
1.012
2.472
1.865
1.36
2.188
-0.181
-0.688
1.253
0.512
0.734
3.084
-0.347
-0.322
-1.751
2.476
1.166
1.916
0.916
0.982
1.841
0.351
1.414
1.726
1.241
0.202
1.517
1.196
1.782
0.893
1.658
2.58
1.101
1.773
2.084
0.178
4.822
-0.66
2.215
-0.568
0.603
0.326
0.395
1.024
0.787
0.897
1.862
3.768
-0.725
0.71
-0.729
1.441
-0.294
0.475
4.039
1.769
1.41
1.242
1.365
0.093
1.776
3.643
1.531
0.869
0.276
2.736
0.972
1.815
1.309
-0.883
1.938
0.244
1.958
1.986
-1.903
0.111
0.415
-0.098
0.649
1.353
0.185
0.921
0.386
1.431
0.462
4.124
1.394
0.155
-0.911
0.324
-0.606
0.495
0.323
2.454
1.162
-1.088
1.722
2.629
3.705
1.499
0.721
2.499
2.532
0.688
1.18
2.66
0.376
0.431
0.936
2.353
3.195
1.72
1.94
-1.301
1.067
-0.113
1.547
1.114
0.366
-0.177
-0.023
-0.052
-0.847
2.379
1.545
0.657
1.035
0.534
2.207
1.684
2.644
0.733
0.613
0.815
1.906
1.304
0.78
0.501
0.755
-0.074
1.808
1.343
0.463
1.975
0.717
3.618
1.272
2.415
-1.028
0.476
1.347
1.277
1.104
3.272
1.49
1.36
2.889
2.164
2.468
0.023
2.121
2.137
0.133
0.826
1.565
1.246
1.486
0.153
0.567
1.277
2.799
1.219
2.54
2.691
2.325
3.043
1.062
2.458
0.522
1.876
-1.648
0.303
1.053
2.364
1.515
0.371
2.597
4.961
-0.73
0.316
-0.32
-1.284
0.964
1.946
1.461
-0.083
0.293
1.287
0.735
0.366
0.935
1.044
0.772
3.157
1.149
1.491
1.088
0.604
2.363
2.129
0.525
3.562
2.353
0.648
0.967
0.846
0.321
0.299
1.787
1.44
0.491
0.574
1.279
-0.67
0.986
0.759
0.047
0.967
0.369
2.233
1.382
3.471
2.645
0.696
2.014
4.245
0.573
1.373
2.072
1.28
0.707
1.974
1.822
1.684
0.814
0.912
1.048
0.487
-0.658
-0.098
-0.025
1.063
0.906
2.063
2.25
1.561
-0.537
1.053
2.497
1.642
0.894
0.969
1.147
1.074
0.362
0.032
1.536
3.261
3.413
0.963
-0.515
1.742
-0.826
0.868
0.315
-0.253
0.715
0.875
-0.57
2.11
1.054
0.691
-0.438
3.636
0.964
1.853
1.624
-0.77
-1.633
-0.923
2.05
-0.125
4.488
0.483
1.114
-1.025
2.61
0.675
2.35
-0.618
1.247
1.035
1.967
2.075
1.018
1.777
2.156
1.515
1.908
2.181
0.886
2.159
-0.478
2.826
2.276
1.989
0.74
2.073
2.212
1.279
2.868
1.877
0.469
0.728
1.544
1.275
1.252
1.045
0.641
-0.758
1.467
2.244
1.327
0.79
1.894
3.169
2.656
1.014
0.836
-1.03
1.369
1.502
2.303
1.294
0.915
2.734
-0.551
1.978
0.585
1.224
1.654
-0.765
3.278
1.346
0.287
2.106
1.793
3.456
0.631
1.308
1.122
2.711
0.533
1.632
1.979
0.688
1.513
1.327
1.362
1.773
1.043
0.275
0.486
1.738
1.155
2.024
0.987
2.01
1.842
-1.327
1.558
0.74
1.98
2.835
1.544
-0.581
0.819
-0.94
0.722
1.6
2.164
2.425
-0.974
2.309
3.231
1.181
1.526
0.555
1.838
0.385
1.484
0.217
1.096
1.222
1.344
2.826
-0.662
0.578
4.024
2.491
2.18
3.52
3.213
0.65
1.91
1.312
-0.291
0.583
0.82
0.599
2.246
0.446
0.78
0.426
0.541
0.207
2.518
2.711
0.526
1.254
0.856
1.818
0.435
-1.539
1.255
2.571
1.46
0.754
2.368
0.554
1.733
1.231
-1.324
1.96
0.72
1.939
-0.073
3.432
1.501
1.036
2.071
1.076
1.148
1.729
-0.353
1.906
1.293
2.224
-0.138
0.29
1.477
2.14
3.397
2.469
2.554
0.85
0.322
1.82
0.653
1.422
-0.459
1.779
2.186
0.191
2.179
1.244
1.932
3.451
1.115
1.471
1.21
3.083
1.618
1.757
2.726
0.367
2.573
1.506
0.95
3.157
2.318
2.578
1.584
1.974
2.563
-0.788
1.718
-0.586
1.565
2.382
2.519
1.501
-0.04
1.746
2.089
-0.656
3.53
1.764
2.459
2.078
2.359
0.472
1.074
0.853
0.136
0.609
3.361
4.032
2.009
2.332
0.863
3.379
2.171
2.292
0.644
2.765
-0.15
0.214
1.689
2.531
1.199
1.3
2.134
0.925
4.629
1.332
0.683
3.135
1.052
3.015
1.475
2.527
1.741
4.008
2.237
-1.201
-0.332
3.177
0.051
1.435
0.29
-0.498
1.36
1.704
1.153
1.386
3.12
0.878
0.848
2.274
0.325
1.577
0.398
1.669
1.962
0.62
2.398
0.204
0.569
0.514
1.562
0.671
2.512
0.534
2.024
2.181
-0.842
1.865
1.118
2.179
1.889
3.156
2.541
1.791
1.628
1.732
2.326
-0.688
0.27
2.05
-0.307
2.662
2.375
1.186
1.12
0.867
-0.98
1.797
-0.643
1.261
1.828
2.831
0.116
-0.464
-0.544
1.709
3.99
1.456
0.596
2.356
-1.039
2.825
1.298
2.094
0.282
1.224
-0.538
-0.007
-0.809
1.822
-0.034
0.121
0.183
-0.225
3.267
1.163
2.717
1.66
0.38
1.161
0.571
1.764
0.257
0.16
1.275
-0.484
1.86
0.585
1.479
3.598
1.025
-0.634
1.399
0.941
2.809
1.698
1.786
0.981
1.856
2.415
-0.396
1.022
-1.433
1.033
1.782
0.403
2.058
1.842
2.119
0.905
3.062
-2.034
0.152
3.335
0.095
1.26
1.29
1.283
-0.164
0.996
2.036
1.863
-0.66
4.671
0.61
1.112
2.551
1.45
0.893
0.41
3.949
0.06
1.852
1.75
3.335
1.734
-0.729
-0.598
1.593
0.63
0.036
0.357
2.723
1.349
3.911
1.362
2.516
1.4
1.529
1.648
3.727
1.285
3.228
1.539
-0.602
1.663
0.991
0.427
1.64
0.844
1.976
1.754
1.492
0.554
3.302
1.294
0.3
2.826
1.103
1.863
0.257
0.725
1.306
0.037
0.217
1.931
1.256
1.665
-0.77
1.269
2.308
1.323
1.355
1.687
0.496
1.416
1.919
-0.199
1.75
1.637
2.492
0.573
1.221
0.45
1.136
1.33
1.54
0.826
1.28
0.354
1.157
1.429
0.575
-0.425
2.305
2.871
-1.631
1.461
1.489
-0.521
0.682
1.215
-1.683
1.535
1.811
1.465
1.303
2.547
1.883
0.781
1.24
2.069
1.357
0.893
1.478
0.454
3.087
0.659
0.763
3.335
-1.837
1.116
1.71
0.362
1.732
2.539
2.063
1.208
2.802
4.123
-1.891
1.642
2.984
2.451
0.138
1.32
0.737
1.935
1.41
2.111
-1.109
-0.749
-0.366
0.163
-0.027
0.737
1.306
1.529
3.256
0.276
1.019
0.598
0.576
1.258
-0.388
2.87
4.282
-1.045
-0.169
1.256
1.848
0.224
1.364
2.05
1.972
-0.245
0.383
1.716
-0.86
1.681
1.47
0.767
1.126
0.993
3.771
4.012
1.167
1.875
1.706
2.221
1.028
1.949
1.616
3.083
0.982
0.774
1.025
1.131
0.201
1.681
0.57
2.293
0.182
1.394
0.939
5.185
1.295
2.859
2.613
1.109
2.414
0.542
2.73
2.464
0.562
2.008
1.791
2.226
-0.7
0.258
0.943
2.854
1.352
1.354
1.302
-0.58
2.241
0.95
1.925
2.777
3.072
0.963
3.589
1.563
1.755
2.699
2.125
0.436
2.399
2.976
2.752
-0.048
0.722
2.974
-0.493
0.984
-1.13
2.517
1.049
1.308
-1.288
2.169
3.327
2.85
1.561
0.851
-0.267
1.624
2.311
2.203
2.322
2.728
1.349
-1.015
0.392
0.784
-0.699
1.1
2.074
0.55
2.889
2.935
-0.898
1.616
3.167
1.551
1.876
0.349
1.285
0.788
0.592
0.425
0.967
4.172
2.536
0.778
0.383
1.661
1.583
4.179
0.622
0.787
1.619
1.176
1.8
1.506
1.238
1.958
2.961
-0.275
2.004
-0.147
1.546
0.311
-0.028
2.242
1.484
-1.946
3.535
2.763
1.421
0.651
0.707
3.347
1.97
0.404
0.086
0.978
2.799
2.339
1.007
1.32
1.113
1.566
0.677
1.098
2.623
3.054
-1.177
0.237
2.127
-0.484
3.637
0.429
3.464
0.37
0.919
1.071
1.833
1.442
-0.288
2.603
0.695
1.317
1.556
-0.447
2.111
1.258
-1.201
2.742
0.918
0.495
1.611
1.06
1.063
1.105
0.359
1.356
1.641
0.53
0.828
2.477
1.289
1.778
3.942
1.421
1.514
0.145
3.221
0.863
3.891
0.962
2.088
-1.199
0.664
1.699
1.268
2.444
0.006
0.39
3.149
1.581
1.339
1.676
1.268
1.259
1.154
2.709
1.819
1.894
0.752
3.403
-0.198
0.901
1.499
3.845
1.55
1.567
2.518
0.798
0.818
2.561
0.184
1.348
2.038
3.188
0.809
1.669
2.507
1.202
3.456
-0.266
2.235
0.074
0.744
1.359
-0.577
3.817
3.196
-0.161
-0.162
1.053
2.091
0.364
1.936
0.313
1.467
0.056
1.684
0.489
2.984
1.656
-0.379
1.254
1.673
0.721
2.655
0.283
0.059
2.974
2.237
0.316
1.647
-0.969
2.154
0.85
-0.238
0.772
-0.274
3.423
0.735
1.049
0.633
2.535
0.978
0.427
2.487
1.586
1.832
1.162
-0.551
1.533
1.443
1.475
1.012
1.705
-0.029
0.139
0.294
0.262
3.397
1.172
-0.692
1.851
2.097
0.753
1.7
1.174
2.204
-0.227
1.875
-0.774
0.668
1.826
2.638
1.017
2.232
1.61
0.953
3.35
1.356
1.629
0.081
2.179
4.553
0.909
2.456
2.967
0.532
3.016
-0.911
2.822
-0.137
3.092
3.868
0.481
1.455
2.381
-0.82
0.491
0.249
2.205
2.578
0.644
0.469
2.898
1.931
1.099
2.258
1.074
1.386
1.605
-1.253
0.006
2.516
2.681
-1.412
0.786
1.888
2.301
-1.211
0.48
2.228
3.258
1.759
0.021
-0.064
-0.532
1.757
2.742
2.372
1.638
2.814
0.4
1.711
-0.061
2.19
1.567
3.23
-1.264
1.148
-1.069
-0.201
3.752
1.325
-0.733
0.056
2.072
-0.115
1.749
-0.537
-1.02
1.592
2.603
0.497
0.588
1.957
1.981
1.148
1.341
0.872
2.543
4.529
3.887
2.06
1.746
-0.482
1.179
2.728
1.504
1.904
0.647
0.512
0.848
1.271
1.744
2.599
1.248
0.97
1.247
0.83
2.005
1.348
1.369
3.369
0.321
0.759
2.443
0.645
0.791
0.62
1.216
-0.79
0.046
2.301
1.308
3.577
0.729
-1.642
1.228
-0.083
1.801
0.369
0.476
1.962
-0.94
2.091
3.113
1.251
0.023
0.675
0.383
1.97
1.31
1.95
1.549
1.673
-0.952
1.528
1.14
1.37
0.353
2.771
1.553
1.886
1.333
1.065
1.888
0.249
1.615
1.954
3.113
1.989
0.017
-0.829
-0.738
1.018
-0.425
0.668
0.763
-0.135
2.368
0.661
0.453
1.959
1.196
0.395
0.901
1.304
3.246
1.907
2.491
1.04
2.563
0.663
0.831
1.265
1.253
1.255
1.621
0.329
0.358
0.563
2.126
2.599
-0.297
0.343
2.627
1.082
0.168
1.707
-1.309
0.806
0.808
1.322
2.724
-0.754
2.283
0.214
1.499
0.993
1.903
-0.568
1.29
1.147
1.114
-0.48
0.911
3.016
1.748
2.215
1.332
0.493
2.738
1.549
3.301
0.43
2.472
0.79
1.167
1.662
-1.408
2.586
-0.529
2.722
1.158
-1.488
2.181
-1.6
-0.224
-1.149
2.319
3.435
0.89
1.946
0.947
3.345
0.797
1.779
0.819
0.97
0.847
1.562
1.334
3.207
0.515
1.267
0.099
1.707
2.934
0.998
3.108
-1.66
-1.147
0.923
2.725
0.718
2.254
3.54
0.869
3.444
1.274
2.363
2.311
2.201
0.871
1.242
1.063
4.74
2.097
2.407
1.871
0.403
0.535
1.203
1.741
-0.09
0.319
1.516
1.243
2.019
1.77
-0.782
2.06
0.307
3.076
0.433
2.362
2.871
2.34
1.275
2.296
0.775
1.498
1.169
2.077
0.612
0.774
0.769
0.686
4.028
1.792
3.71
1.893
1.197
-0.503
2.758
2.559
-0.307
1.872
1.19
1.505
1.838
1.495
2.308
0.433
1.418
2.383
4.685
1.096
1.908
3.922
1.101
0.843
-0.597
-1.2
1.451
1.308
3.09
-0.088
2.224
2.042
3.145
5.229
3.565
0.682
0.457
1.32
2.748
1.549
0.943
1.173
2.115
1.416
1.365
1.511
3.331
1.537
1.468
2.968
0.218
2.196
1.122
1.616
1.717
1.757
2.174
2.401
1.369
3.491
0.914
0.49
0.127
1.325
0.8
0.863
1.523
2.231
0.756
2.636
1.025
0.529
-0.525
0.513
0.748
1.491
0.822
-0.488
0.925
0.99
0.808
1.44
-0.593
1.051
1.146
1.42
2.18
-0.567
0.54
3.923
1.626
1.163
-1.03
3.103
1.432
1.424
0.85
3.101
1.748
1.461
1.48
3.843
-0.42
1.185
0.354
1.098
-0.15
2.317
0.61
1.349
1.093
3.251
-1.481
-0.78
1.651
3.165
1.899
-0.363
0.117
0.695
-0.392
1.168
1.602
0.665
-0.48
0.354
1.387
1.034
5.41
2.111
3.38
1.011
2.595
1.061
0.791
2.167
0.193
2.456
2.407
1.833
0.606
1.946
2.839
0.445
0.636
2.498
1.538
1.912
2.897
2.117
1.769
2.584
1.881
-0.228
2.739
0.821
1.781
0.869
0.049
1.996
2.308
2.554
-0.304
0.058
-0.073
-0.089
0.445
1.126
-0.873
-1.026
0.844
0.729
3.082
2.042
1.355
4.649
1.436
2.262
1.524
1.161
1.174
2.488
1.348
1.986
1.473
2.333
2.098
0.95
1.631
-0.948
1.391
0.674
-0.06
1.216
-0.447
2.86
-1.811
2.917
0.885
0.171
0.586
3.066
1.349
2.37
2.04
0.012
1.827
-0.119
1.652
-1.002
0.198
3.443
2.848
0.818
-0.26
2.719
2.496
2.652
2.189
0.462
2.63
-0.227
1.163
2.878
1.564
1.278
0.702
1.717
2.921
1.76
3.32
-0.378
1.96
2.133
-0.311
3.019
1.792
1.705
2.798
3.65
1.19
1.704
2.448
2.056
1.961
1.818
1.028
2.058
3.569
1.67
0.602
1.19
0.015
2.657
3.243
0.426
3.775
2.672
0.996
2.491
1.789
1.924
0.698
0.764
2.645
3.562
0.718
0.215
2.456
-0.278
0.361
0.501
-0.495
2.056
1.434
1.564
0.102
1.809
2.189
1.384
2.351
2.02
0.065
0.573
1.067
0.631
1.763
0.732
0.197
-0.132
1.092
3.957
1.606
0.767
0.118
0.912
0.164
2.474
1.444
1.996
-0.853
0.318
0.82
1.447
3.579
0.738
0.149
0.85
0.502
0.627
2.612
3.193
1.152
2.136
1.905
1.791
-0.749
4.141
1.624
1.597
-0.155
0.081
1.172
1.091
1.554
2.461
0.968
0.65
1.897
0.627
0.184
0.2
1.259
0.874
2.647
1.201
1.505
1.7
0.836
1.655
4.409
0.278
0.792
2.14
2.074
-0.195
2.029
1.547
1.424
1.945
2.082
0.382
-1.073
0.104
0.934
2.459
1.855
3.34
1.304
1.401
2.956
-1.182
-0.682
1.384
1.185
0.351
1.173
1.208
2.441
1.416
1.517
0.013
-0.512
1.061
3.215
2.322
-0.588
0.08
2.719
1.262
0.312
0.16
2.719
1.011
1.207
-0.266
0.023
0.896
0.399
2.009
3.752
0.658
0.117
3.718
2.292
0.663
2.912
1.736
1.285
1.501
3.595
0.818
1.735
3.514
0.518
0.205
-0.175
2.242
-2.632
0.291
1.137
0.142
1.874
1.348
2.244
1.705
-0.347
-0.762
0.39
0.914
1.053
2.07
0.048
0.644
0.227
2.575
2.742
0.66
0.401
3.564
-1.205
-1.226
0.925
-0.712
0.102
1.335
1.24
-0.459
-1.301
2.886
2.224
-0.948
3.163
0.711
3.492
1.474
2.781
0.711
1.099
1.443
-0.03
1.127
0.848
-2.377
1.291
1.547
0.65
0.941
1.844
2.006
2.465
0.62
2.756
0.714
3.259
-1.675
0.51
1.089
2.195
0.877
2.103
3.138
1.236
-0.705
-0.343
0.982
2.533
0.415
-0.149
0.187
4.724
-1.677
-1.717
3.035
1.288
1.339
0.921
2.208
0.805
2.237
1.934
0.318
0.229
1.352
-0.927
4.122
0.863
0.322
1.503
1.887
0.575
-0.572
1.201
0.222
-0.57
0.646
2.185
-0.501
0.657
1.111
0.633
2.543
3.594
-0.368
2.813
1.744
0.732
-0.369
0.552
3.147
2.179
0.804
2.888
0.284
0.338
0.868
1.212
1.84
2.219
1.729
-0.366
-0.025
0.707
0.619
3.302
1.481
-0.836
0.507
1.176
1.423
-0.058
0.995
1.997
0.932
-0.017
1.409
0.438
-0.664
2.84
0.369
-1.057
1.225
1.122
0.04
3.734
1.202
2.52
1.625
-0.51
1.299
1.142
1.442
0.755
2.82
4.44
1.257
-0.818
2.856
-0.322
1.199
2.391
-0.016
4.555
0.614
1.598
3.176
1.542
-2.13
0.326
0.732
0.432
3.963
-0.555
1.324
-0.144
1.557
2.464
1.964
2.25
1.793
2.965
2.287
3.161
1.527
0.58
0.398
1.205
2.42
1.949
0.584
0.84
1.971
1.622
1.249
0.918
-0.28
-0.781
0.304
0.544
2.638
2.934
-0.149
1.508
2.1
1.093
0.841
3.116
0.561
-0.268
-0.62
1.615
1.846
1.489
-0.258
1.159
-0.042
3.115
2.665
2.41
1.293
3.118
0.895
1.2
-0.854
-0.389
3.543
0.849
0.212
1.357
2.363
1.928
1.124
0.418
2.174
0.965
0.425
-0.932
1.06
1.002
-0.145
4.103
1.147
0.883
3.207
1.302
0.256
1.653
1.836
1.875
0.848
-0.925
0.967
2.639
1.166
-1.794
0.274
3.658
1.013
1.462
1.513
1.623
1.962
1.85
2.097
2.46
1.622
2.429
0.839
0.671
4.406
0.964
-1.285
1.336
1.479
2.9
0.291
2.525
2.089
4.367
1.523
0.687
2.79
0.091
1.315
0.7
0.628
-0.775
3.54
0.502
0.355
1.451
0.545
1.388
-0.602
0.712
1.274
3.459
-0.336
1.505
1.338
-0.311
2.575
-1.88
0.82
2.827
0.532
0.292
1.734
2.137
-0.829
0.467
1.141
0.535
2.426
-0.338
0.998
0.186
1.38
0.676
0.185
0.975
2.046
0.666
2.888
0.631
0.358
1.34
0.525
1.717
-0.54
-0.54
0.602
1.974
0.666
1.251
-1.166
0.93
-1.93
0.604
0.155
3.506
-0.199
-0.218
1.284
1.925
2.595
1.872
0.25
0.027
0.083
1.59
1.585
-1.667
2.48
2.557
1.505
1.295
2.382
-1.11
0.538
-0.27
0.994
1.066
0.331
0.062
0.787
1.023
0.48
0.072
2.834
0.779
1.431
2.726
1.337
2.988
1.313
1.551
-0.38
3.115
1.591
1.083
1.308
2.925
-0.463
2.423
2.662
0.372
2.495
1.719
-0.186
0.455
0.741
2.147
1.696
0.681
2.703
-0.103
2.471
2.752
1.949
2.681
3.151
0.951
1.79
0.422
2.911
0.489
-1.478
1.512
2.023
1.756
0.686
1.463
0.478
1.017
2.728
2.106
4.461
-0.701
1.312
2.34
1.173
1.696
0.855
2.321
0.926
1.708
1.741
0.381
0.48
0.178
2.149
2.122
0.262
2.218
1.852
0.415
1.259
1.68
2.82
4.561
1.514
0.839
1.202
1.164
0.268
2.872
1.697
1.286
-0.59
1.016
0.689
-0.303
0.475
-1.147
0.004
0.953
-0.487
1.014
0.977
0.858
1.489
1.343
-0.822
0.433
-0.239
0.57
2.265
2.226
1.77
1.268
-1.187
1.076
1.11
-1.411
0.745
2.121
2.803
-2.156
-1.326
2.592
2.187
2.095
0.727
1.935
2.235
0.075
1.733
2.08
0.682
0.098
1.125
1.645
0.441
1.079
0.304
0.676
1.148
0.608
0.962
0.568
0.451
2.527
-0.475
2.226
1.468
0.885
2.779
1.117
-2.222
0.82
0.223
0.986
2.689
0.598
1.159
0.444
1.725
3.099
0.83
-1.378
2.471
3.401
2.235
1.127
2.909
1.235
0.528
1.823
0.407
1.514
-0.1
2.269
3.257
0.293
1.389
1.606
0.505
2.201
1.86
2.513
3.305
0.039
0.968
1.453
1.141
3.235
1.162
2.745
3.541
1.341
2.703
3.664
1.691
0.876
0.76
-1.243
0.417
1.42
-0.685
0.147
1.467
0.137
2.632
0.697
1.249
0.683
-0.529
-0.551
1.321
1.226
0.13
1.611
0.424
-1.538
-1.256
1.357
1.972
0.788
1.861
1.137
1.548
2.06
1.677
1.041
1.222
1.87
0.285
2.551
0.027
2.198
1.02
-2.175
0.676
2.337
2.905
0.928
1.823
1.622
0.813
0.321
1.9
0.912
2.406
3.052
-0.177
1.441
2.118
-0.045
1.523
2.843
-0.614
0.464
-0.527
2.306
0.331
1.863
1.125
0.683
1.214
-0.508
3.241
0.42
0.762
0.264
-0.617
0.877
4.456
1.723
1.744
1.801
0.932
2.97
-1.171
2.807
0.713
1.279
1.172
0.468
0.889
-0.511
2.921
0.352
1.162
2.39
1.167
-0.563
3.472
2.683
0.83
1.748
-0.27
-0.405
0.67
2.181
2.621
0.976
-0.532
1.668
2.808
0.207
-2.185
1.53
0.978
3.317
1.979
1.919
2.304
0.257
-0.212
1.676
3.441
2.855
2.775
0.028
1.619
1.532
3.449
1.187
1.96
-1.31
1.948
1.397
3.78
1.011
1.008
-0.096
1.446
1.491
1.722
-0.543
0.959
0.548
0.769
0.766
1.889
2.326
1.428
0.268
-0.638
1.552
1.69
0.367
2.301
2.15
3.139
0.586
3.558
2.763
0.238
0.634
-1.311
3.551
0.091
0.625
4.279
1.228
2.398
2.652
1.136
1.771
-0.041
2.015
1.288
0.961
0.998
-1.316
0.482
1.489
2.378
1.924
2.009
1.522
0.311
0.664
-0.362
4.821
1.76
1.188
2.237
2.128
-0.259
-0.879
2.246
0.917
1.139
-0.585
0.233
0.021
1.356
-0.907
1.443
0.156
2.727
3.165
1.953
-0.165
-0.978
1.183
0.092
1.574
-0.147
2.668
0.231
1.071
1.691
-0.684
0.373
0.294
4.054
0.841
0.958
0.973
-0.397
-0.272
0.669
0.565
0.051
2.021
0.165
0.765
1.602
2.864
1.688
0.995
1.756
1.295
2.04
2.796
3.138
0.754
0.92
0.643
0.833
0.787
0.342
1.491
0.666
-0.434
1.239
0.346
0.427
0.518
-0.334
1.845
0.328
2.083
1.792
1.4
1.013
2.152
2.258
0.457
1.698
2.142
1.278
2.583
1.218
1.031
2.087
1.64
0.305
1.133
0.838
0.751
1.826
3.091
-0.39
1.204
2.628
0.459
0.239
1.177
1.486
0.948
1.492
2.26
2.93
-1.104
2.309
3.559
2.786
-1.368
1.464
1.191
0.482
0.462
2.449
0.397
2.082
1.027
-0.243
-0.329
1.416
-0.212
1.179
1.552
0.65
2.831
2.233
1.414
2.585
3.361
1.377
3.156
1.163
1.752
2.029
0.541
3.742
0.9
1.481
1.08
0.634
0.81
2.216
1.19
0.468
-2.122
1.126
0.634
2.559
1.896
0.193
0.383
1.209
1.699
1.819
0.551
3.248
1.904
1.572
0.857
2.458
0.221
3.349
2.062
-0.612
2.084
0.915
1.219
2.534
0.861
1.099
1.268
1.607
3.708
0.918
2.085
-0.142
-0.351
-0.114
1.707
0.558
0.976
1.484
3.393
-0.301
3.728
2.455
5.847
0.007
-0.068
1.456
-0.343
0.597
0.059
2.007
1.564
2.739
0.344
1.71
0.687
-0.154
0.952
2.609
1.582
1.771
2.529
1.418
4.641
2.555
1.499
-0.829
2.105
1.756
1.263
-0.136
1.186
1.084
1.773
2.455
1.581
1.839
2.832
-1.182
1.601
1.378
2.475
1.996
0.753
1.399
-0.02
2.471
1.392
2.614
0.975
0.85
2.082
0.621
1.848
3.001
1.43
0.873
1.347
0.883
2.398
0.943
2.356
2.915
1.121
1.117
0.527
1.738
1.264
2.755
-0.039
2.819
1.208
2.802
2.775
1.265
2.569
0.901
2.091
-0.765
2.299
0.938
2.565
0.512
1.114
0.484
1.499
1.775
1.313
1.879
2.319
0.902
-0.269
2.528
0.959
0.165
3.008
3.561
1.663
0.219
-0.631
0.168
-0.638
3.083
1.962
0.107
1.75
3.792
1.293
1.065
-0.008
0.37
2.158
1.265
1.321
2.48
1.3
1.419
1.729
2.526
1.167
1.367
0.952
-1.077
1.811
-0.848
2.203
1.433
1.155
0.51
0.937
0.327
1.709
0.208
3.541
2.012
1.088
-0.227
0.911
0.19
1.096
-0.978
0.503
-0.458
0.459
3.676
4.353
0.577
1.513
1.334
1.178
2.69
1.048
2.173
2.194
1.822
2.056
1.999
2.592
0.375
0.732
0.085
0.246
0.672
-0.946
-1.18
1.682
2.123
1.785
2.094
0.856
0.897
0.329
0.363
0.479
1.578
1.507
-0.731
-0.045
1.847
1.548
2.686
1.917
-1.398
-0.236
0.629
1.509
2.914
3.183
-0.373
1.5
-0.745
2.857
1.487
2.643
2.198
2.093
1.044
2.933
1.103
0.824
2.35
-1.004
2.075
0.852
1.303
1.802
1.46
-0.539
0.775
1.266
2.134
1.692
-0.323
2.453
2.088
-0.095
2.574
1.025
2.0
3.029
-1.142
0.394
0.13
0.927
0.238
0.821
0.735
-1.232
2.398
-1.592
2.326
1.744
-0.928
1.802
-0.107
1.328
2.023
-2.282
2.623
2.552
1.91
1.817
0.544
2.416
3.513
2.162
0.175
1.817
-0.213
2.452
0.082
1.452
-0.202
2.324
0.124
2.402
0.777
3.078
2.424
2.484
-0.082
0.946
2.996
3.003
2.428
2.171
2.196
1.154
1.179
2.359
0.034
2.527
2.038
2.249
-0.197
-0.107
3.515
2.503
0.737
2.978
2.083
0.116
1.102
-0.104
1.912
1.732
0.535
3.599
2.889
1.858
1.824
2.038
1.443
4.233
0.323
4.333
-0.005
1.248
1.075
2.49
1.207
0.988
1.475
0.184
2.326
1.753
0.054
1.882
3.435
1.165
1.011
-0.589
1.237
1.8
0.76
1.902
2.329
0.197
-1.759
-0.77
0.983
2.495
0.431
1.296
1.476
1.14
0.197
2.147
2.123
2.048
0.103
0.177
2.13
2.212
2.707
-0.107
1.396
0.386
3.467
1.906
1.654
4.927
4.758
-0.229
0.492
-0.236
-0.057
1.49
-0.34
1.412
-0.201
1.309
0.626
2.831
-0.491
1.258
1.234
1.963
1.491
3.825
-0.257
0.662
0.578
-1.263
0.707
0.833
0.429
1.993
3.109
1.464
1.993
2.061
1.365
1.797
1.28
0.122
1.985
-0.474
1.442
0.313
5.072
0.86
1.903
1.602
1.989
4.516
1.572
2.809
0.358
0.852
-0.135
-0.056
1.176
0.648
1.29
-1.547
3.587
1.525
1.807
3.685
2.027
1.678
2.833
-0.521
0.437
2.88
3.349
1.288
0.115
-0.645
0.662
0.729
1.503
2.083
-0.114
-0.171
-2.032
0.067
1.942
1.723
-1.432
0.921
0.496
0.75
3.008
-0.273
0.956
1.384
0.898
0.804
2.24
-0.643
2.899
1.979
2.764
2.355
2.371
0.241
2.549
0.771
1.779
0.452
1.493
1.761
0.727
1.732
2.255
2.014
0.77
2.067
0.867
3.107
-0.187
0.659
2.666
1.643
1.733
0.485
3.261
0.916
-0.488
-0.191
1.786
-0.534
1.018
-0.593
0.597
1.437
1.498
0.58
1.682
0.153
-0.536
1.256
2.34
0.776
1.99
-0.383
0.81
1.747
0.91
1.681
1.187
-0.07
1.996
0.487
1.436
4.788
3.942
0.462
1.053
0.313
0.311
0.033
-0.413
1.359
0.409
1.239
1.577
0.226
-0.2
1.158
1.568
1.367
-0.698
1.321
2.643
0.008
2.456
0.719
1.399
1.062
1.448
1.11
2.537
-1.37
0.59
2.067
2.472
2.469
1.303
3.645
1.359
0.668
1.873
1.425
1.878
2.647
0.88
-0.201
3.628
-0.147
0.886
1.113
0.859
2.612
1.475
0.812
3.426
1.59
1.063
1.102
1.085
0.707
-1.026
1.785
0.475
0.686
2.393
3.568
2.147
1.166
0.092
0.108
2.036
1.817
0.94
-1.005
2.408
2.157
1.206
0.633
0.679
1.434
-0.655
1.537
1.612
2.171
2.544
1.248
1.335
1.931
0.976
1.038
1.173
2.629
1.09
1.634
2.512
1.432
3.348
1.687
0.633
2.064
0.237
0.563
1.034
2.454
1.527
3.253
-1.268
-1.114
-0.679
2.462
1.786
0.389
0.469
1.957
2.054
2.657
1.428
0.836
1.339
3.552
1.501
0.231
1.387
3.117
1.876
1.848
0.921
2.098
3.002
1.793
2.836
1.176
1.127
0.089
1.258
2.851
1.204
0.286
1.42
1.974
2.036
-0.262
-0.172
0.858
1.706
0.558
2.061
1.801
0.677
0.69
-0.151
1.547
2.29
-1.055
0.898
2.792
0.768
1.925
1.487
1.243
-0.324
0.605
1.394
0.321
1.303
0.114
0.006
1.274
3.413
2.232
-1.119
0.537
1.559
0.892
1.868
1.304
1.074
1.007
-2.228
0.579
0.806
1.711
1.234
0.427
2.026
-0.879
3.623
-0.384
1.711
0.704
-1.44
0.801
1.312
1.536
1.821
2.234
0.61
0.924
1.159
1.017
1.485
0.176
0.557
-1.041
2.658
2.019
0.043
0.995
0.688
1.797
1.381
1.136
0.949
1.659
0.55
0.23
0.394
-0.934
-0.446
0.175
-0.011
0.496
1.1
1.529
1.853
1.64
1.251
2.945
0.089
4.23
2.948
1.989
2.286
2.015
2.286
1.115
3.954
2.244
2.217
-1.357
1.195
-0.471
1.959
-0.057
2.152
-0.036
1.284
1.012
3.803
1.424
3.12
1.505
2.143
-1.608
1.628
1.95
0.528
-0.686
-0.674
1.918
1.2
2.527
3.925
-0.368
1.956
0.874
0.569
-0.35
1.469
-0.466
1.418
1.865
1.694
1.575
0.501
0.72
1.967
1.607
2.432
0.668
1.266
0.253
2.153
2.363
1.116
1.462
0.906
2.036
1.478
2.636
0.541
1.027
0.959
1.613
-0.089
1.872
2.198
2.994
0.795
1.257
2.007
2.891
1.248
2.488
2.124
1.516
3.043
2.674
-0.698
1.44
1.909
1.297
-0.526
2.804
1.976
3.913
1.513
0.542
3.168
0.681
1.75
3.2
-0.031
0.41
1.353
1.249
1.233
-1.064
2.444
0.114
1.543
1.092
1.694
1.519
3.056
1.801
0.654
3.277
0.583
1.312
2.109
2.051
3.599
-0.544
1.247
0.806
2.242
-0.854
0.717
2.015
1.239
3.59
2.94
1.671
1.312
-1.382
0.014
0.418
1.918
0.578
2.619
3.633
0.517
1.034
3.3
-0.507
2.126
-0.277
-1.504
2.789
-0.439
3.165
2.207
2.036
-0.43
0.47
2.474
0.683
-0.73
-1.147
1.404
0.778
2.037
0.744
0.202
1.771
0.007
3.551
2.599
0.296
0.638
1.098
1.596
2.828
2.169
1.286
0.836
3.395
1.455
2.006
0.873
2.026
1.659
1.752
-0.313
0.61
0.874
2.122
1.427
2.468
2.057
1.54
-0.544
-0.205
0.136
1.381
1.278
-0.652
0.326
1.271
2.04
0.479
0.903
0.133
1.48
0.562
1.603
2.481
1.756
0.784
1.079
1.451
0.308
1.182
1.478
1.747
0.673
0.914
-0.684
1.145
0.171
1.772
0.854
0.634
1.025
1.228
2.223
0.919
2.881
0.965
-1.197
-0.724
0.958
-0.47
2.729
2.604
4.54
1.243
1.388
1.029
0.166
-1.096
0.497
3.453
0.829
-0.381
1.112
1.298
1.322
0.306
1.744
1.347
0.637
1.705
0.402
1.511
1.452
0.902
2.865
2.804
1.731
-1.045
3.131
-0.484
0.044
1.171
3.667
1.402
0.981
2.739
1.301
1.092
-1.29
2.707
1.732
2.483
0.559
0.182
-0.407
3.222
0.855
0.213
-0.153
-0.259
2.944
1.547
3.859
1.349
2.377
-0.481
-0.786
-1.316
2.59
3.67
-0.147
-0.346
0.081
0.977
0.199
2.627
-0.438
1.571
2.253
1.602
1.705
2.458
1.131
-0.112
3.229
-2.436
0.317
2.871
1.989
0.942
1.371
2.868
-0.726
2.173
0.132
-0.91
-0.119
2.451
1.965
1.381
1.186
0.843
1.823
1.103
1.044
0.494
0.55
1.165
0.436
0.107
0.465
1.083
0.312
1.203
-1.291
-0.515
2.632
-0.058
1.299
0.919
0.443
0.833
0.156
4.451
0.017
1.547
1.697
-0.117
0.033
0.629
2.254
2.365
-1.081
1.196
-1.233
3.362
2.565
0.06
1.511
2.867
-1.339
3.089
2.225
3.098
0.562
2.271
2.004
2.966
0.991
1.387
2.748
-0.286
1.173
0.81
0.116
0.674
0.808
1.988
1.965
1.143
0.248
0.698
0.073
1.683
0.355
-0.346
0.272
1.23
-0.404
1.261
2.283
2.224
0.858
2.231
0.83
1.666
-0.716
0.975
2.999
0.541
2.324
1.192
2.463
1.233
-0.957
1.199
0.564
3.643
1.235
1.264
1.704
-0.302
1.004
0.968
1.704
0.906
0.106
2.652
2.185
2.406
1.224
-0.293
0.445
0.324
0.391
5.052
0.388
-0.229
3.996
-0.296
0.444
4.486
2.484
0.685
1.785
1.436
0.674
1.398
4.068
1.19
1.001
0.572
1.047
2.31
1.84
1.721
1.135
2.867
0.619
-0.001
2.811
2.131
-1.128
1.465
2.22
1.871
1.728
2.666
-0.008
3.147
1.688
1.74
2.466
1.944
2.435
-0.643
0.169
1.128
3.587
1.937
0.101
1.597
3.324
2.235
0.495
1.682
-1.474
2.225
2.706
1.364
-0.601
0.685
0.822
1.392
3.615
0.93
1.372
2.929
2.707
1.274
-0.293
2.209
2.649
3.175
1.193
3.446
1.296
1.215
-0.219
1.482
0.954
0.885
2.23
0.772
1.571
2.188
1.606
1.379
-0.588
1.464
1.339
2.148
2.371
2.444
1.62
2.692
0.849
2.375
1.736
-0.647
2.201
2.62
0.254
0.963
2.056
-0.047
0.611
2.476
2.479
0.804
2.452
1.178
0.759
4.309
-0.763
1.75
1.389
-0.968
1.829
4.42
3.738
0.059
1.149
-0.206
0.374
0.671
-0.235
2.306
1.854
1.477
-0.015
1.894
1.33
-0.332
2.798
1.223
1.389
-0.616
1.644
0.851
0.726
1.579
3.476
1.325
2.116
0.801
0.818
1.564
1.678
1.481
3.161
1.944
0.853
3.547
3.6
1.178
1.976
1.913
1.504
-0.142
0.792
1.258
-1.179
1.182
1.815
1.98
1.768
0.434
2.046
1.784
1.167
1.863
0.746
-0.316
-0.165
1.703
0.357
-1.426
-0.681
0.808
1.401
1.718
3.427
1.83
0.895
-0.899
1.186
1.851
0.501
1.902
0.133
1.546
3.355
4.572
-2.372
3.287
1.025
-0.264
0.774
0.391
1.357
2.908
2.264
1.373
0.727
1.021
1.952
1.135
1.598
2.02
1.749
2.577
1.722
0.712
0.879
0.648
1.555
2.288
2.033
0.876
1.084
0.668
0.029
-0.065
3.914
1.318
2.285
1.193
2.497
0.386
1.128
1.251
2.681
-0.164
3.03
2.78
2.139
-0.136
2.204
1.192
1.901
1.432
1.692
2.219
0.071
1.681
1.35
1.613
1.028
1.846
0.592
0.384
1.711
2.006
1.75
3.634
1.896
1.612
0.669
0.399
2.124
0.729
1.256
2.484
-0.125
2.126
1.4
1.244
3.153
0.568
-0.077
0.054
-0.039
1.46
-1.376
2.101
3.393
1.848
1.004
-0.051
0.587
-0.57
2.783
3.439
1.946
2.549
-0.024
1.119
0.281
1.244
2.185
0.929
2.181
-0.426
1.305
3.23
3.032
2.405
0.777
2.76
3.458
1.527
1.957
1.263
1.384
0.845
0.979
0.456
2.979
1.012
1.556
0.943
1.984
2.284
3.224
0.684
0.561
0.811
1.608
1.297
0.374
1.374
1.613
0.017
0.762
1.394
1.256
-0.061
-0.994
1.967
2.136
1.874
-0.386
0.101
0.595
2.229
3.48
1.873
1.208
3.396
1.312
0.038
-0.872
2.117
2.018
1.14
3.31
0.996
0.333
1.875
2.128
1.992
0.279
1.548
1.498
0.237
1.278
-0.808
3.328
-0.5
-1.191
-0.13
2.452
2.227
2.975
2.224
1.82
2.456
-0.383
0.861
1.148
1.792
3.382
-0.583
-0.975
0.717
1.855
1.79
0.98
1.659
1.842
0.247
1.577
2.161
0.781
1.67
1.16
1.288
-0.209
1.689
3.219
3.866
-0.93
1.657
1.07
3.059
-0.752
-1.851
2.862
2.099
2.482
1.41
1.216
3.321
1.17
0.644
0.291
1.557
-1.132
3.349
1.188
1.3
0.983
2.457
-1.805
1.059
1.3
2.519
3.63
1.77
1.623
1.635
2.176
0.455
1.866
2.857
1.98
1.058
3.553
1.66
1.489
1.269
0.634
0.19
1.431
2.068
-0.636
1.941
2.709
2.308
0.953
-0.256
-0.397
1.709
2.282
0.552
0.316
2.176
2.033
2.106
1.331
1.286
-0.928
1.954
3.161
0.402
1.479
-0.685
3.382
0.793
3.514
0.089
0.219
-0.131
1.225
-0.688
1.016
2.309
2.511
2.006
0.129
-0.506
2.598
2.463
3.227
2.05
2.374
0.399
1.262
0.889
1.127
2.994
1.667
1.295
1.557
0.829
4.993
2.148
-0.177
3.023
1.567
2.245
3.814
1.6
1.314
0.727
3.769
0.832
1.501
1.988
3.341
1.699
2.058
1.259
3.164
1.656
-0.89
1.804
0.789
1.716
2.22
2.923
1.786
0.744
-0.592
2.962
0.047
0.705
0.424
4.428
0.37
2.149
2.31
1.096
1.352
0.47
1.078
0.959
-0.039
0.325
2.863
-0.382
1.648
0.503
0.319
1.031
-1.11
0.888
3.02
1.612
0.879
2.518
1.213
0.641
1.153
2.966
0.661
2.159
0.62
3.961
0.829
1.815
0.712
1.465
0.773
2.199
0.158
-0.254
1.247
0.396
2.667
2.061
2.128
-0.448
0.592
2.596
0.768
1.018
3.708
0.151
4.138
0.818
3.055
1.507
2.383
0.629
4.354
1.422
0.336
1.315
3.131
0.758
1.352
0.044
2.554
2.5
0.842
1.789
2.011
-0.045
-1.145
-0.716
1.374
0.503
1.137
-0.616
1.844
0.876
2.109
0.193
1.159
1.31
1.605
0.42
0.8
-0.22
2.54
0.483
1.665
0.556
0.824
1.256
2.532
0.308
0.888
2.146
2.135
2.882
1.161
0.121
0.759
0.51
1.714
-0.176
1.378
0.839
1.93
0.486
0.267
2.776
1.77
1.173
2.819
1.936
0.702
-0.147
1.36
1.162
0.905
1.096
-0.967
1.272
1.288
1.627
-0.977
0.663
1.607
2.223
0.151
1.329
0.684
0.694
2.391
2.096
0.437
1.435
1.438
1.35
1.683
2.371
1.92
0.074
0.519
0.897
0.607
1.027
2.502
1.18
1.589
2.203
0.167
0.609
-0.36
3.678
1.172
1.294
1.527
2.027
0.457
0.799
1.293
4.487
2.8
2.884
0.337
0.55
2.239
0.097
0.57
-0.234
2.548
2.437
0.054
1.248
0.328
1.062
-0.603
1.123
-0.057
0.429
-0.903
3.174
0.391
1.656
-0.988
1.269
3.0
-0.618
-0.131
2.572
-1.372
-0.753
3.193
0.851
-0.029
-0.076
-1.249
1.713
1.888
0.95
0.623
-0.802
1.533
2.552
2.542
2.465
1.29
1.44
1.451
0.943
2.149
0.439
2.546
4.676
0.66
3.289
-0.23
1.839
0.772
0.41
1.373
1.681
2.085
0.077
0.805
1.626
1.849
1.858
-1.093
-0.29
2.519
1.517
0.919
0.606
-0.004
1.791
-1.444
1.535
2.165
-0.983
-1.128
2.248
3.137
1.51
2.131
0.208
0.199
-0.617
0.302
3.313
1.073
2.489
2.229
1.149
0.281
0.224
3.342
3.423
0.247
1.249
3.729
2.251
3.26
-0.184
2.378
-0.926
-0.937
3.124
-0.662
1.459
0.372
0.545
1.602
2.109
-1.546
0.138
-1.187
2.099
1.243
0.638
2.188
-1.202
1.889
2.322
1.088
0.537
1.149
-0.179
1.713
1.798
-0.934
1.199
-0.029
0.626
-0.678
1.056
0.534
2.772
1.368
-0.067
3.099
1.645
2.075
-0.717
2.211
0.523
0.034
2.682
2.039
2.014
0.264
2.273
2.47
0.923
2.496
1.452
-0.157
0.064
1.203
3.623
1.807
0.934
2.672
1.193
0.548
2.406
2.538
2.265
1.341
2.373
-0.028
0.068
0.517
-1.924
2.495
0.254
-0.225
0.948
0.684
0.504
0.675
0.543
-0.976
0.529
0.395
5.746
2.92
1.444
1.772
-0.115
-0.641
-0.107
0.306
-0.522
-0.806
0.462
2.567
1.061
-0.247
0.845
-0.016
1.58
1.359
0.672
1.802
0.381
0.208
1.674
1.17
1.343
-0.281
4.474
0.919
-1.619
-0.397
1.222
-1.322
0.138
2.558
2.057
1.026
-0.671
2.819
1.366
3.422
-0.59
1.883
0.657
0.328
1.269
2.833
4.285
1.737
2.044
2.22
-0.017
1.626
1.32
0.804
1.164
3.588
0.691
1.352
2.369
0.305
0.818
0.891
1.179
0.532
2.379
1.382
0.529
0.285
0.536
1.45
1.761
3.33
-1.224
1.918
1.95
0.544
0.219
1.594
1.32
1.429
1.513
-0.796
2.154
0.62
-0.32
1.886
2.632
0.835
1.663
0.898
2.639
1.599
0.803
2.496
0.591
0.75
2.585
0.773
0.108
1.802
-0.313
1.085
-0.445
2.855
0.776
0.005
3.019
0.657
0.746
1.602
2.918
2.328
3.302
0.736
1.599
0.959
-0.387
1.168
2.714
-1.407
1.036
1.047
1.527
0.233
0.853
2.209
2.498
0.58
0.413
1.572
2.11
2.996
-1.51
2.494
0.517
0.898
1.49
2.508
1.409
1.827
2.652
0.189
1.244
1.923
0.048
3.866
4.073
3.074
0.666
2.685
3.057
0.528
2.301
-1.472
4.373
0.801
1.095
1.169
1.11
0.918
2.065
1.738
1.862
-0.776
0.288
0.789
1.403
2.372
0.563
0.332
2.602
-0.3
0.891
1.634
2.074
-0.361
0.623
2.302
2.461
0.811
1.477
1.129
2.346
0.527
1.516
2.142
2.295
3.035
1.354
1.12
1.836
2.773
0.846
1.512
1.622
2.594
0.865
0.591
2.932
0.205
0.454
1.927
2.085
0.259
-0.014
0.533
0.944
1.262
0.807
1.765
0.844
1.176
1.204
2.096
0.444
1.135
2.611
2.202
-0.87
1.968
2.22
2.195
2.795
0.033
0.773
0.3
2.871
2.197
3.175
-1.759
1.656
0.56
-0.267
1.439
2.265
2.611
0.974
-0.15
1.237
0.906
1.113
0.945
1.576
1.466
3.027
0.722
0.785
1.685
1.176
3.38
-0.075
3.496
0.876
1.932
1.863
2.002
1.242
3.216
1.236
0.932
1.688
1.577
1.431
2.742
1.306
2.086
0.594
3.243
0.82
3.563
2.925
-1.461
0.289
0.739
1.355
1.74
1.237
0.498
0.789
0.338
1.536
1.974
2.255
0.701
0.894
2.894
1.737
0.622
2.516
1.932
1.808
-0.922
1.339
0.808
0.894
2.962
1.104
3.828
1.722
1.687
1.486
1.465
3.311
1.865
1.577
1.736
1.362
0.14
1.32
0.702
1.828
-0.367
3.179
-0.665
2.052
3.091
2.331
-0.204
0.939
-0.346
2.501
-0.133
1.647
-0.504
-0.645
2.336
0.505
1.02
3.156
2.517
2.794
1.353
3.398
2.302
1.517
-0.071
0.936
1.088
2.252
1.649
3.319
3.796
2.942
1.48
0.741
-0.962
2.384
-0.133
0.61
0.581
2.623
1.063
-0.752
2.192
1.77
1.527
1.764
0.833
0.975
1.189
0.881
1.587
0.183
1.812
2.19
1.827
-0.755
-0.136
2.263
2.187
1.405
3.869
1.177
0.166
2.006
0.514
0.045
0.318
1.847
0.761
2.338
0.287
-0.156
-0.021
0.41
-0.011
1.995
3.002
2.175
-0.105
1.947
0.937
1.375
2.572
3.263
0.437
2.31
1.228
1.615
2.021
1.201
2.515
1.552
1.608
0.323
1.644
-1.897
1.456
1.168
1.595
-0.3
2.123
1.186
2.167
-0.724
0.125
1.371
-0.281
1.967
0.489
1.705
1.683
2.729
1.684
-1.35
0.814
-0.483
-0.928
1.131
0.713
2.139
0.741
2.254
0.397
0.18
1.794
1.502
1.301
2.724
0.548
1.352
2.152
2.507
0.436
0.991
1.062
-0.343
1.386
0.82
0.56
4.436
2.262
1.665
1.997
2.287
0.229
1.229
1.109
0.764
1.82
1.238
1.752
-0.261
0.73
0.246
1.755
1.869
2.944
1.335
-0.287
1.269
0.581
-0.686
-0.377
2.58
1.326
2.711
1.743
2.312
-2.473
0.582
2.358
1.755
0.316
1.492
2.271
2.323
0.684
1.3
0.452
3.003
2.392
2.05
1.212
0.024
1.827
-1.11
2.515
3.025
2.312
2.002
3.575
1.88
-1.252
1.532
3.559
0.967
2.247
1.765
0.95
-0.128
1.963
1.013
0.058
4.473
1.521
1.162
-2.225
2.494
2.694
1.867
3.501
0.271
3.176
0.352
4.491
0.143
1.58
1.804
-0.249
0.276
2.706
2.937
1.373
1.667
2.722
1.382
0.22
2.603
-0.036
-0.219
4.197
1.405
2.131
2.686
1.131
2.224
1.952
1.664
1.55
0.909
-1.186
4.13
1.021
2.441
-0.223
0.086
2.21
1.746
1.706
4.66
2.719
0.276
1.36
1.87
0.546
3.422
1.171
0.876
2.845
0.369
2.071
0.705
1.607
1.39
-0.963
1.407
-0.516
-0.193
0.969
1.14
1.739
0.28
-1.297
1.823
0.144
1.443
0.529
5.04
2.718
1.14
1.272
1.069
0.354
0.144
-2.133
2.07
1.642
4.803
3.142
0.931
2.599
1.046
1.366
3.358
0.151
0.641
0.02
1.86
1.891
1.803
0.945
-0.56
2.278
0.942
2.641
2.957
1.476
1.337
0.717
-0.079
0.098
0.159
2.508
2.025
0.805
2.439
1.454
1.556
3.826
-0.69
3.245
0.284
0.491
3.132
2.145
0.268
0.876
3.605
2.033
1.2
1.835
0.786
-0.218
2.776
3.733
-0.372
0.035
3.579
2.325
1.029
-0.132
0.006
-0.434
1.724
1.06
1.943
1.41
-2.784
0.33
1.718
1.038
1.519
1.618
1.951
0.722
3.203
2.826
1.211
0.95
2.14
2.927
1.482
3.294
1.129
3.145
-0.656
0.217
1.547
2.304
2.929
3.206
0.178
1.117
0.63
1.824
3.36
1.139
2.643
2.316
1.921
0.907
1.475
-0.852
1.618
0.975
2.35
0.735
1.648
0.727
0.645
2.234
0.728
2.268
2.761
2.163
0.633
1.319
0.802
0.52
0.803
3.026
0.671
-1.425
0.843
1.974
2.796
-0.006
1.091
0.012
0.882
0.685
3.126
1.398
-0.717
1.206
0.764
2.611
0.495
0.067
0.82
0.409
-0.654
0.198
3.281
0.315
0.049
1.246
1.403
2.615
-0.256
4.173
1.001
3.434
1.276
1.638
0.033
1.647
1.593
0.791
2.396
1.973
3.517
-0.041
1.814
1.743
-1.018
2.239
0.902
3.797
1.34
2.617
1.551
-0.985
2.09
-0.364
3.141
-0.194
0.249
1.908
1.243
1.112
0.717
0.219
0.563
3.879
1.244
1.169
2.568
2.939
3.057
0.144
0.655
0.413
3.989
3.609
1.19
1.73
3.16
-0.067
0.597
2.937
1.163
3.111
1.588
2.074
2.031
-0.26
1.823
1.242
1.676
1.819
2.206
1.972
2.151
0.214
-0.844
1.624
-0.669
0.963
-1.076
1.031
2.042
0.543
2.663
2.674
0.882
0.298
0.669
-0.88
1.02
-0.507
-0.535
3.27
1.193
1.108
2.166
3.408
2.043
-1.179
0.686
1.287
1.382
-0.075
1.815
0.438
0.474
-0.454
0.941
1.174
2.173
0.501
0.772
3.022
3.566
1.488
0.893
1.259
2.586
2.257
1.805
0.083
2.055
1.381
-0.205
1.722
1.97
1.052
0.846
2.323
1.443
0.356
2.787
1.286
-2.045
1.303
2.597
2.974
0.494
-0.585
1.871
2.636
1.306
1.753
0.859
-0.321
0.36
0.999
1.86
-0.801
-0.042
1.043
0.094
0.737
1.381
2.875
1.669
0.962
0.841
0.73
-1.705
1.305
0.249
1.651
3.505
2.932
2.632
1.222
0.931
1.259
0.376
1.934
-0.559
0.587
0.63
2.383
0.689
-0.181
1.7
2.441
1.081
2.391
0.878
1.92
1.438
0.081
2.758
2.06
2.441
3.42
3.145
2.821
0.322
1.561
2.887
1.872
1.424
0.132
-0.649
-0.474
2.918
0.221
0.953
1.149
1.942
1.235
-0.661
-0.324
2.114
0.56
1.298
2.235
3.429
0.369
2.151
1.574
-0.459
-1.159
1.424
1.903
0.239
0.857
1.774
0.831
1.351
2.071
-0.558
-0.749
0.904
1.747
-0.12
1.794
0.878
0.49
2.837
-0.042
1.607
-0.228
1.753
2.204
1.581
1.581
0.565
-0.258
1.532
1.942
3.637
0.965
1.646
1.791
-0.327
0.673
1.674
1.779
-1.472
0.945
2.334
1.182
1.877
1.295
0.572
1.759
0.869
2.906
1.412
3.044
2.24
0.531
0.379
1.404
2.198
1.84
3.01
2.169
0.381
0.778
1.531
0.963
0.913
-1.258
1.514
1.501
2.807
0.555
-0.63
0.271
1.068
0.952
2.511
3.196
0.879
2.347
0.946
0.584
0.855
2.756
1.192
0.215
1.196
3.778
-1.28
0.737
-0.064
1.988
-0.08
3.25
2.617
1.695
3.905
1.977
3.694
0.954
0.695
1.627
1.978
1.003
-0.324
1.162
0.165
1.912
1.371
1.984
1.73
-0.903
1.503
0.887
-0.442
0.927
2.372
1.2
-0.393
0.176
0.817
0.46
0.433
2.01
1.4
2.836
1.13
2.504
-1.017
3.62
3.988
2.419
0.903
1.778
-0.263
1.223
1.743
0.707
2.007
-1.08
-0.258
0.888
0.45
3.728
2.088
2.583
0.384
1.258
0.028
-0.111
0.139
1.777
0.645
0.063
2.205
1.679
1.273
2.498
1.389
0.826
2.082
-0.54
2.57
1.609
2.867
0.992
0.244
0.518
2.044
-0.195
0.325
1.01
0.839
0.355
1.288
1.404
3.631
2.294
0.168
2.138
1.574
0.546
1.538
1.129
1.668
1.112
0.887
-0.912
2.646
0.993
1.563
1.232
1.696
-0.562
3.316
2.475
0.562
-1.044
1.422
2.13
0.205
2.093
1.029
1.764
-0.354
3.107
1.792
1.712
1.287
2.424
1.495
-0.236
0.164
0.629
-0.627
1.435
3.544
-0.342
0.13
1.284
1.75
1.066
3.167
-0.29
1.694
1.368
1.134
3.745
-1.319
1.617
1.774
0.798
0.454
0.841
2.176
2.345
1.754
1.257
1.656
0.662
2.962
3.21
1.043
1.844
-0.63
1.346
2.32
2.206
0.82
-0.408
2.597
1.43
2.285
3.552
3.509
3.474
-0.818
-0.048
1.789
1.609
2.685
2.115
1.867
2.22
2.927
0.463
2.885
0.545
1.911
1.405
1.809
1.53
2.077
-0.368
-0.666
2.05
1.33
-0.291
2.494
0.673
-0.311
0.997
-0.79
-0.684
1.952
4.034
-1.472
3.392
0.816
2.223
0.238
2.462
3.066
1.534
0.165
1.767
0.48
-0.589
1.577
1.626
-0.451
2.31
1.366
0.966
0.647
1.436
0.73
1.49
-2.143
1.068
0.431
1.986
2.978
1.198
1.473
-1.38
2.822
2.184
2.787
0.897
2.616
1.649
1.395
-0.958
1.129
4.291
5.036
-0.371
0.278
1.732
-0.073
2.427
2.726
0.359
1.799
1.264
0.779
0.864
1.691
1.796
-2.703
0.259
1.829
1.308
0.344
2.452
2.123
-0.011
0.181
-0.995
0.667
2.413
1.163
0.899
2.878
-0.088
2.057
0.659
0.22
2.079
1.349
0.9
-0.816
1.268
3.171
0.829
1.911
-0.105
0.086
0.889
0.883
1.55
1.728
1.186
0.842
1.585
0.509
0.65
0.346
0.872
-0.984
1.305
2.136
2.366
-0.491
0.356
0.417
3.22
1.633
0.438
0.814
-0.329
1.339
0.126
1.367
3.848
1.784
0.222
0.851
-0.447
1.573
0.926
4.527
0.739
2.193
0.558
4.153
3.188
2.076
1.266
1.464
0.315
2.052
1.959
3.511
1.966
1.984
3.248
1.852
-0.193
1.425
0.617
0.318
-0.426
2.104
0.245
1.652
2.667
1.518
0.269
3.742
1.893
1.446
3.274
0.646
1.579
1.048
1.976
0.619
1.928
1.55
2.21
1.252
3.769
2.759
-0.02
1.645
3.174
-0.245
3.44
1.8
3.441
0.8
2.632
0.934
2.385
0.308
1.583
0.324
0.678
1.239
1.569
0.79
4.03
2.154
-1.001
1.075
3.276
2.436
1.344
1.526
-0.799
0.647
4.133
2.0
0.788
0.647
1.018
-1.02
0.405
0.404
-0.371
2.229
0.704
0.489
2.507
-0.225
0.443
0.497
1.804
1.621
1.042
-0.851
1.429
0.395
0.008
3.822
0.726
1.054
1.575
-0.843
1.555
1.252
1.233
1.781
2.424
2.006
-0.375
1.05
3.432
1.599
1.129
2.175
1.072
1.039
0.132
0.041
0.934
2.74
1.091
1.299
0.423
0.785
1.367
-1.109
0.92
2.422
1.03
1.574
-1.146
1.57
-0.159
1.728
2.075
0.292
2.502
1.948
0.623
1.411
0.712
-1.082
4.28
2.426
3.055
0.59
1.587
1.526
1.525
0.919
0.963
0.237
2.408
1.987
1.015
1.072
-0.022
0.974
0.566
-0.231
1.852
0.74
0.27
1.17
1.327
1.835
2.04
2.33
0.766
1.377
2.357
0.574
-0.507
1.917
1.442
1.252
3.692
1.75
0.081
0.601
3.114
4.685
1.363
-0.946
1.37
1.773
2.805
1.017
-0.224
0.114
1.083
0.585
1.339
2.286
1.598
2.349
0.272
0.779
0.652
1.4
0.479
1.589
0.82
2.278
1.593
1.002
1.583
2.429
0.419
-1.034
3.404
1.16
-0.933
1.81
0.407
2.468
2.388
-1.568
-1.398
1.711
4.095
1.39
0.798
4.402
-0.138
0.971
0.962
-0.911
1.942
2.534
-0.693
1.966
2.731
-0.467
1.447
1.964
1.226
0.058
2.048
3.583
1.719
1.87
1.229
3.663
-0.452
2.584
1.383
3.55
0.358
2.6
2.986
-0.879
3.131
0.965
3.457
2.131
1.403
3.635
0.84
0.738
0.679
0.981
1.366
3.264
2.835
1.763
0.628
-0.22
2.491
0.81
1.201
2.134
2.333
2.615
2.118
3.73
3.577
1.841
1.692
1.835
0.942
2.742
2.082
2.2
1.996
0.393
-0.517
2.373
1.273
0.263
1.574
-0.554
0.551
0.278
0.737
0.432
1.181
1.682
0.596
1.003
2.147
1.88
0.981
1.258
3.254
2.116
1.937
1.962
0.315
1.709
1.871
0.043
3.609
0.599
2.368
0.973
1.172
1.252
1.338
2.848
1.421
2.544
3.161
-0.029
1.13
2.38
1.122
0.558
2.258
-0.442
1.672
1.966
1.256
2.649
1.91
0.36
1.344
2.176
1.529
3.357
-0.717
0.724
1.069
0.565
1.912
0.299
0.127
3.021
-0.43
0.911
1.047
0.012
1.446
2.398
0.656
3.137
0.146
3.288
1.997
2.199
0.778
4.135
1.555
2.57
2.221
1.283
0.262
1.618
0.178
-1.778
0.699
0.378
0.359
4.06
3.653
0.104
1.434
1.957
2.936
1.296
1.64
2.773
1.047
3.385
2.517
1.163
0.208
1.642
2.345
-0.035
-0.304
3.992
1.485
3.24
1.468
2.321
0.827
-0.405
2.075
0.678
1.507
2.953
2.863
0.813
2.644
2.115
0.858
0.096
1.636
0.702
1.495
1.786
0.362
-0.479
0.867
1.922
3.536
2.524
1.115
0.992
0.446
1.773
0.308
2.841
1.426
1.92
1.584
-0.13
1.397
1.844
-0.156
2.732
-0.103
3.212
0.665
1.184
1.085
2.237
2.03
1.403
1.797
0.939
3.15
-0.829
-0.091
-0.664
1.74
1.939
-1.095
2.59
0.241
0.455
1.945
0.498
0.273
1.393
1.654
0.722
1.512
0.511
1.062
0.515
1.126
1.246
0.724
-1.055
1.029
0.86
1.521
0.766
0.082
1.596
1.865
1.043
1.572
0.287
2.542
0.66
0.164
3.345
-1.125
1.061
1.655
0.239
1.767
2.115
2.851
1.665
1.747
-0.185
2.427
0.071
2.852
1.066
2.033
0.045
1.867
-0.665
0.973
1.313
1.786
1.564
1.689
-0.089
1.065
2.76
0.574
-0.492
1.048
2.055
-0.063
1.699
2.857
1.895
2.046
1.879
0.326
4.694
0.947
0.158
2.06
2.373
-1.27
0.107
2.807
2.791
-0.301
0.979
1.007
1.016
2.279
0.356
1.714
3.027
0.546
-0.012
1.741
0.059
1.921
1.402
1.062
-0.119
2.439
1.972
0.461
0.246
-0.129
-1.513
1.154
0.99
0.852
2.908
0.687
0.438
1.881
0.57
2.3
2.74
0.849
-0.897
-1.161
2.857
1.253
1.503
0.726
2.052
1.152
1.441
2.606
1.564
0.237
0.556
-0.936
-0.249
-0.811
0.684
0.655
-1.313
1.132
0.47
1.178
3.37
-0.117
1.037
-1.278
1.369
3.5
-0.503
1.297
3.607
1.749
2.085
2.045
2.267
-0.993
2.972
2.628
-0.705
-0.022
-0.075
1.774
0.537
2.301
1.784
2.646
0.663
2.612
-2.268
3.704
1.509
4.356
1.257
0.19
-0.195
0.05
1.781
2.204
-1.318
-0.106
0.891
0.724
0.759
4.024
1.792
1.832
-0.207
-2.087
0.177
-0.386
-0.921
2.234
0.599
3.57
1.617
1.694
3.007
1.062
-0.614
0.338
0.878
1.191
1.637
1.205
-1.445
1.32
2.857
-0.939
3.884
0.803
1.122
2.428
1.921
-1.341
1.225
1.256
2.306
0.496
1.256
1.609
0.782
2.166
2.894
-0.059
1.472
1.116
0.998
1.81
-0.6
-0.532
-0.107
0.032
0.333
4.147
0.085
1.141
3.172
0.269
1.739
1.78
0.262
0.107
2.156
1.883
2.112
-0.38
1.65
1.474
1.156
1.914
2.139
1.764
0.779
0.192
2.543
1.198
3.733
0.577
-1.019
2.594
2.774
1.543
3.994
-0.044
1.238
1.209
2.227
-0.8
1.418
2.782
2.191
1.359
3.853
-0.052
1.541
1.414
3.828
0.372
1.856
0.296
-0.883
1.77
2.886
0.861
3.724
0.874
3.295
1.77
0.327
-0.188
3.744
-0.931
1.798
0.334
-0.201
3.425
2.225
1.554
0.493
1.658
1.763
2.398
0.145
0.947
0.477
1.502
1.326
2.741
2.281
1.981
0.614
-0.47
1.241
0.392
1.444
3.423
1.317
2.567
3.193
0.331
3.15
2.642
0.708
2.807
0.122
2.157
2.332
0.44
1.77
1.471
2.427
1.092
1.438
2.245
1.388
3.696
2.542
-0.127
-0.227
2.069
1.019
2.733
0.73
3.162
1.47
-0.567
0.525
0.078
1.968
2.891
3.457
2.243
0.813
1.409
2.253
0.298
4.302
2.623
2.334
1.009
-1.33
-0.661
0.3
0.295
1.991
1.855
2.551
-0.429
0.352
0.543
0.291
0.694
0.241
1.656
1.435
2.637
1.979
-0.151
1.002
1.67
1.64
1.003
3.058
2.465
1.134
2.984
2.132
1.378
2.247
1.189
1.341
-0.479
2.574
1.247
2.804
1.03
1.239
-0.016
-1.434
0.88
2.399
3.215
1.855
1.034
1.421
0.859
-1.102
0.755
3.129
0.083
0.832
2.296
2.255
2.8
2.479
2.705
1.211
1.903
1.946
3.35
2.275
1.673
-0.288
-1.104
1.83
-1.437
2.022
3.734
0.988
2.025
2.815
0.83
3.111
1.237
2.016
0.551
1.874
1.607
-0.196
0.511
1.283
0.386
1.166
2.19
-0.06
0.091
2.27
2.285
1.146
0.065
-0.615
0.466
1.555
0.247
1.994
2.094
0.982
0.212
1.513
1.323
2.734
2.826
-0.435
1.074
2.66
-0.05
0.076
-0.128
1.306
0.724
2.667
0.971
1.423
1.906
1.055
1.864
0.729
-1.442
0.231
4.037
1.238
2.459
-0.38
2.753
3.244
0.622
2.032
0.791
1.849
1.224
1.746
2.44
2.7
-0.662
1.728
0.784
1.131
1.063
-0.412
0.484
-0.288
-0.057
0.425
2.006
0.474
2.135
2.134
0.727
1.357
1.819
0.338
3.655
1.357
2.814
2.762
-0.24
0.219
1.644
0.254
1.616
0.985
1.289
0.87
0.247
0.505
0.587
0.757
-0.526
-0.5
2.693
0.24
3.049
1.378
2.566
1.65
2.899
0.755
0.934
-1.412
0.862
-0.157
3.459
0.593
-0.736
-0.1
3.377
2.093
-0.802
2.396
0.805
-0.678
1.873
0.63
1.66
-1.364
-1.975
2.222
1.035
3.122
0.974
1.702
0.863
1.704
1.651
-0.296
2.287
2.597
3.724
1.291
3.562
-1.326
1.507
0.478
2.329
1.192
1.882
0.325
3.961
-0.357
4.058
0.221
0.505
-0.798
-0.163
1.269
-0.333
-1.499
0.932
0.46
1.707
1.803
2.573
0.125
0.87
1.649
-0.19
1.529
1.562
1.539
1.04
2.274
1.66
1.027
2.54
0.261
0.539
0.742
1.708
0.209
3.63
-0.543
4.418
1.783
3.206
3.957
2.688
0.914
0.761
0.564
1.133
-0.048
2.106
1.128
0.304
0.949
2.603
2.346
0.0
0.954
-0.614
1.952
1.566
0.917
3.608
3.305
1.221
2.495
2.489
1.95
0.752
1.717
1.519
1.989
0.442
2.785
2.622
1.266
-0.056
1.879
-0.13
1.808
1.996
1.356
2.9
1.558
0.774
-0.314
2.684
4.411
1.422
0.687
1.674
1.67
-1.244
-0.168
0.773
0.326
2.353
1.057
1.718
0.543
0.772
0.85
1.997
2.469
-0.588
2.256
-2.533
0.825
1.349
2.96
0.298
2.299
-0.816
0.786
0.53
3.301
2.714
0.865
1.863
1.333
1.46
1.258
-0.421
0.136
0.74
0.676
2.771
-1.029
3.844
-0.981
3.0
0.939
1.306
0.697
1.756
1.458
2.704
1.844
2.71
1.456
1.121
1.163
2.693
1.49
0.982
1.035
0.762
2.073
1.56
2.62
1.762
0.012
3.464
4.629
-0.023
1.027
2.79
1.883
2.856
1.987
1.8
2.226
2.61
0.049
2.485
0.358
0.853
0.641
2.955
1.604
1.914
-0.832
-0.811
0.174
1.704
0.884
4.631
0.916
1.694
1.875
-0.264
0.495
0.546
-0.514
-0.611
1.159
2.372
0.131
2.089
0.68
3.255
1.274
2.546
1.662
-0.567
-0.681
0.184
1.493
-0.347
1.103
2.333
1.888
1.866
1.686
0.73
0.294
2.359
-0.488
2.401
-1.393
0.345
1.026
3.273
2.537
-0.766
0.884
4.319
3.82
-1.387
1.316
-0.133
1.228
2.024
1.887
1.814
1.972
1.628
0.775
0.625
-0.878
1.368
2.733
3.02
2.193
3.347
0.367
2.09
0.825
2.936
1.334
-0.095
0.874
-0.342
3.41
1.544
1.246
-0.714
2.486
0.74
-0.118
1.276
0.77
1.666
2.429
1.488
2.133
2.893
1.178
1.955
0.883
2.136
1.907
2.704
1.379
0.836
1.091
1.402
3.468
0.966
-0.288
1.673
3.822
1.833
-1.288
2.083
1.252
0.689
2.087
2.953
0.302
2.14
2.322
0.84
1.119
2.387
0.453
1.58
2.369
0.511
0.714
-0.917
1.436
0.744
-0.188
1.504
2.397
2.851
1.438
-0.08
0.97
1.426
1.776
1.289
1.515
-0.193
-0.385
2.984
0.501
0.323
1.035
0.227
-0.991
1.564
0.381
0.247
0.276
0.486
2.471
0.374
0.939
1.455
1.178
-0.336
0.605
2.18
0.939
-0.766
0.497
1.135
3.378
1.861
2.365
1.96
0.829
3.853
0.716
2.524
-1.033
1.065
0.666
-0.524
2.322
0.146
-0.321
2.304
1.74
1.255
2.094
-0.177
-0.337
-1.56
-0.049
1.476
2.824
3.853
0.125
2.173
1.819
2.685
1.441
1.667
1.544
0.701
2.35
1.803
1.164
-0.675
0.288
0.571
1.444
0.375
1.211
1.55
3.909
2.841
2.579
4.229
0.643
3.547
0.647
2.873
0.572
3.001
4.38
1.22
2.123
0.751
2.076
0.824
0.562
-0.068
0.672
-1.054
2.167
1.499
1.777
0.189
0.72
2.683
0.637
1.245
1.609
0.644
1.041
1.802
1.163
1.445
1.568
1.781
0.202
0.17
1.374
-0.123
-0.04
3.386
-0.044
1.167
1.724
1.779
1.489
0.967
1.365
1.61
1.067
0.319
1.262
1.952
1.155
2.97
3.839
1.384
2.024
1.415
0.641
0.568
1.326
0.264
1.008
-0.627
1.494
-0.951
3.091
0.18
0.144
1.241
2.487
2.3
3.048
-0.105
1.271
1.679
1.32
0.101
3.175
1.738
1.291
0.965
1.741
2.429
3.625
0.328
3.67
2.57
1.596
2.848
4.138
2.558
2.936
1.637
1.285
-0.21
1.72
-0.205
0.649
0.081
0.822
3.063
3.396
1.205
0.038
1.103
2.108
2.677
2.013
2.041
0.959
3.208
0.657
0.841
3.314
1.563
0.408
0.682
1.476
1.815
1.43
0.108
-0.29
0.164
4.209
2.397
0.138
1.509
2.155
1.49
2.935
1.194
0.904
2.155
2.467
0.346
-0.839
1.315
0.0
-0.943
3.507
0.311
2.654
0.666
2.414
2.449
0.964
3.424
1.94
-0.804
0.85
2.47
0.973
0.528
2.183
1.131
-0.928
2.178
2.973
1.508
0.809
1.295
1.071
-0.361
2.196
0.109
3.363
1.125
1.016
3.46
1.121
3.618
3.559
1.3
2.482
3.275
2.162
1.153
1.834
0.21
0.077
0.934
0.014
0.346
0.38
1.418
1.936
0.012
0.624
-0.4
0.701
2.203
-0.989
2.445
0.837
-1.413
0.325
0.139
0.415
-0.761
2.701
0.85
3.043
1.221
2.495
-0.734
2.703
2.098
2.029
1.743
-0.761
1.466
1.785
2.843
1.338
2.855
3.052
2.13
0.463
0.745
2.77
3.005
0.206
3.331
-0.085
1.776
2.27
1.736
1.871
1.293
0.392
1.752
1.873
1.157
0.18
1.377
0.852
-0.719
1.706
-0.987
1.287
1.468
1.644
0.414
1.156
3.012
1.223
1.564
-0.539
1.188
1.5
2.507
1.525
3.197
0.64
0.728
-0.448
1.466
0.54
2.776
1.701
0.916
0.9
-1.209
2.173
2.33
3.316
2.03
2.389
0.946
2.556
0.513
2.643
-1.931
0.081
0.996
4.277
-1.169
0.602
0.848
1.605
2.81
0.738
0.072
2.155
1.183
1.806
3.047
-0.203
0.931
1.461
3.11
-1.194
2.629
0.156
2.454
0.623
0.107
2.434
1.278
-1.635
0.553
1.517
-0.391
1.335
3.766
1.361
2.529
0.534
2.394
-1.344
2.228
3.974
1.929
1.574
3.687
2.011
1.12
0.675
-0.034
1.345
-0.801
0.173
1.682
2.792
1.622
0.252
1.062
2.194
1.137
1.952
1.939
0.133
2.838
2.254
0.278
-0.295
3.98
4.335
1.688
0.717
1.595
3.975
3.391
1.179
1.96
1.335
4.598
1.136
1.388
1.008
1.522
1.381
1.811
1.09
1.365
0.49
0.183
2.261
3.312
1.346
0.92
1.658
0.41
0.459
-0.071
0.177
0.145
1.072
2.953
1.646
1.344
2.843
1.682
-1.838
1.146
1.631
1.94
0.541
1.833
2.271
1.097
1.241
0.743
0.432
1.72
1.064
0.742
0.366
1.156
0.684
2.086
1.314
1.184
0.209
2.248
0.914
-0.72
-0.948
3.14
1.483
0.454
2.732
-1.121
-0.618
0.1
0.565
-1.555
0.397
1.479
0.99
-0.883
3.003
1.771
2.232
3.481
1.979
0.733
2.498
2.504
-0.465
1.925
2.751
0.223
2.563
1.866
0.55
2.367
-0.697
2.499
0.372
-1.097
1.759
2.235
0.722
0.572
1.945
-0.031
3.622
0.136
1.007
0.018
2.352
1.114
1.869
2.102
2.341
0.343
1.434
1.155
2.541
0.422
1.014
-0.295
1.626
0.477
1.523
0.537
1.085
1.516
4.837
0.108
2.356
-0.824
2.251
1.532
2.711
0.866
0.92
3.507
1.446
2.522
0.759
-2.391
0.321
2.204
0.438
1.812
-0.398
1.819
-1.146
2.963
0.239
4.811
2.937
3.002
1.821
-1.142
-0.233
0.503
0.153
2.907
1.404
1.295
2.298
1.69
0.355
0.831
3.938
2.378
1.584
-0.52
1.328
0.527
0.58
0.859
2.879
0.355
-0.025
1.955
1.774
-0.658
0.541
1.183
2.029
0.217
1.49
0.036
2.174
2.378
1.355
2.335
-0.954
0.973
0.352
-0.232
1.226
0.622
2.903
2.97
-0.69
0.878
0.835
1.294
0.5
3.792
2.01
0.393
0.538
2.197
1.7
1.5
1.61
1.857
2.69
2.454
3.345
0.737
2.898
1.827
0.522
2.905
0.007
1.699
2.031
-0.72
0.84
0.302
3.105
2.55
1.203
-0.17
-2.222
0.085
3.093
0.93
0.488
-1.104
1.034
1.758
1.786
1.893
0.609
2.468
1.107
0.697
2.456
2.535
0.745
1.291
2.256
0.43
0.938
2.687
4.776
0.143
0.495
0.174
0.467
0.715
2.295
2.424
0.1
4.235
2.277
-0.376
0.93
2.662
1.708
0.354
1.161
2.633
1.179
0.518
2.008
0.197
1.566
1.444
-0.826
1.32
0.525
1.475
1.149
0.435
2.494
1.229
0.322
2.852
-1.011
-1.648
0.75
3.454
0.033
0.954
0.448
1.351
1.396
-0.28
-0.178
1.408
1.93
0.844
2.088
0.965
-1.423
-0.103
-0.249
2.819
3.475
1.22
3.506
1.818
0.518
0.034
0.116
0.846
3.464
1.941
0.921
0.83
2.542
2.645
1.299
3.214
2.167
2.461
0.672
1.821
2.96
0.227
3.434
2.872
1.778
3.103
1.176
-0.244
2.273
0.772
0.292
1.617
1.06
4.438
0.359
0.197
2.138
2.527
0.019
1.313
0.692
-0.666
3.619
3.305
-0.05
2.243
0.986
2.071
0.977
2.514
0.709
0.804
-1.78
1.374
-0.11
0.291
1.588
1.653
1.94
1.239
0.255
1.942
0.539
1.297
1.774
1.161
-0.554
2.079
0.402
0.949
-0.003
2.018
1.783
3.693
-0.472
1.182
-0.722
0.618
0.098
0.751
0.375
1.196
0.694
1.671
0.261
2.713
1.895
2.459
1.817
1.565
0.306
1.486
4.227
1.344
0.628
2.567
1.421
1.139
0.871
-0.115
-0.956
1.144
0.038
0.858
0.062
0.347
3.741
1.781
-0.6
1.314
2.015
2.593
2.566
1.65
-0.823
2.303
1.501
1.66
3.624
1.192
2.219
2.564
0.191
1.913
-0.074
0.717
1.349
3.266
2.194
-0.633
-1.67
2.513
1.246
1.519
-1.629
-1.407
0.142
0.462
0.58
1.369
4.136
2.519
1.758
0.33
3.629
0.468
1.368
1.583
0.769
1.373
1.131
0.427
0.034
-1.131
3.663
1.091
3.292
0.574
1.804
3.086
-0.2
-0.992
3.522
0.147
0.417
-0.172
0.986
1.493
2.541
0.808
2.203
1.143
2.085
0.525
-1.925
2.185
3.896
3.267
1.12
0.834
1.168
-1.03
1.402
0.416
1.464
2.036
2.812
2.128
0.407
1.258
-0.533
2.455
1.35
0.475
2.196
0.902
2.112
-0.463
1.369
0.79
2.157
1.337
3.419
0.037
0.169
2.259
1.731
1.621
1.381
0.531
1.886
2.221
2.347
1.218
2.216
0.596
-0.787
0.771
0.398
2.325
0.563
1.638
1.966
1.438
2.257
1.546
0.196
1.459
0.96
0.657
-0.535
-0.177
0.956
0.989
-0.309
2.261
3.307
1.096
2.732
2.26
1.591
-2.106
2.281
0.247
1.767
1.151
1.484
2.619
2.4
0.765
3.553
1.078
-0.58
1.03
1.429
0.702
0.059
2.499
2.883
0.938
1.732
1.109
1.391
0.469
2.008
-0.568
2.196
0.572
1.144
1.042
1.555
2.954
1.469
3.683
4.276
1.242
0.417
0.713
-1.492
-1.548
3.347
1.442
1.387
1.188
-2.155
1.004
5.006
1.459
-1.74
1.558
3.73
0.252
2.836
0.116
3.664
2.414
1.937
0.734
1.682
-1.437
-0.482
-0.453
-1.981
-0.293
1.703
3.259
1.38
1.377
1.924
3.735
1.273
2.338
4.172
1.134
-1.004
2.845
-1.422
0.638
0.583
0.604
1.105
0.96
-0.086
1.241
3.034
2.04
2.3
1.9
-0.948
2.65
1.425
1.459
-0.568
-0.138
1.156
0.487
1.096
1.532
3.182
1.43
0.102
-2.221
0.463
-0.012
1.144
-0.24
1.195
0.747
0.364
0.749
1.897
-0.032
1.149
2.511
2.264
1.721
0.242
2.881
0.149
0.961
2.936
-1.449
1.062
1.189
2.398
1.373
-1.646
2.403
1.245
0.906
0.649
2.605
2.213
1.485
2.039
1.89
1.78
1.394
1.484
2.418
3.248
1.142
3.614
1.219
1.26
1.402
0.188
1.97
0.66
-0.24
1.111
2.238
4.219
2.197
1.955
1.12
2.565
2.109
1.846
0.414
1.356
2.096
2.361
-0.797
1.899
3.755
-0.506
3.709
1.832
1.386
-0.606
1.285
2.068
-0.141
3.333
1.542
2.783
0.38
2.352
0.757
2.264
1.198
0.353
1.516
1.495
3.521
0.806
0.177
2.234
1.299
3.633
0.026
1.29
0.437
-0.087
0.432
-0.933
1.745
1.719
3.434
1.579
1.149
2.246
0.946
1.987
-0.307
2.078
0.03
1.975
3.044
-1.039
-0.371
1.388
2.776
1.763
-0.197
2.374
-0.71
0.723
2.743
3.47
2.187
3.001
2.15
1.965
2.039
1.682
-1.854
2.153
1.407
-0.078
0.351
1.938
2.372
2.161
2.51
0.08
0.411
1.863
1.613
0.582
-0.542
1.621
2.825
2.431
2.085
-0.628
1.679
2.421
3.474
2.574
-1.093
-1.19
0.921
-0.096
-0.38
0.823
2.108
0.985
0.862
1.603
0.923
2.34
3.747
0.643
2.659
1.522
1.477
-1.229
3.267
2.209
1.543
2.648
2.488
0.048
-0.603
0.992
1.541
3.828
1.15
0.753
0.505
1.935
1.887
3.322
0.185
1.982
1.183
0.491
1.21
2.887
0.173
1.074
2.215
2.399
1.005
1.054
2.777
3.363
2.94
2.055
2.754
-0.391
1.042
1.137
0.507
1.42
0.215
0.768
3.128
1.465
1.809
1.808
2.763
4.315
1.171
2.378
1.582
3.553
1.511
1.129
2.792
3.522
1.56
2.29
2.824
0.205
0.219
2.647
0.281
1.854
-0.537
0.439
0.953
0.439
0.388
1.576
-0.385
-2.466
1.383
0.625
1.871
0.114
-0.826
3.246
-2.506
0.739
0.992
1.494
4.043
0.615
-1.783
3.056
1.397
1.816
1.303
1.099
0.645
1.354
1.192
0.95
1.391
0.292
-0.213
2.041
1.389
0.768
1.389
-0.929
-0.467
2.403
3.404
-1.143
0.157
5.492
0.309
1.008
3.239
-0.059
0.391
0.659
1.603
0.789
2.061
3.068
0.283
1.177
2.664
2.757
1.736
0.864
0.9
2.011
1.677
-0.337
0.807
0.484
-0.303
2.705
4.542
0.365
2.015
0.116
-0.615
2.449
0.358
2.404
2.718
3.007
-0.273
1.118
1.25
2.191
0.757
0.869
1.707
-0.042
1.07
1.417
-1.258
1.508
2.183
2.019
1.105
-2.003
3.763
1.94
2.698
3.126
0.916
1.092
2.268
0.627
3.732
1.67
1.008
2.634
-0.43
1.374
0.37
0.519
0.749
1.677
1.15
1.213
-0.755
2.367
1.648
2.898
0.507
0.329
1.179
1.199
3.592
0.759
2.042
0.758
0.96
1.665
2.867
0.237
0.834
0.621
-0.087
2.018
2.043
0.439
-1.392
0.871
1.132
2.066
1.203
0.909
0.201
1.578
2.246
3.258
4.214
-0.946
1.729
0.763
1.89
-1.124
0.78
3.329
1.829
-0.66
1.615
0.566
1.291
0.962
2.859
1.164
2.243
2.079
1.26
0.828
0.373
-0.162
2.529
0.108
2.306
-0.073
1.474
0.319
1.944
1.44
1.584
1.807
0.967
1.254
2.941
1.389
-1.239
0.47
1.209
0.58
0.782
1.683
1.331
3.062
2.738
-0.186
0.179
